replicate,gen,pop-id,pop-size,hetero,mean-phenotype,optimal-phenotype
1,1,p1,500,0,0,50
1,2,p1,173,7.49273e-07,0.0354999,50
1,3,p1,139,8.60204e-07,-0.0292724,50
1,4,p1,90,1.10123e-06,0.00589578,50
1,5,p1,114,1.39274e-06,0.0169975,50
1,6,p1,111,1.25477e-06,-0.00808804,50
1,7,p1,150,2.56422e-06,-0.0654224,50
1,8,p1,118,3.74713e-06,-0.098383,50
1,9,p1,125,3.26848e-06,-0.120084,50
1,10,p1,136,3.58077e-06,-0.121236,50
1,11,p1,100,3.488e-06,-0.121708,50
1,12,p1,149,4.85766e-06,-0.0382297,50
1,13,p1,136,4.90187e-06,-0.0810996,50
1,14,p1,122,6.26344e-06,-0.166976,50
1,15,p1,109,6.29871e-06,-0.105431,50
1,16,p1,203,5.1689e-06,-0.108606,50
1,17,p1,167,6.50364e-06,-0.169237,50
1,18,p1,181,4.08901e-06,-0.211055,50
1,19,p1,98,5.1489e-06,-0.0808782,50
1,20,p1,173,7.61886e-06,-0.141523,50
1,21,p1,131,6.93345e-06,-0.0272154,50
1,22,p1,153,5.89175e-06,-0.0329679,50
1,23,p1,107,6.97179e-06,-0.112272,50
1,24,p1,132,5.68239e-06,-0.0498969,50
1,25,p1,142,5.55049e-06,-0.0182527,50
1,26,p1,129,5.14993e-06,-0.00684601,50
1,27,p1,118,5.37238e-06,-0.23627,50
1,28,p1,148,5.68298e-06,0.0447733,50
1,29,p1,133,5.86438e-06,-0.152521,50
1,30,p1,111,7.10413e-06,-0.130483,50
1,31,p1,149,7.08459e-06,0.0659729,50
1,32,p1,130,1.00089e-05,0.124556,50
1,33,p1,154,8.77298e-06,0.137571,50
1,34,p1,129,8.15756e-06,0.105519,50
1,35,p1,191,8.95864e-06,-0.131373,50
1,36,p1,118,1.03279e-05,0.12312,50
1,37,p1,143,1.0633e-05,0.453636,50
1,38,p1,139,1.15318e-05,0.162435,50
1,39,p1,168,1.38382e-05,0.273554,50
1,200,p1,144,2.83073e-05,-2.33898,20
1,201,p1,157,2.47006e-05,-2.87678,20
1,202,p1,128,3.33179e-05,-2.68782,20
1,203,p1,123,3.18051e-05,-2.9328,20
1,204,p1,179,2.63113e-05,-2.79765,20
1,205,p1,135,2.24477e-05,-2.77214,20
1,206,p1,124,1.89825e-05,-2.56901,20
1,207,p1,147,1.84476e-05,-3.02286,20
1,208,p1,109,1.87223e-05,-2.8094,20
1,209,p1,174,1.76027e-05,-2.58341,20
1,210,p1,157,1.82598e-05,-2.39364,20
1,211,p1,151,1.77413e-05,-2.4099,20
1,212,p1,137,1.6292e-05,-2.37073,20
1,213,p1,142,1.63616e-05,-2.05874,20
1,214,p1,165,1.7032e-05,-2.30604,20
1,215,p1,136,1.51357e-05,-2.23744,20
1,216,p1,134,1.40246e-05,-2.49574,20
1,217,p1,127,1.47681e-05,-2.13463,20
1,218,p1,129,1.41722e-05,-2.13365,20
1,40,p1,145,1.15565e-05,0.135038,50
1,41,p1,113,1.47564e-05,0.518933,50
1,42,p1,156,1.10959e-05,-0.00766191,50
1,43,p1,155,1.36683e-05,0.722607,50
1,44,p1,108,1.16902e-05,0.54892,50
1,45,p1,101,1.06161e-05,0.221719,50
1,46,p1,146,1.36147e-05,0.470488,50
1,47,p1,135,1.35791e-05,0.321368,50
1,48,p1,117,1.51479e-05,0.810936,50
1,49,p1,117,1.91847e-05,0.934678,50
1,219,p1,146,1.36588e-05,-2.36216,20
1,220,p1,121,1.30449e-05,-2.41993,20
1,221,p1,132,1.33726e-05,-2.24802,20
1,222,p1,180,1.10941e-05,-2.56398,20
1,223,p1,120,1.07122e-05,-2.83853,20
1,224,p1,86,1.08761e-05,-3.18803,20
1,225,p1,141,1.01642e-05,-2.82616,20
1,226,p1,131,1.1268e-05,-3.20831,20
1,227,p1,148,1.18809e-05,-3.65191,20
1,228,p1,135,1.13885e-05,-3.52203,20
1,229,p1,120,1.36181e-05,-3.80077,20
1,230,p1,165,1.38103e-05,-3.82498,20
1,231,p1,139,1.48209e-05,-3.60011,20
1,200,p1,1219,5.43336e-05,10.0122,10
1,201,p1,1121,5.45703e-05,10.0369,10
1,300,p1,120,3.55326e-05,-0.684004,30
1,301,p1,107,2.89619e-05,-0.215099,30
1,302,p1,160,2.7609e-05,-0.532275,30
1,303,p1,90,3.45167e-05,-0.723004,30
1,304,p1,101,3.70611e-05,-0.533908,30
1,305,p1,174,3.23718e-05,-0.82499,30
1,306,p1,121,3.11198e-05,-0.297664,30
1,307,p1,101,3.40937e-05,-0.696447,30
1,308,p1,154,3.77815e-05,-0.747979,30
1,309,p1,155,3.00805e-05,-1.24374,30
1,310,p1,149,3.0545e-05,-1.3957,30
1,311,p1,120,3.37517e-05,-1.44641,30
1,312,p1,152,3.34213e-05,-1.47417,30
1,313,p1,120,2.80431e-05,-1.50196,30
1,314,p1,141,2.60417e-05,-1.85574,30
1,315,p1,157,3.135e-05,-1.78887,30
1,316,p1,147,3.11717e-05,-1.9514,30
1,317,p1,122,2.52294e-05,-1.96584,30
1,318,p1,158,2.80055e-05,-1.92499,30
1,319,p1,125,2.83661e-05,-2.35981,30
1,320,p1,138,2.57501e-05,-2.28794,30
1,321,p1,116,2.97157e-05,-1.72122,30
1,322,p1,153,3.35412e-05,-1.65453,30
1,323,p1,121,2.97237e-05,-1.91837,30
1,324,p1,150,3.29916e-05,-1.72581,30
1,202,p1,1150,5.74527e-05,9.9945,10
1,203,p1,1183,5.59158e-05,9.98548,10
1,325,p1,157,3.0344e-05,-1.80434,30
1,326,p1,142,3.5275e-05,-1.91913,30
1,327,p1,139,3.38862e-05,-1.75207,30
1,232,p1,163,1.54232e-05,-3.71151,20
1,328,p1,102,3.19416e-05,-1.74517,30
1,233,p1,143,1.88058e-05,-3.60517,20
1,329,p1,119,3.26746e-05,-1.80197,30
1,234,p1,82,1.79402e-05,-3.97715,20
1,330,p1,169,2.95413e-05,-1.8777,30
1,235,p1,139,1.65954e-05,-3.8336,20
1,331,p1,131,3.3413e-05,-2.20218,30
1,236,p1,154,1.40485e-05,-4.70376,20
1,332,p1,157,3.61353e-05,-2.07001,30
1,237,p1,152,1.53333e-05,-4.6962,20
1,238,p1,118,1.51217e-05,-4.48027,20
1,333,p1,165,3.6908e-05,-2.04153,30
1,239,p1,132,1.42608e-05,-4.92649,20
1,334,p1,111,3.25615e-05,-1.65203,30
1,240,p1,148,1.59204e-05,-4.84692,20
1,335,p1,135,2.99981e-05,-1.72311,30
1,241,p1,151,1.64436e-05,-4.88804,20
1,336,p1,159,3.34213e-05,-1.574,30
1,242,p1,146,1.60307e-05,-4.92204,20
1,243,p1,173,1.57122e-05,-4.97174,20
1,204,p1,1270,5.60541e-05,10.0575,10
1,337,p1,126,3.3287e-05,-1.21676,30
1,338,p1,127,3.00735e-05,-0.82761,30
1,339,p1,173,3.47477e-05,-0.933395,30
1,340,p1,134,3.91738e-05,-1.29766,30
1,341,p1,125,4.10736e-05,-0.791209,30
1,342,p1,163,4.11747e-05,-1.16934,30
1,343,p1,162,4.45165e-05,-0.937881,30
1,344,p1,128,4.69781e-05,-1.1088,30
1,345,p1,168,4.66725e-05,-1.01944,30
1,346,p1,147,4.99975e-05,-1.28885,30
1,347,p1,147,4.77951e-05,-1.07315,30
1,348,p1,94,4.71831e-05,-0.989389,30
1,349,p1,114,4.65732e-05,-1.02763,30
1,205,p1,1190,5.73495e-05,9.99559,10
1,206,p1,1119,5.64287e-05,10.0059,10
1,244,p1,116,1.41565e-05,-5.17784,20
1,245,p1,160,1.42012e-05,-4.97312,20
1,246,p1,148,1.55207e-05,-4.87091,20
1,247,p1,125,1.64298e-05,-4.76157,20
1,248,p1,103,1.66038e-05,-4.63832,20
1,249,p1,111,1.41669e-05,-5.04669,20
1,207,p1,1068,5.40684e-05,10.0024,10
1,208,p1,1258,5.57286e-05,10.0476,10
1,350,p1,105,3.58912e-05,0.269137,100
1,351,p1,160,3.81146e-05,0.22039,100
1,352,p1,131,3.89916e-05,0.10946,100
1,353,p1,116,4.00944e-05,-0.0832947,100
1,354,p1,130,3.97414e-05,0.0176206,100
1,355,p1,154,3.9261e-05,0.341209,100
1,356,p1,147,4.15415e-05,0.399196,100
1,357,p1,138,4.36308e-05,0.0889271,100
1,358,p1,98,4.56794e-05,-0.310687,100
1,359,p1,157,4.64268e-05,-0.177675,100
1,360,p1,144,4.5917e-05,-0.0239665,100
1,361,p1,98,4.34767e-05,0.410797,100
1,362,p1,112,4.27675e-05,0.393365,100
1,363,p1,179,4.37413e-05,0.3184,100
1,364,p1,102,4.95579e-05,-0.271225,100
1,365,p1,118,4.88531e-05,-0.51693,100
1,366,p1,167,4.6786e-05,-0.214585,100
1,367,p1,154,4.93445e-05,-0.127819,100
1,368,p1,107,4.99572e-05,-0.656292,100
1,369,p1,120,4.70573e-05,-0.829918,100
1,370,p1,135,5.22337e-05,-0.634785,100
1,371,p1,156,5.07575e-05,-0.711608,100
1,372,p1,150,4.73771e-05,-0.805579,100
1,373,p1,92,4.83247e-05,-1.32065,100
1,374,p1,126,5.09725e-05,-1.10642,100
1,375,p1,157,4.81381e-05,-0.97077,100
1,376,p1,142,4.44413e-05,-1.14807,100
1,377,p1,107,5.07455e-05,-0.709645,100
1,378,p1,155,5.10497e-05,-0.761841,100
1,379,p1,131,5.25042e-05,-1.09659,100
1,380,p1,183,4.81301e-05,-1.04779,100
1,381,p1,140,5.50929e-05,-0.881366,100
1,382,p1,167,5.57969e-05,-0.386581,100
1,383,p1,145,4.59315e-05,-0.431873,100
1,384,p1,99,4.5829e-05,-0.285539,100
1,385,p1,124,4.31764e-05,-0.123956,100
1,386,p1,161,4.32373e-05,-0.000114903,100
1,387,p1,154,4.6623e-05,0.0254575,100
1,388,p1,117,4.33118e-05,0.15526,100
1,389,p1,157,4.36837e-05,0.240132,100
1,390,p1,134,4.18039e-05,-0.396601,100
1,391,p1,106,3.99106e-05,-0.0562144,100
1,392,p1,146,4.12711e-05,0.0338637,100
1,393,p1,199,4.3474e-05,-0.184693,100
1,394,p1,92,3.861e-05,-0.35708,100
1,395,p1,121,3.26638e-05,-0.188216,100
1,396,p1,167,3.66001e-05,-0.248262,100
1,397,p1,129,3.4299e-05,-0.451901,100
1,398,p1,115,3.75486e-05,-0.281091,100
1,399,p1,141,3.69755e-05,-0.0910951,100
1,209,p1,1279,5.60807e-05,10.0382,10
1,210,p1,1154,5.52756e-05,10.0418,10
1,211,p1,1144,5.59652e-05,10.018,10
1,212,p1,1305,5.87322e-05,9.97703,10
1,213,p1,1246,5.8019e-05,9.96873,10
1,250,p1,132,1.53633e-05,-5.0288,20
1,251,p1,149,1.37086e-05,-5.41038,20
1,350,p1,145,4.89845e-05,-1.08558,30
1,351,p1,183,5.0669e-05,-1.28359,30
1,352,p1,152,5.06521e-05,-1.19349,30
1,353,p1,112,4.8247e-05,-0.930907,30
1,354,p1,122,4.82055e-05,-0.794745,30
1,355,p1,156,4.84184e-05,-1.00221,30
1,356,p1,104,4.77764e-05,-0.591194,30
1,357,p1,166,4.7451e-05,-0.57545,30
1,358,p1,112,4.91809e-05,-0.183743,30
1,359,p1,123,5.24684e-05,-0.259687,30
1,360,p1,113,4.97271e-05,-0.667505,30
1,361,p1,154,4.95613e-05,-0.967443,30
1,362,p1,177,4.62715e-05,-0.121334,30
1,363,p1,119,5.10769e-05,-0.899667,30
1,252,p1,113,1.56171e-05,-4.95511,20
1,253,p1,160,1.46568e-05,-5.49262,20
1,254,p1,119,1.3891e-05,-5.4689,20
1,255,p1,146,1.35021e-05,-5.51714,20
1,256,p1,140,1.32661e-05,-5.36111,20
1,257,p1,119,1.53022e-05,-5.32104,20
1,258,p1,144,1.78836e-05,-4.43467,20
1,259,p1,143,1.46689e-05,-5.03775,20
1,260,p1,107,1.6867e-05,-5.07214,20
1,261,p1,144,1.73158e-05,-4.74372,20
1,262,p1,116,1.51438e-05,-5.16785,20
1,364,p1,107,4.82173e-05,-1.08255,30
1,365,p1,142,4.9293e-05,-0.700678,30
1,366,p1,185,5.04336e-05,-0.884584,30
1,367,p1,149,4.93302e-05,-0.466438,30
1,368,p1,170,5.18486e-05,-0.618953,30
1,263,p1,138,1.50648e-05,-5.04546,20
1,264,p1,176,1.80244e-05,-4.58128,20
1,265,p1,122,1.75769e-05,-4.79074,20
1,266,p1,140,1.6423e-05,-4.92379,20
1,267,p1,127,1.91022e-05,-4.74263,20
1,268,p1,110,1.72579e-05,-5.16049,20
1,369,p1,75,5.07876e-05,-0.464099,30
1,370,p1,129,4.99008e-05,-0.479056,30
1,371,p1,137,4.97325e-05,-0.333434,30
1,372,p1,154,4.65643e-05,-0.430322,30
1,373,p1,97,4.51073e-05,-0.598512,30
1,374,p1,141,4.63271e-05,-0.654636,30
1,375,p1,142,4.60948e-05,-1.18843,30
1,376,p1,127,4.31214e-05,-1.40667,30
1,377,p1,134,4.42487e-05,-1.17955,30
1,378,p1,158,4.63375e-05,-1.0204,30
1,379,p1,139,4.34266e-05,-1.29675,30
1,380,p1,156,3.95959e-05,-1.82912,30
1,381,p1,101,4.34354e-05,-1.60996,30
1,382,p1,181,4.41533e-05,-1.46494,30
1,383,p1,177,4.35941e-05,-1.02877,30
1,384,p1,150,4.461e-05,-1.42961,30
1,385,p1,128,4.56375e-05,-1.11271,30
1,386,p1,153,4.49056e-05,-1.20578,30
1,387,p1,176,4.56305e-05,-1.25572,30
1,388,p1,114,4.4259e-05,-1.5824,30
1,389,p1,146,4.47211e-05,-1.48254,30
1,390,p1,166,4.14897e-05,-1.73029,30
1,391,p1,114,4.00123e-05,-1.7784,30
1,392,p1,114,4.17805e-05,-1.33132,30
1,269,p1,153,1.95271e-05,-4.83476,20
1,270,p1,134,1.99916e-05,-4.42946,20
1,271,p1,148,2.07426e-05,-4.66575,20
1,272,p1,178,2.31981e-05,-4.3702,20
1,273,p1,81,2.29264e-05,-4.44942,20
1,274,p1,167,2.4038e-05,-4.29679,20
1,275,p1,181,2.31243e-05,-4.40522,20
1,276,p1,147,2.52897e-05,-3.84437,20
1,277,p1,86,2.13899e-05,-4.59462,20
1,278,p1,140,2.15753e-05,-4.72727,20
1,279,p1,151,2.32132e-05,-4.49879,20
1,280,p1,133,2.28241e-05,-4.62776,20
1,281,p1,122,2.21553e-05,-4.94351,20
1,282,p1,109,2.17292e-05,-5.0106,20
1,283,p1,146,1.78214e-05,-5.17969,20
1,284,p1,128,2.0683e-05,-4.96102,20
1,285,p1,103,1.70662e-05,-5.60513,20
1,50,p1,135,1.61737e-05,0.625044,50
1,51,p1,138,1.62629e-05,0.514829,50
1,52,p1,136,1.87003e-05,0.92361,50
1,53,p1,175,2.0714e-05,1.36298,50
1,54,p1,109,2.21412e-05,1.375,50
1,55,p1,156,2.17071e-05,1.02757,50
1,56,p1,129,2.45349e-05,1.58224,50
1,57,p1,155,2.2565e-05,1.43517,50
1,58,p1,117,2.78983e-05,1.55346,50
1,59,p1,108,2.76582e-05,1.20209,50
1,60,p1,114,2.47076e-05,1.31003,50
1,61,p1,163,2.57492e-05,1.41139,50
1,62,p1,101,2.72743e-05,1.44849,50
1,63,p1,132,2.34051e-05,0.851126,50
1,393,p1,135,4.01866e-05,-1.74643,30
1,394,p1,145,4.18064e-05,-1.46371,30
1,395,p1,115,4.33168e-05,-1.50102,30
1,396,p1,132,4.5305e-05,-1.3316,30
1,397,p1,173,4.47791e-05,-1.17194,30
1,398,p1,122,4.36993e-05,-1.20604,30
1,399,p1,137,4.36598e-05,-1.28059,30
1,286,p1,133,2.1095e-05,-5.18557,20
1,287,p1,136,2.26844e-05,-4.86502,20
1,288,p1,128,2.31262e-05,-5.03095,20
1,289,p1,136,2.42033e-05,-5.1613,20
1,290,p1,159,2.6812e-05,-4.883,20
1,291,p1,145,2.18946e-05,-5.44919,20
1,214,p1,1178,5.63474e-05,9.99096,10
1,215,p1,1248,5.58806e-05,9.95257,10
1,216,p1,1139,5.4153e-05,9.96112,10
1,64,p1,165,2.9195e-05,1.37646,50
1,65,p1,102,2.9443e-05,1.39312,50
1,66,p1,147,2.81281e-05,1.2939,50
1,67,p1,146,3.07518e-05,1.4296,50
1,68,p1,94,3.03871e-05,1.43803,50
1,69,p1,148,2.92677e-05,1.06982,50
1,70,p1,143,2.69852e-05,0.683095,50
1,71,p1,141,3.09378e-05,1.49144,50
1,72,p1,145,2.7907e-05,0.822496,50
1,73,p1,114,2.27709e-05,0.6888,50
1,74,p1,116,2.21715e-05,-0.0928124,50
1,75,p1,158,2.49752e-05,-0.110816,50
1,76,p1,138,2.55671e-05,0.216504,50
1,77,p1,144,2.48136e-05,0.203342,50
1,78,p1,125,2.76819e-05,-0.0889186,50
1,79,p1,132,2.75766e-05,0.0236954,50
1,80,p1,169,2.6633e-05,-0.112055,50
1,81,p1,134,2.89488e-05,0.0219992,50
1,82,p1,144,3.05418e-05,0.185793,50
1,83,p1,109,2.64208e-05,0.158726,50
1,84,p1,152,2.29131e-05,-0.200102,50
1,85,p1,147,2.09362e-05,-0.249575,50
1,86,p1,96,2.28483e-05,-0.634086,50
1,87,p1,153,2.22842e-05,-0.145466,50
1,88,p1,139,2.59588e-05,-0.378277,50
1,292,p1,168,2.1017e-05,-5.36203,20
1,293,p1,144,2.0658e-05,-5.64892,20
1,294,p1,94,2.14571e-05,-5.72789,20
1,295,p1,142,2.31487e-05,-5.33508,20
1,296,p1,154,2.39079e-05,-5.33256,20
1,297,p1,87,2.21681e-05,-5.21856,20
1,298,p1,129,2.39829e-05,-4.99528,20
1,299,p1,118,2.31352e-05,-5.01235,20
1,217,p1,1321,5.51473e-05,9.91333,10
1,218,p1,1286,5.30901e-05,9.96082,10
1,219,p1,1177,5.36085e-05,9.94146,10
1,220,p1,1189,5.38367e-05,9.9666,10
1,89,p1,108,2.20053e-05,0.180734,50
1,90,p1,124,2.53362e-05,0.339109,50
1,91,p1,132,2.72678e-05,0.0786671,50
1,92,p1,144,3.0787e-05,-0.152324,50
1,93,p1,152,3.46009e-05,-0.328373,50
1,94,p1,123,3.42825e-05,0.26552,50
1,95,p1,166,3.65247e-05,-0.0025351,50
1,96,p1,99,3.8343e-05,-0.117644,50
1,97,p1,148,3.95515e-05,-0.260172,50
1,98,p1,137,3.83441e-05,-0.0214903,50
1,99,p1,118,3.5623e-05,0.120501,50
1,221,p1,1222,5.29555e-05,9.96344,10
1,400,p1,148,4.61496e-05,-1.14721,30
1,401,p1,106,4.72179e-05,-0.928654,30
1,222,p1,1315,5.43658e-05,9.9815,10
1,402,p1,137,4.77804e-05,-0.751876,30
1,403,p1,147,4.64904e-05,-0.659517,30
1,223,p1,1181,5.18553e-05,9.99159,10
1,404,p1,103,5.01433e-05,-1.42892,30
1,405,p1,142,5.21531e-05,-1.39112,30
1,406,p1,140,5.25508e-05,-1.38561,30
1,407,p1,152,5.23706e-05,-1.86091,30
1,408,p1,108,5.33149e-05,-2.01953,30
1,224,p1,1351,5.34891e-05,9.97724,10
1,225,p1,1308,5.30323e-05,9.98708,10
1,226,p1,1196,5.3507e-05,10.0292,10
1,409,p1,148,5.39342e-05,-2.38667,30
1,410,p1,135,5.38653e-05,-2.35928,30
1,411,p1,135,5.59358e-05,-2.44998,30
1,412,p1,199,5.75282e-05,-2.01417,30
1,413,p1,139,5.90352e-05,-1.5464,30
1,414,p1,151,6.00221e-05,-1.79407,30
1,415,p1,152,5.80283e-05,-1.66469,30
1,416,p1,113,6.51511e-05,-2.57502,30
1,417,p1,164,6.58628e-05,-2.27359,30
1,418,p1,126,6.62365e-05,-1.92695,30
1,227,p1,1231,5.33934e-05,10.0445,10
1,228,p1,1355,5.29311e-05,10.0364,10
1,419,p1,149,6.53838e-05,-2.0672,30
1,420,p1,139,6.56778e-05,-2.2062,30
1,421,p1,103,7.14139e-05,-2.7707,30
1,422,p1,180,6.86435e-05,-2.6242,30
1,423,p1,111,6.49984e-05,-2.36552,30
1,229,p1,1226,5.22306e-05,10.0411,10
1,230,p1,1303,5.29522e-05,10.0287,10
1,231,p1,1252,5.40474e-05,10.0193,10
1,232,p1,1156,5.27262e-05,10.0222,10
1,424,p1,102,6.46751e-05,-2.19392,30
1,425,p1,135,6.83141e-05,-2.98299,30
1,426,p1,194,6.73087e-05,-2.64589,30
1,427,p1,134,6.96681e-05,-2.96079,30
1,428,p1,96,6.63715e-05,-2.60412,30
1,429,p1,135,6.76905e-05,-3.00441,30
1,430,p1,119,6.55046e-05,-2.49927,30
1,431,p1,142,6.78662e-05,-3.02277,30
1,432,p1,80,6.62922e-05,-2.65498,30
1,433,p1,120,6.45285e-05,-2.42222,30
1,434,p1,223,6.62238e-05,-3.28269,30
1,435,p1,115,6.06284e-05,-2.43422,30
1,233,p1,1192,5.23267e-05,10.015,10
1,234,p1,1355,5.44678e-05,10.027,10
1,436,p1,128,6.12811e-05,-2.94371,30
1,437,p1,150,6.45527e-05,-3.08627,30
1,438,p1,132,5.98703e-05,-2.70045,30
1,439,p1,120,5.47149e-05,-2.63709,30
1,440,p1,147,6.03517e-05,-2.94039,30
1,441,p1,131,6.29139e-05,-2.98764,30
1,442,p1,164,6.2242e-05,-3.06258,30
1,443,p1,117,6.56001e-05,-3.29629,30
1,444,p1,153,6.44577e-05,-3.06165,30
1,445,p1,213,6.39303e-05,-3.05726,30
1,446,p1,65,6.24923e-05,-2.98052,30
1,447,p1,111,6.45536e-05,-3.01755,30
1,448,p1,160,6.73803e-05,-3.15486,30
1,449,p1,147,6.0699e-05,-2.73251,30
1,450,p1,136,5.91317e-05,-2.56604,30
1,451,p1,158,6.14984e-05,-2.70851,30
1,452,p1,122,6.24812e-05,-2.75747,30
1,453,p1,150,6.6582e-05,-2.75911,30
1,454,p1,140,6.95186e-05,-3.14413,30
1,455,p1,129,6.93122e-05,-3.12283,30
1,456,p1,133,7.07954e-05,-3.30891,30
1,457,p1,116,6.93393e-05,-3.40563,30
1,458,p1,173,7.03543e-05,-3.63131,30
1,459,p1,112,7.04353e-05,-4.20398,30
1,460,p1,147,6.77044e-05,-4.19742,30
1,300,p1,135,2.25904e-05,-5.15016,20
1,301,p1,108,2.04227e-05,-5.18948,20
1,302,p1,150,2.20704e-05,-5.20153,20
1,303,p1,165,2.4467e-05,-5.01003,20
1,304,p1,100,2.442e-05,-4.95866,20
1,305,p1,110,2.60616e-05,-4.79757,20
1,306,p1,155,2.84487e-05,-4.66128,20
1,307,p1,118,2.64949e-05,-4.67744,20
1,308,p1,91,2.52904e-05,-4.73445,20
1,309,p1,182,2.58092e-05,-4.66726,20
1,310,p1,115,2.78597e-05,-4.6322,20
1,311,p1,102,2.73606e-05,-4.79846,20
1,312,p1,178,2.92877e-05,-4.94544,20
1,313,p1,124,2.65433e-05,-5.09079,20
1,314,p1,162,2.70833e-05,-5.1677,20
1,315,p1,117,2.8051e-05,-5.25032,20
1,316,p1,156,2.83697e-05,-5.16252,20
1,317,p1,157,2.9119e-05,-5.01819,20
1,318,p1,154,2.8434e-05,-4.96567,20
1,319,p1,72,2.71364e-05,-5.00631,20
1,320,p1,154,2.74597e-05,-4.99002,20
1,321,p1,153,2.69648e-05,-5.06414,20
1,322,p1,103,2.70732e-05,-4.87472,20
1,323,p1,104,2.57919e-05,-4.8122,20
1,324,p1,161,2.44701e-05,-4.80852,20
1,325,p1,92,2.46467e-05,-5.02827,20
1,326,p1,133,2.51475e-05,-5.1069,20
1,327,p1,126,2.24455e-05,-4.91816,20
1,328,p1,84,2.21471e-05,-5.02353,20
1,329,p1,147,2.23342e-05,-4.84682,20
1,330,p1,145,2.31322e-05,-4.81085,20
1,331,p1,113,2.27994e-05,-5.03616,20
1,332,p1,108,2.07849e-05,-5.30249,20
1,333,p1,131,2.36184e-05,-5.38035,20
1,334,p1,113,2.25491e-05,-5.58758,20
1,335,p1,117,2.25685e-05,-5.22539,20
1,336,p1,164,2.34461e-05,-5.11422,20
1,337,p1,157,2.33064e-05,-5.70725,20
1,338,p1,138,2.31866e-05,-6.01184,20
1,339,p1,140,2.06628e-05,-5.98204,20
1,340,p1,143,2.501e-05,-5.8679,20
1,341,p1,140,2.75145e-05,-5.90519,20
1,342,p1,143,2.59475e-05,-6.20395,20
1,343,p1,144,2.96255e-05,-6.35313,20
1,461,p1,123,6.59829e-05,-4.01116,30
1,462,p1,138,6.71705e-05,-3.92372,30
1,463,p1,168,6.63999e-05,-3.89595,30
1,464,p1,125,6.12941e-05,-3.68073,30
1,465,p1,128,6.64975e-05,-3.77275,30
1,466,p1,161,6.70987e-05,-3.81032,30
1,467,p1,139,6.83598e-05,-4.23765,30
1,468,p1,133,6.21759e-05,-3.67213,30
1,469,p1,127,6.87222e-05,-3.66312,30
1,470,p1,118,7.42736e-05,-3.95441,30
1,471,p1,162,7.02458e-05,-3.80193,30
1,472,p1,161,6.68562e-05,-3.46503,30
1,473,p1,134,6.60598e-05,-3.40253,30
1,474,p1,141,7.05264e-05,-3.44969,30
1,475,p1,142,6.86632e-05,-2.67354,30
1,400,p1,139,3.84494e-05,0.241256,100
1,344,p1,147,2.95159e-05,-6.35535,20
1,401,p1,84,4.19211e-05,0.0297147,100
1,402,p1,114,4.19356e-05,-0.0693437,100
1,345,p1,146,2.83719e-05,-6.24049,20
1,403,p1,160,3.9684e-05,0.0220641,100
1,346,p1,142,2.48371e-05,-6.23965,20
1,404,p1,133,4.3522e-05,-0.134278,100
1,347,p1,94,3.02179e-05,-6.09602,20
1,405,p1,128,3.76422e-05,-0.102694,100
1,348,p1,126,3.17167e-05,-5.8246,20
1,406,p1,98,3.99891e-05,-0.334307,100
1,349,p1,117,2.76952e-05,-5.78754,20
1,407,p1,128,4.07083e-05,-0.264735,100
1,408,p1,127,4.18163e-05,-0.103534,100
1,409,p1,130,4.01805e-05,-0.0497276,100
1,410,p1,86,4.41739e-05,-0.209164,100
1,411,p1,139,4.05388e-05,-0.285286,100
1,412,p1,106,3.82013e-05,-0.00546391,100
1,413,p1,143,3.48469e-05,-0.0504316,100
1,414,p1,92,3.59635e-05,-0.00951905,100
1,235,p1,1353,5.34801e-05,10.0226,10
1,236,p1,1309,5.39814e-05,10.0333,10
1,415,p1,104,3.42664e-05,-0.0822065,100
1,416,p1,149,4.08101e-05,-0.244536,100
1,417,p1,180,4.00951e-05,-0.221929,100
1,418,p1,100,4.156e-05,-0.0546157,100
1,419,p1,128,4.09006e-05,-0.497148,100
1,420,p1,165,4.25607e-05,-0.320034,100
1,421,p1,152,4.60325e-05,-0.213724,100
1,422,p1,122,4.46852e-05,-0.0748283,100
1,423,p1,132,4.4016e-05,-0.281678,100
1,424,p1,143,4.97261e-05,-0.421696,100
1,425,p1,134,5.01657e-05,-0.299959,100
1,426,p1,99,5.1355e-05,-0.249326,100
1,427,p1,146,5.33339e-05,-0.0738904,100
1,428,p1,208,5.16756e-05,-0.313182,100
1,429,p1,132,5.03495e-05,-0.603543,100
1,430,p1,116,5.2341e-05,-0.676124,100
1,431,p1,145,5.21075e-05,-0.659351,100
1,432,p1,162,5.30959e-05,-0.56356,100
1,433,p1,166,5.4292e-05,-0.96613,100
1,434,p1,109,5.26753e-05,-0.758219,100
1,435,p1,126,4.73221e-05,-0.439056,100
1,436,p1,92,5.35332e-05,-0.982578,100
1,437,p1,158,5.32475e-05,-0.975633,100
1,438,p1,152,4.97386e-05,-0.560005,100
1,439,p1,69,5.27988e-05,-0.956299,100
1,440,p1,107,5.69766e-05,-0.893608,100
1,476,p1,122,6.74251e-05,-2.57283,30
1,477,p1,111,7.22494e-05,-2.59707,30
1,478,p1,158,7.28623e-05,-2.42859,30
1,479,p1,106,7.29512e-05,-2.24722,30
1,480,p1,95,7.37208e-05,-1.84608,30
1,481,p1,169,7.45018e-05,-1.95952,30
1,482,p1,158,7.58006e-05,-2.33342,30
1,483,p1,122,7.39146e-05,-2.13681,30
1,484,p1,124,7.45226e-05,-1.51697,30
1,485,p1,144,7.57916e-05,-1.47217,30
1,486,p1,101,7.14239e-05,-1.26656,30
1,487,p1,136,7.11075e-05,-1.36156,30
1,488,p1,219,6.63344e-05,-1.02967,30
1,489,p1,149,6.73553e-05,-0.993464,30
1,490,p1,89,7.25357e-05,-1.66506,30
1,491,p1,109,7.32489e-05,-1.94235,30
1,492,p1,187,7.44394e-05,-2.0736,30
1,493,p1,106,7.41652e-05,-1.2909,30
1,494,p1,128,7.44492e-05,-1.88095,30
1,495,p1,95,7.14421e-05,-1.69594,30
1,496,p1,131,7.03313e-05,-1.37434,30
1,497,p1,142,7.2809e-05,-2.21202,30
1,498,p1,83,7.018e-05,-2.15404,30
1,499,p1,114,7.33987e-05,-2.21823,30
1,441,p1,183,5.82146e-05,-0.933345,100
1,442,p1,105,5.99497e-05,-0.876331,100
1,443,p1,118,5.73301e-05,-0.910648,100
1,444,p1,156,5.9466e-05,-0.902438,100
1,445,p1,145,6.2805e-05,-0.510335,100
1,446,p1,149,6.65752e-05,-0.607929,100
1,447,p1,120,6.36562e-05,-0.463824,100
1,448,p1,91,6.16212e-05,-0.50965,100
1,449,p1,157,6.34385e-05,-0.0943583,100
1,237,p1,1233,5.20174e-05,9.99035,10
1,238,p1,1387,5.11972e-05,10.0109,10
1,239,p1,1159,5.07071e-05,10.026,10
1,240,p1,1146,5.20048e-05,10.0169,10
1,241,p1,1383,5.056e-05,10.0118,10
1,242,p1,1363,5.02879e-05,10.0161,10
1,243,p1,1321,4.95379e-05,10.0209,10
1,244,p1,1177,4.97016e-05,10.0373,10
1,245,p1,1242,4.57571e-05,10.0423,10
1,246,p1,1361,4.70209e-05,10.0372,10
1,247,p1,1131,4.58846e-05,10.0331,10
1,248,p1,1465,4.76271e-05,10.0259,10
1,249,p1,1228,4.71823e-05,10.0465,10
1,250,p1,1260,4.39925e-05,10.0472,10
1,251,p1,1314,4.53817e-05,10.0287,10
1,252,p1,1331,4.53709e-05,10.0504,10
1,100,p1,122,3.6761e-05,-0.115274,50
1,101,p1,177,3.47815e-05,-0.0421648,50
1,102,p1,129,3.76918e-05,-0.0774894,50
1,103,p1,144,3.77344e-05,-0.132573,50
1,104,p1,114,3.68656e-05,-0.218409,50
1,105,p1,95,3.93723e-05,-0.226125,50
1,106,p1,146,3.95133e-05,-0.124009,50
1,107,p1,137,3.85194e-05,-0.19187,50
1,108,p1,143,3.65739e-05,0.00671856,50
1,109,p1,144,3.95824e-05,-0.300921,50
1,110,p1,109,4.10403e-05,-0.642276,50
1,111,p1,137,3.94518e-05,-0.400875,50
1,112,p1,128,4.28595e-05,-0.660857,50
1,113,p1,121,4.16888e-05,-0.729674,50
1,114,p1,135,4.06543e-05,-0.416197,50
1,115,p1,146,3.99062e-05,-0.240794,50
1,116,p1,118,4.41195e-05,-0.403951,50
1,117,p1,148,4.47035e-05,-0.259293,50
1,118,p1,151,4.52673e-05,-0.218433,50
1,119,p1,147,4.57099e-05,-0.218074,50
1,120,p1,153,4.69595e-05,-0.0420229,50
1,121,p1,140,4.53954e-05,-0.185581,50
1,122,p1,143,4.39017e-05,0.0936118,50
1,123,p1,122,4.327e-05,0.0806132,50
1,124,p1,148,4.29497e-05,0.132172,50
1,125,p1,128,4.35352e-05,0.276204,50
1,126,p1,146,4.31884e-05,-0.213983,50
1,127,p1,198,4.6074e-05,-0.0598239,50
1,128,p1,130,4.64604e-05,-0.484779,50
1,129,p1,111,4.54642e-05,-0.444033,50
1,130,p1,137,4.39858e-05,-0.249504,50
1,131,p1,125,4.42854e-05,-0.425781,50
1,132,p1,166,4.47082e-05,-0.449874,50
1,133,p1,132,4.46123e-05,-0.338412,50
1,134,p1,166,4.51622e-05,-0.508227,50
1,253,p1,1227,4.48866e-05,10.0286,10
1,254,p1,1195,4.23192e-05,10.0402,10
1,135,p1,88,4.61983e-05,-0.112459,50
1,136,p1,105,4.59864e-05,-0.329146,50
1,137,p1,163,4.59114e-05,-0.506975,50
1,138,p1,135,4.58812e-05,-0.316419,50
1,139,p1,171,4.51799e-05,-0.424722,50
1,140,p1,94,4.67072e-05,-0.730508,50
1,141,p1,135,4.55904e-05,-0.513017,50
1,142,p1,174,4.68141e-05,-0.464471,50
1,143,p1,165,4.77556e-05,-0.275736,50
1,144,p1,134,4.61606e-05,-0.215108,50
1,145,p1,118,4.69061e-05,-0.230999,50
1,146,p1,147,4.83743e-05,-0.26807,50
1,147,p1,147,4.66738e-05,-0.118837,50
1,148,p1,137,4.68563e-05,0.0160486,50
1,149,p1,114,4.69437e-05,-0.0084348,50
1,500,p1,144,7.16324e-05,-2.11206,30
1,501,p1,127,7.18867e-05,-2.15462,30
1,502,p1,103,6.81601e-05,-2.21775,30
1,503,p1,169,6.99769e-05,-2.22935,30
1,504,p1,113,7.13873e-05,-2.43655,30
1,505,p1,141,6.96135e-05,-2.04185,30
1,506,p1,142,6.74608e-05,-2.2222,30
1,507,p1,141,6.58325e-05,-2.14752,30
1,508,p1,133,6.3689e-05,-1.98258,30
1,509,p1,109,6.33432e-05,-1.62855,30
1,510,p1,106,6.73936e-05,-2.16714,30
1,511,p1,118,6.10626e-05,-1.92505,30
1,512,p1,144,6.26302e-05,-1.97337,30
1,513,p1,117,6.66721e-05,-2.15541,30
1,514,p1,122,6.89559e-05,-2.59767,30
1,515,p1,126,6.50913e-05,-2.22252,30
1,516,p1,141,6.78067e-05,-2.48416,30
1,517,p1,120,6.88285e-05,-2.53865,30
1,518,p1,110,6.75029e-05,-2.36515,30
1,519,p1,131,7.32813e-05,-2.96991,30
1,520,p1,135,6.77043e-05,-2.47584,30
1,521,p1,146,6.31634e-05,-2.33059,30
1,522,p1,134,6.81995e-05,-2.52849,30
1,523,p1,125,6.60477e-05,-2.52996,30
1,524,p1,116,7.16613e-05,-2.81744,30
1,525,p1,176,7.5657e-05,-3.17305,30
1,526,p1,129,7.65636e-05,-3.12092,30
1,527,p1,111,6.90261e-05,-2.40205,30
1,528,p1,113,6.27492e-05,-2.08928,30
1,529,p1,150,6.82429e-05,-2.65989,30
1,530,p1,134,7.37191e-05,-2.91034,30
1,531,p1,145,7.2449e-05,-2.79949,30
1,532,p1,139,6.74991e-05,-2.68615,30
1,533,p1,133,7.14003e-05,-2.97621,30
1,534,p1,119,7.22304e-05,-2.80633,30
1,535,p1,116,7.26602e-05,-2.74253,30
1,536,p1,169,6.99181e-05,-2.7405,30
1,537,p1,157,6.02964e-05,-2.37242,30
1,538,p1,115,6.58779e-05,-2.3881,30
1,539,p1,116,6.28459e-05,-2.53564,30
1,540,p1,130,5.81979e-05,-2.28533,30
1,541,p1,146,5.92219e-05,-2.00395,30
1,542,p1,134,6.06176e-05,-2.07812,30
1,543,p1,133,5.43589e-05,-1.96037,30
1,544,p1,132,5.96473e-05,-1.81626,30
1,545,p1,132,6.51334e-05,-2.29573,30
1,546,p1,134,6.19459e-05,-2.34305,30
1,547,p1,154,5.48855e-05,-2.05986,30
1,548,p1,112,5.76056e-05,-2.06178,30
1,549,p1,96,6.09695e-05,-2.28357,30
1,255,p1,1453,4.34583e-05,10.016,10
1,256,p1,1342,4.40136e-05,10.0117,10
1,257,p1,1338,4.57371e-05,10.0142,10
1,258,p1,1273,4.3611e-05,9.9886,10
1,259,p1,1350,4.28926e-05,9.99283,10
1,350,p1,175,2.74304e-05,-5.67135,20
1,351,p1,131,3.08277e-05,-5.84889,20
1,352,p1,171,2.98052e-05,-5.85221,20
1,353,p1,124,2.3164e-05,-5.75678,20
1,354,p1,106,2.48669e-05,-5.76126,20
1,355,p1,155,2.69284e-05,-5.72438,20
1,356,p1,113,3.34435e-05,-5.56693,20
1,357,p1,127,2.85504e-05,-5.7574,20
1,358,p1,145,3.38338e-05,-5.9567,20
1,359,p1,138,3.50032e-05,-5.77436,20
1,360,p1,105,3.50485e-05,-5.89402,20
1,361,p1,122,3.64586e-05,-5.83666,20
1,362,p1,187,3.54876e-05,-5.84136,20
1,363,p1,109,4.0654e-05,-5.50653,20
1,364,p1,127,4.21102e-05,-5.43018,20
1,365,p1,136,4.05504e-05,-5.44111,20
1,366,p1,125,4.00768e-05,-5.58669,20
1,367,p1,128,3.69077e-05,-5.35463,20
1,368,p1,127,3.59564e-05,-5.0836,20
1,369,p1,124,3.61297e-05,-5.221,20
1,370,p1,158,3.44544e-05,-5.07816,20
1,371,p1,128,3.57724e-05,-5.04454,20
1,372,p1,131,3.85129e-05,-4.83602,20
1,260,p1,1279,4.36678e-05,10.0142,10
1,373,p1,121,3.57807e-05,-4.47326,20
1,374,p1,125,3.71494e-05,-4.90511,20
1,375,p1,106,3.86169e-05,-4.68739,20
1,376,p1,144,4.20831e-05,-4.5741,20
1,377,p1,140,3.73579e-05,-4.83972,20
1,378,p1,104,3.60683e-05,-4.4144,20
1,379,p1,122,3.85444e-05,-4.56052,20
1,380,p1,163,3.75906e-05,-4.68876,20
1,381,p1,128,3.91678e-05,-4.21586,20
1,382,p1,107,3.81972e-05,-4.31138,20
1,383,p1,128,3.52103e-05,-4.56285,20
1,384,p1,159,3.53522e-05,-4.9664,20
1,385,p1,138,3.78303e-05,-4.30014,20
1,386,p1,148,3.7896e-05,-4.65675,20
1,387,p1,160,3.98912e-05,-4.26313,20
1,388,p1,123,3.26538e-05,-4.30959,20
1,389,p1,154,3.15148e-05,-4.23438,20
1,390,p1,111,3.16675e-05,-4.21691,20
1,391,p1,128,3.40558e-05,-3.99293,20
1,392,p1,110,2.96736e-05,-3.85891,20
1,393,p1,141,2.84581e-05,-4.25097,20
1,394,p1,140,2.97207e-05,-4.54862,20
1,395,p1,139,2.88859e-05,-4.14723,20
1,396,p1,160,3.10051e-05,-4.00135,20
1,397,p1,89,2.49836e-05,-4.82815,20
1,398,p1,91,2.69376e-05,-4.60916,20
1,399,p1,159,3.26943e-05,-4.42073,20
1,261,p1,1231,4.24749e-05,10.034,10
1,262,p1,1359,4.22488e-05,10.0223,10
1,263,p1,1327,4.33869e-05,10.0009,10
1,264,p1,1226,4.31874e-05,9.99876,10
1,265,p1,1359,4.26809e-05,10.0102,10
1,266,p1,1438,4.44968e-05,9.97961,10
1,267,p1,1243,4.4298e-05,10.0241,10
1,268,p1,1341,4.27938e-05,10.0107,10
1,269,p1,1346,4.46853e-05,10.0229,10
1,270,p1,1284,4.44938e-05,9.99826,10
1,271,p1,1287,4.55464e-05,10.0088,10
1,150,p1,140,4.94092e-05,-0.241103,50
1,450,p1,144,6.57504e-05,-0.0988753,100
1,451,p1,94,6.31474e-05,-0.0894766,100
1,151,p1,141,4.69431e-05,-0.212413,50
1,452,p1,116,6.23703e-05,0.366627,100
1,152,p1,150,4.97144e-05,-0.394037,50
1,153,p1,123,5.0696e-05,-0.445441,50
1,453,p1,244,6.58397e-05,0.0970914,100
1,454,p1,71,6.60772e-05,0.282261,100
1,154,p1,129,5.00523e-05,-0.324583,50
1,455,p1,103,6.52875e-05,0.0852313,100
1,155,p1,136,5.40787e-05,-0.249316,50
1,456,p1,140,6.66125e-05,0.0943668,100
1,156,p1,126,5.24817e-05,-0.221556,50
1,457,p1,165,6.54118e-05,0.00919851,100
1,157,p1,111,5.07625e-05,-0.295212,50
1,458,p1,97,6.74482e-05,-0.144908,100
1,158,p1,172,5.00319e-05,-0.249927,50
1,459,p1,130,6.64541e-05,-0.261769,100
1,159,p1,152,5.19471e-05,-0.0597958,50
1,460,p1,174,6.32559e-05,-0.303757,100
1,461,p1,115,6.54125e-05,-0.280675,100
1,160,p1,200,5.05341e-05,0.187939,50
1,161,p1,78,5.10084e-05,0.257487,50
1,462,p1,145,6.4913e-05,-0.400842,100
1,162,p1,115,5.19395e-05,0.103684,50
1,163,p1,160,5.32291e-05,0.489372,50
1,164,p1,120,5.38507e-05,0.0295759,50
1,165,p1,122,5.20556e-05,0.410662,50
1,166,p1,124,5.14845e-05,0.189523,50
1,167,p1,179,4.94552e-05,0.316408,50
1,168,p1,131,5.28888e-05,0.233067,50
1,169,p1,138,4.9518e-05,0.586216,50
1,170,p1,125,4.60349e-05,0.792539,50
1,171,p1,163,4.41855e-05,0.655007,50
1,172,p1,127,4.31871e-05,0.795563,50
1,173,p1,115,4.17966e-05,0.742278,50
1,174,p1,141,4.32888e-05,0.610779,50
1,463,p1,167,6.44543e-05,-0.564068,100
1,464,p1,92,5.95315e-05,-0.430098,100
1,465,p1,148,6.36491e-05,-0.115898,100
1,466,p1,164,6.16186e-05,-0.436362,100
1,467,p1,123,6.23442e-05,-1.28809,100
1,468,p1,144,6.37649e-05,-0.528498,100
1,469,p1,149,6.34953e-05,-0.567202,100
1,470,p1,128,5.81018e-05,-1.01772,100
1,471,p1,151,5.99825e-05,-1.11356,100
1,472,p1,200,6.18246e-05,-0.99831,100
1,473,p1,125,6.24237e-05,-0.958504,100
1,474,p1,128,6.39322e-05,-0.657192,100
1,475,p1,175,6.37664e-05,-0.798691,100
1,476,p1,121,6.86394e-05,-0.529671,100
1,175,p1,206,4.21243e-05,0.606795,50
1,176,p1,139,4.79455e-05,0.490518,50
1,177,p1,107,4.87925e-05,-0.0730947,50
1,178,p1,176,4.57367e-05,0.291105,50
1,179,p1,131,4.71662e-05,0.462119,50
1,180,p1,117,4.27087e-05,0.381904,50
1,181,p1,114,4.38312e-05,0.800094,50
1,182,p1,154,3.85868e-05,1.06104,50
1,183,p1,141,4.58473e-05,0.465139,50
1,184,p1,127,4.00924e-05,0.563681,50
1,185,p1,130,3.88325e-05,0.731863,50
1,186,p1,172,3.67114e-05,0.667425,50
1,187,p1,110,3.67632e-05,0.735218,50
1,477,p1,129,6.81822e-05,-0.661931,100
1,478,p1,160,7.07172e-05,-0.66469,100
1,479,p1,118,7.45228e-05,-0.462495,100
1,480,p1,126,6.94885e-05,-1.08513,100
1,481,p1,132,6.81652e-05,-1.29438,100
1,482,p1,111,6.81921e-05,-1.37004,100
1,483,p1,156,6.97356e-05,-1.25162,100
1,484,p1,139,6.92591e-05,-1.41509,100
1,485,p1,125,7.13894e-05,-1.50061,100
1,486,p1,159,6.60945e-05,-1.57593,100
1,487,p1,114,7.31606e-05,-0.993163,100
1,488,p1,157,7.28849e-05,-1.4429,100
1,489,p1,154,7.40384e-05,-1.04594,100
1,490,p1,138,7.35305e-05,-1.44724,100
1,491,p1,117,7.57203e-05,-1.45725,100
1,188,p1,138,3.33402e-05,0.661744,50
1,492,p1,130,7.76754e-05,-1.01209,100
1,189,p1,150,3.71389e-05,0.840981,50
1,493,p1,135,8.18274e-05,-0.762644,100
1,190,p1,164,3.96025e-05,0.672668,50
1,494,p1,133,7.87376e-05,-1.12109,100
1,191,p1,116,4.08164e-05,0.585085,50
1,495,p1,137,7.40745e-05,-1.60725,100
1,192,p1,141,4.28218e-05,0.485452,50
1,496,p1,145,7.8727e-05,-0.996502,100
1,193,p1,152,4.65348e-05,0.448198,50
1,497,p1,121,8.19814e-05,-1.0679,100
1,194,p1,118,3.82387e-05,0.989624,50
1,498,p1,149,8.03268e-05,-1.42282,100
1,195,p1,142,3.55306e-05,1.04799,50
1,272,p1,1284,4.53773e-05,10.0236,10
1,499,p1,165,8.43647e-05,-0.868619,100
1,196,p1,100,3.2458e-05,1.10662,50
1,197,p1,144,4.00571e-05,0.724961,50
1,198,p1,147,4.19591e-05,0.448292,50
1,199,p1,98,4.22751e-05,0.762074,50
1,273,p1,1358,4.63877e-05,10.0033,10
1,274,p1,1291,4.56408e-05,10.0119,10
1,275,p1,1235,4.57986e-05,10.0106,10
1,276,p1,1236,4.38503e-05,9.98704,10
1,277,p1,1449,4.46938e-05,10.013,10
1,278,p1,1276,4.63386e-05,10.0344,10
1,550,p1,136,6.75062e-05,-2.08859,30
1,551,p1,182,5.68517e-05,-1.99187,30
1,552,p1,194,5.76364e-05,-1.72269,30
1,553,p1,113,6.41609e-05,-1.8842,30
1,554,p1,95,6.44842e-05,-1.86972,30
1,555,p1,172,6.19027e-05,-1.63328,30
1,556,p1,126,4.83891e-05,-1.25637,30
1,557,p1,143,5.33843e-05,-1.34812,30
1,558,p1,179,4.20613e-05,-0.815194,30
1,559,p1,145,3.84683e-05,-0.599678,30
1,560,p1,175,3.61958e-05,-0.689033,30
1,561,p1,130,4.13485e-05,-0.936585,30
1,562,p1,146,4.40875e-05,-1.18357,30
1,563,p1,167,3.92553e-05,-0.959458,30
1,564,p1,129,4.61742e-05,-1.14992,30
1,565,p1,76,2.9568e-05,-0.658726,30
1,566,p1,130,3.19003e-05,-0.697215,30
1,567,p1,142,3.79458e-05,-1.06764,30
1,568,p1,120,3.05194e-05,-1.02581,30
1,569,p1,144,2.13084e-05,-0.75562,30
1,570,p1,119,2.6836e-05,-0.628816,30
1,571,p1,146,3.15695e-05,-0.906263,30
1,572,p1,158,3.74399e-05,-1.41177,30
1,573,p1,103,2.49123e-05,-0.774827,30
1,574,p1,146,2.67747e-05,-0.883071,30
1,575,p1,116,2.70719e-05,-0.933986,30
1,576,p1,132,3.01001e-05,-0.806123,30
1,577,p1,168,2.84049e-05,-0.788041,30
1,578,p1,89,2.32723e-05,-0.755481,30
1,579,p1,149,2.20141e-05,-0.735111,30
1,580,p1,105,2.30204e-05,-0.893757,30
1,581,p1,152,2.63803e-05,-0.981785,30
1,582,p1,169,2.17049e-05,-0.591873,30
1,583,p1,115,2.41078e-05,-0.637832,30
1,584,p1,98,2.38375e-05,-0.685803,30
1,585,p1,148,2.10635e-05,-0.612091,30
1,586,p1,158,2.43032e-05,-0.651603,30
1,587,p1,137,1.86883e-05,-0.57152,30
1,588,p1,134,1.76451e-05,-0.454409,30
1,589,p1,155,1.7876e-05,-0.610822,30
1,590,p1,155,2.37455e-05,-1.0529,30
1,591,p1,98,2.0719e-05,-0.939905,30
1,592,p1,139,1.83676e-05,-0.913561,30
1,593,p1,214,2.1823e-05,-1.0769,30
1,594,p1,113,2.34811e-05,-1.3925,30
1,595,p1,111,1.77266e-05,-0.797556,30
1,596,p1,175,2.47698e-05,-1.07546,30
1,597,p1,173,2.29752e-05,-1.04224,30
1,598,p1,106,2.65388e-05,-1.10773,30
1,599,p1,140,2.38898e-05,-0.798717,30
1,279,p1,1392,4.58708e-05,10.0621,10
1,280,p1,1251,4.37657e-05,10.028,10
1,281,p1,1347,4.67094e-05,10.0534,10
1,282,p1,1303,4.66034e-05,10.0249,10
1,283,p1,1328,4.38467e-05,10.0212,10
1,284,p1,1252,4.58679e-05,10.0594,10
1,285,p1,1242,4.38415e-05,10.0457,10
1,286,p1,1243,4.38483e-05,10.037,10
1,287,p1,1316,4.48578e-05,9.99172,10
1,400,p1,170,3.05093e-05,-4.03108,20
1,401,p1,109,3.10138e-05,-3.91516,20
1,402,p1,121,3.33413e-05,-3.73642,20
1,403,p1,136,2.85337e-05,-4.19807,20
1,404,p1,132,2.92631e-05,-3.83061,20
1,405,p1,144,3.17137e-05,-3.99989,20
1,406,p1,96,3.23736e-05,-3.72268,20
1,407,p1,145,3.25729e-05,-3.76316,20
1,408,p1,139,2.84913e-05,-4.18982,20
1,409,p1,136,3.07266e-05,-3.70224,20
1,410,p1,129,2.80921e-05,-3.85972,20
1,411,p1,171,2.8503e-05,-4.04557,20
1,412,p1,124,2.6531e-05,-3.63746,20
1,413,p1,124,2.80733e-05,-3.76839,20
1,414,p1,137,2.81946e-05,-3.49864,20
1,415,p1,146,2.92327e-05,-3.1818,20
1,416,p1,146,2.79342e-05,-3.4721,20
1,417,p1,102,3.14725e-05,-3.76821,20
1,418,p1,140,3.08546e-05,-3.56922,20
1,419,p1,177,3.32527e-05,-3.54836,20
1,420,p1,149,3.69589e-05,-3.95156,20
1,421,p1,109,4.21909e-05,-3.85727,20
1,422,p1,135,4.19542e-05,-3.44403,20
1,423,p1,150,4.00651e-05,-3.55555,20
1,288,p1,1295,4.31281e-05,10.0095,10
1,424,p1,133,4.15719e-05,-3.78691,20
1,425,p1,100,4.62275e-05,-3.81627,20
1,426,p1,142,4.12059e-05,-3.95445,20
1,427,p1,130,4.25639e-05,-3.9177,20
1,428,p1,145,4.37163e-05,-4.12664,20
1,429,p1,133,4.22737e-05,-3.97835,20
1,430,p1,127,3.98527e-05,-3.89087,20
1,431,p1,89,3.78456e-05,-4.00826,20
1,432,p1,95,3.67429e-05,-4.12697,20
1,433,p1,135,3.84403e-05,-3.77311,20
1,434,p1,152,3.95274e-05,-4.15485,20
1,435,p1,105,3.6658e-05,-4.20717,20
1,436,p1,111,3.88114e-05,-4.31643,20
1,289,p1,1334,4.22297e-05,9.98804,10
1,290,p1,1366,4.29807e-05,10.0009,10
1,291,p1,1360,4.19103e-05,10.0061,10
1,600,p1,185,2.26898e-05,-0.470746,30
1,601,p1,145,2.56637e-05,-0.460623,30
1,602,p1,125,2.41584e-05,-0.478385,30
1,603,p1,126,2.53445e-05,-0.504535,30
1,200,p1,126,3.50803e-05,1.03943,50
1,201,p1,164,4.4552e-05,0.272288,50
1,202,p1,124,4.81845e-05,0.172953,50
1,203,p1,125,4.07949e-05,0.850723,50
1,204,p1,174,5.09195e-05,0.429153,50
1,205,p1,105,4.71243e-05,0.321541,50
1,206,p1,152,4.78956e-05,0.370612,50
1,207,p1,169,5.14101e-05,0.474996,50
1,208,p1,150,4.98329e-05,0.611221,50
1,209,p1,140,5.09916e-05,0.171647,50
1,210,p1,138,5.02402e-05,0.942149,50
1,211,p1,159,4.99812e-05,0.621,50
1,212,p1,94,5.12279e-05,0.494919,50
1,437,p1,125,4.26874e-05,-4.05726,20
1,438,p1,149,4.10783e-05,-4.20348,20
1,439,p1,133,4.14752e-05,-4.13312,20
1,440,p1,115,4.19815e-05,-3.90084,20
1,604,p1,121,2.79376e-05,-0.488122,30
1,441,p1,110,3.73434e-05,-4.3932,20
1,605,p1,104,2.40551e-05,-0.48121,30
1,442,p1,175,4.07781e-05,-4.27725,20
1,606,p1,193,2.71517e-05,-0.672864,30
1,443,p1,151,4.10256e-05,-3.95145,20
1,607,p1,125,2.68886e-05,-0.552648,30
1,444,p1,106,3.50917e-05,-4.2498,20
1,608,p1,139,2.53721e-05,-0.54069,30
1,445,p1,149,3.74175e-05,-3.84845,20
1,609,p1,143,2.4967e-05,-0.439819,30
1,446,p1,139,4.10973e-05,-3.7699,20
1,610,p1,125,2.96646e-05,-0.531443,30
1,447,p1,143,4.36513e-05,-3.89952,20
1,611,p1,140,2.70834e-05,-0.440448,30
1,448,p1,145,4.3912e-05,-4.16767,20
1,612,p1,157,2.7363e-05,-0.494676,30
1,613,p1,137,2.80955e-05,-0.478896,30
1,614,p1,84,2.34914e-05,-0.225774,30
1,615,p1,95,2.12438e-05,-0.23609,30
1,616,p1,145,2.08159e-05,-0.22174,30
1,617,p1,147,2.40196e-05,-0.537957,30
1,618,p1,85,1.77758e-05,-0.276025,30
1,500,p1,121,8.49201e-05,-0.529954,100
1,501,p1,158,8.1111e-05,-1.21372,100
1,502,p1,127,8.06898e-05,-1.15492,100
1,503,p1,133,8.03929e-05,-0.739874,100
1,504,p1,173,8.42895e-05,-0.373379,100
1,505,p1,129,7.89553e-05,-0.681557,100
1,506,p1,136,8.01054e-05,-0.327632,100
1,507,p1,138,8.12198e-05,-0.197959,100
1,508,p1,165,8.20725e-05,-0.456403,100
1,509,p1,118,8.01928e-05,-0.475775,100
1,510,p1,155,8.11988e-05,-0.206447,100
1,511,p1,107,7.9393e-05,-0.60156,100
1,512,p1,131,8.01509e-05,-0.61727,100
1,513,p1,174,8.38033e-05,-0.0583451,100
1,514,p1,147,7.95791e-05,0.779631,100
1,213,p1,139,4.95955e-05,0.339323,50
1,214,p1,144,4.91756e-05,0.725136,50
1,215,p1,151,4.98511e-05,1.26197,50
1,216,p1,90,5.12981e-05,1.08417,50
1,217,p1,100,4.9383e-05,1.25232,50
1,218,p1,184,5.27729e-05,1.01949,50
1,219,p1,182,5.55553e-05,1.02485,50
1,220,p1,126,5.27775e-05,1.19855,50
1,221,p1,131,4.65439e-05,1.20283,50
1,222,p1,161,5.51169e-05,0.864636,50
1,223,p1,177,5.6339e-05,1.01277,50
1,224,p1,88,6.14876e-05,0.797914,50
1,225,p1,108,5.796e-05,0.998176,50
1,226,p1,150,6.34613e-05,1.22076,50
1,227,p1,132,6.23568e-05,0.829579,50
1,228,p1,139,6.40039e-05,0.805925,50
1,229,p1,151,6.38869e-05,1.38307,50
1,230,p1,124,6.74489e-05,1.17682,50
1,231,p1,154,6.78689e-05,1.6953,50
1,232,p1,149,6.85235e-05,1.16976,50
1,233,p1,136,6.5156e-05,1.71904,50
1,234,p1,96,6.58409e-05,1.25982,50
1,515,p1,146,8.14489e-05,-0.178693,100
1,516,p1,120,8.15288e-05,0.15526,100
1,517,p1,119,8.41378e-05,0.464036,100
1,518,p1,164,8.4931e-05,-0.0171579,100
1,519,p1,156,8.44609e-05,0.19208,100
1,520,p1,136,8.50608e-05,0.290438,100
1,521,p1,91,8.05772e-05,0.579328,100
1,522,p1,123,8.66396e-05,0.414302,100
1,523,p1,118,8.27036e-05,1.37458,100
1,524,p1,110,8.31814e-05,0.408272,100
1,525,p1,119,8.27932e-05,0.531553,100
1,526,p1,163,8.36791e-05,0.728033,100
1,527,p1,63,7.62598e-05,0.652225,100
1,528,p1,117,7.77581e-05,1.11274,100
1,529,p1,147,8.01122e-05,0.547715,100
1,530,p1,123,7.18369e-05,0.971995,100
1,531,p1,95,6.80687e-05,1.68985,100
1,532,p1,158,7.5701e-05,1.12822,100
1,533,p1,168,7.1117e-05,0.644986,100
1,534,p1,105,6.41243e-05,1.32101,100
1,449,p1,116,3.77895e-05,-4.65092,20
1,535,p1,140,6.36482e-05,2.31341,100
1,536,p1,156,6.97547e-05,1.41587,100
1,537,p1,126,7.30606e-05,2.88152,100
1,538,p1,132,7.5526e-05,3.08788,100
1,539,p1,149,7.06639e-05,2.64813,100
1,540,p1,155,7.0189e-05,3.31119,100
1,541,p1,92,8.21337e-05,2.85794,100
1,619,p1,114,2.24996e-05,-0.306916,30
1,620,p1,168,2.20679e-05,-0.197514,30
1,621,p1,143,2.07355e-05,-0.312038,30
1,622,p1,103,1.77613e-05,-0.386869,30
1,623,p1,164,1.91118e-05,-0.348043,30
1,624,p1,133,2.1605e-05,-0.268999,30
1,625,p1,142,2.48329e-05,-0.426466,30
1,626,p1,105,2.2078e-05,-0.220204,30
1,627,p1,118,2.34329e-05,-0.345511,30
1,628,p1,180,2.23364e-05,-0.322127,30
1,629,p1,107,2.42288e-05,-0.447424,30
1,630,p1,133,2.48262e-05,-0.450196,30
1,631,p1,135,2.30894e-05,-0.876197,30
1,632,p1,106,2.34576e-05,-0.503445,30
1,633,p1,171,2.53334e-05,-0.680327,30
1,634,p1,131,2.55661e-05,-0.969365,30
1,635,p1,125,2.95917e-05,-1.04412,30
1,636,p1,99,2.88404e-05,-0.586802,30
1,637,p1,225,2.95696e-05,-0.608727,30
1,638,p1,167,2.66575e-05,-0.854183,30
1,639,p1,144,2.59992e-05,-0.559638,30
1,640,p1,124,2.61027e-05,-0.457572,30
1,641,p1,122,3.05922e-05,-1.00001,30
1,642,p1,153,2.9177e-05,-0.935146,30
1,643,p1,95,2.85906e-05,-0.836827,30
1,235,p1,162,5.85661e-05,1.47747,50
1,236,p1,155,5.92855e-05,1.48971,50
1,237,p1,154,5.51349e-05,1.83186,50
1,644,p1,114,2.8338e-05,-1.14964,30
1,645,p1,152,2.66501e-05,-0.92279,30
1,646,p1,155,2.61076e-05,-1.03006,30
1,647,p1,139,2.68501e-05,-0.828989,30
1,648,p1,106,2.98354e-05,-0.752505,30
1,649,p1,133,3.36265e-05,-0.979226,30
1,238,p1,133,5.21635e-05,1.79786,50
1,239,p1,137,5.68275e-05,1.49638,50
1,240,p1,142,5.32499e-05,1.80623,50
1,241,p1,120,5.84031e-05,2.19087,50
1,242,p1,138,5.72417e-05,2.30472,50
1,243,p1,161,6.15225e-05,1.82333,50
1,244,p1,120,6.39118e-05,2.05184,50
1,245,p1,141,6.64632e-05,1.99466,50
1,246,p1,142,6.86176e-05,2.43733,50
1,247,p1,154,7.06586e-05,1.70766,50
1,248,p1,104,7.30043e-05,1.94747,50
1,249,p1,159,7.15108e-05,2.27625,50
1,542,p1,135,8.409e-05,1.85068,100
1,543,p1,212,8.11919e-05,2.07659,100
1,544,p1,138,7.67572e-05,2.4148,100
1,545,p1,124,7.59056e-05,2.25461,100
1,546,p1,115,7.96631e-05,3.19662,100
1,547,p1,138,7.72745e-05,2.18106,100
1,548,p1,148,7.90926e-05,1.03148,100
1,549,p1,134,8.03935e-05,1.54207,100
1,292,p1,1266,4.19773e-05,10.0225,10
1,293,p1,1322,4.087e-05,9.99837,10
1,294,p1,1426,4.26143e-05,10.0118,10
1,295,p1,1214,4.13064e-05,10.0136,10
1,296,p1,1327,4.15695e-05,10.0151,10
1,297,p1,1367,4.23346e-05,10.0224,10
1,298,p1,1306,4.20019e-05,10.031,10
1,299,p1,1189,4.18612e-05,10.0271,10
1,450,p1,160,4.22465e-05,-4.43979,20
1,451,p1,144,4.01864e-05,-4.46353,20
1,452,p1,193,4.27857e-05,-4.32206,20
1,453,p1,109,3.99015e-05,-4.21804,20
1,454,p1,159,3.94183e-05,-4.59986,20
1,455,p1,112,3.96464e-05,-4.05888,20
1,456,p1,173,4.47317e-05,-3.58292,20
1,457,p1,95,4.69136e-05,-3.52272,20
1,458,p1,119,4.47942e-05,-3.56863,20
1,459,p1,152,4.59983e-05,-3.75712,20
1,460,p1,135,4.9411e-05,-3.30353,20
1,461,p1,154,4.76824e-05,-2.67631,20
1,462,p1,97,4.23111e-05,-3.06178,20
1,463,p1,137,4.4817e-05,-2.69951,20
1,464,p1,119,4.50614e-05,-2.58609,20
1,465,p1,138,4.35339e-05,-2.39699,20
1,466,p1,115,3.39153e-05,-2.55521,20
1,467,p1,102,4.23525e-05,-2.93973,20
1,468,p1,124,4.17189e-05,-2.75026,20
1,469,p1,165,4.48916e-05,-3.30819,20
1,470,p1,166,4.36357e-05,-2.77316,20
1,471,p1,78,4.36012e-05,-3.12698,20
1,472,p1,140,4.40214e-05,-3.19538,20
1,473,p1,149,4.58549e-05,-3.07413,20
1,474,p1,89,4.49994e-05,-2.88827,20
1,475,p1,136,4.50265e-05,-2.51612,20
1,476,p1,152,4.67709e-05,-2.52788,20
1,477,p1,136,4.7783e-05,-3.02895,20
1,478,p1,161,4.03237e-05,-2.80989,20
1,479,p1,114,4.07787e-05,-2.75403,20
1,480,p1,112,4.49462e-05,-2.58046,20
1,481,p1,155,4.41432e-05,-2.68459,20
1,482,p1,98,4.03915e-05,-2.41921,20
1,483,p1,134,4.23853e-05,-2.29874,20
1,484,p1,115,4.52151e-05,-2.66198,20
1,485,p1,122,3.92038e-05,-2.51333,20
1,486,p1,138,3.50635e-05,-2.77844,20
1,487,p1,123,3.47578e-05,-2.94032,20
1,488,p1,147,3.93403e-05,-2.86015,20
1,489,p1,145,3.60958e-05,-2.80206,20
1,490,p1,117,3.44273e-05,-2.8781,20
1,491,p1,120,4.10976e-05,-3.06848,20
1,492,p1,144,3.54835e-05,-2.68742,20
1,493,p1,179,3.80692e-05,-2.6659,20
1,494,p1,93,3.43352e-05,-2.73401,20
1,495,p1,135,3.18357e-05,-2.40922,20
1,496,p1,122,3.35243e-05,-2.4178,20
1,497,p1,113,3.14191e-05,-2.54449,20
1,498,p1,144,3.33215e-05,-2.43276,20
1,499,p1,113,3.75018e-05,-2.04725,20
1,500,p1,162,3.99747e-05,-1.97987,20
1,501,p1,140,3.96531e-05,-2.28954,20
1,502,p1,126,3.5531e-05,-2.74079,20
1,503,p1,117,3.31467e-05,-2.15664,20
1,504,p1,133,3.91379e-05,-2.03783,20
1,505,p1,120,3.34934e-05,-2.13271,20
1,506,p1,101,3.3483e-05,-2.26431,20
1,507,p1,177,2.90378e-05,-2.32654,20
1,508,p1,118,2.72716e-05,-1.95841,20
1,509,p1,139,2.96434e-05,-2.25608,20
1,510,p1,107,2.65381e-05,-2.15084,20
1,511,p1,161,1.85168e-05,-2.3253,20
1,512,p1,129,2.14894e-05,-2.26392,20
1,513,p1,157,2.07248e-05,-2.07357,20
1,514,p1,100,1.3212e-05,-2.11612,20
1,515,p1,181,1.19029e-05,-2.32065,20
1,516,p1,161,1.08964e-05,-2.29738,20
1,517,p1,92,1.22767e-05,-2.56518,20
1,518,p1,146,8.29072e-06,-2.41929,20
1,519,p1,159,9.05205e-06,-2.40971,20
1,520,p1,154,1.03673e-05,-2.57872,20
1,521,p1,139,8.8277e-06,-2.22011,20
1,522,p1,136,8.35938e-06,-2.38409,20
1,523,p1,194,1.02831e-05,-2.56459,20
1,524,p1,59,7.53519e-06,-1.99411,20
1,525,p1,94,9.28588e-06,-2.18839,20
1,526,p1,193,9.12467e-06,-2.06356,20
1,527,p1,110,8.61074e-06,-1.9688,20
1,528,p1,164,7.75989e-06,-1.64601,20
1,529,p1,138,1.02531e-05,-2.10668,20
1,300,p1,1349,4.00813e-05,10.0348,10
1,530,p1,98,8.75e-06,-2.23987,20
1,531,p1,189,8.98351e-06,-2.22201,20
1,532,p1,168,9.2726e-06,-2.44865,20
1,533,p1,77,1.33319e-05,-2.74136,20
1,534,p1,86,1.31287e-05,-2.76789,20
1,535,p1,188,1.17625e-05,-2.63339,20
1,536,p1,145,1.04221e-05,-2.56077,20
1,537,p1,101,1.55225e-05,-3.00267,20
1,538,p1,150,1.47036e-05,-3.10243,20
1,539,p1,125,1.61792e-05,-3.0776,20
1,540,p1,176,1.51684e-05,-2.86949,20
1,541,p1,135,1.40455e-05,-2.94783,20
1,301,p1,1336,4.28964e-05,10.0181,10
1,542,p1,164,1.45525e-05,-2.87121,20
1,543,p1,98,1.23042e-05,-2.98066,20
1,302,p1,1254,4.1255e-05,10.034,10
1,544,p1,118,1.39432e-05,-3.11147,20
1,545,p1,114,1.60161e-05,-3.16083,20
1,546,p1,147,1.61951e-05,-2.92691,20
1,547,p1,156,1.57162e-05,-3.14419,20
1,303,p1,1387,4.17006e-05,10.0189,10
1,548,p1,87,1.82118e-05,-3.27315,20
1,549,p1,155,1.8774e-05,-3.0466,20
1,550,p1,99,1.54984e-05,-3.00335,20
1,650,p1,149,3.01408e-05,-0.990124,30
1,551,p1,117,1.81836e-05,-3.42268,20
1,651,p1,132,3.13786e-05,-0.982138,30
1,552,p1,153,1.34435e-05,-2.84735,20
1,553,p1,141,1.57824e-05,-3.17897,20
1,652,p1,162,3.06028e-05,-0.891042,30
1,554,p1,121,1.83744e-05,-3.45025,20
1,653,p1,146,3.23177e-05,-1.00286,30
1,654,p1,125,2.93386e-05,-0.845326,30
1,555,p1,174,1.76625e-05,-3.3365,20
1,556,p1,122,1.56924e-05,-3.10734,20
1,655,p1,149,3.08547e-05,-1.2359,30
1,557,p1,143,1.51619e-05,-3.04623,20
1,656,p1,144,3.02867e-05,-0.62194,30
1,558,p1,121,1.57486e-05,-3.14772,20
1,657,p1,107,3.20561e-05,-1.46519,30
1,559,p1,128,1.69171e-05,-3.2609,20
1,658,p1,141,3.20897e-05,-1.22039,30
1,560,p1,114,1.84753e-05,-3.34951,20
1,659,p1,153,3.18653e-05,-1.26795,30
1,561,p1,146,1.83397e-05,-3.33626,20
1,660,p1,116,3.07655e-05,-1.34127,30
1,562,p1,130,1.9487e-05,-3.414,20
1,661,p1,100,3.37135e-05,-1.41412,30
1,563,p1,123,2.00912e-05,-3.33353,20
1,662,p1,145,3.33011e-05,-1.19818,30
1,564,p1,163,1.96148e-05,-3.53039,20
1,663,p1,147,3.26151e-05,-1.09949,30
1,565,p1,160,1.96426e-05,-3.60508,20
1,664,p1,77,3.63206e-05,-0.808097,30
1,566,p1,120,2.14997e-05,-3.72634,20
1,665,p1,91,3.34658e-05,-0.928385,30
1,567,p1,102,2.38053e-05,-3.82283,20
1,666,p1,121,3.56089e-05,-0.792739,30
1,568,p1,120,2.19663e-05,-3.79408,20
1,667,p1,134,3.46441e-05,-0.983634,30
1,569,p1,212,2.44901e-05,-4.06894,20
1,668,p1,137,3.57979e-05,-1.21742,30
1,570,p1,82,2.50714e-05,-4.03806,20
1,669,p1,131,3.47818e-05,-1.00996,30
1,250,p1,125,7.13219e-05,2.58798,50
1,251,p1,128,7.61804e-05,1.63356,50
1,252,p1,156,7.21797e-05,2.55197,50
1,253,p1,125,6.57958e-05,2.29235,50
1,254,p1,118,7.3504e-05,2.23419,50
1,255,p1,142,7.08904e-05,2.47717,50
1,256,p1,174,6.97675e-05,1.66303,50
1,257,p1,109,7.52504e-05,1.20514,50
1,258,p1,178,7.16338e-05,1.09335,50
1,259,p1,111,6.86718e-05,1.24369,50
1,260,p1,129,7.58494e-05,1.32026,50
1,550,p1,143,8.06167e-05,1.13469,100
1,551,p1,166,8.10809e-05,1.44082,100
1,552,p1,112,7.97947e-05,1.65567,100
1,553,p1,102,7.75875e-05,2.11628,100
1,554,p1,155,6.57151e-05,2.55272,100
1,555,p1,124,6.91796e-05,1.47835,100
1,556,p1,145,7.29065e-05,2.2486,100
1,557,p1,126,7.63448e-05,2.48974,100
1,558,p1,151,6.77459e-05,2.47811,100
1,559,p1,159,6.6157e-05,5.009,100
1,560,p1,106,7.25218e-05,4.23613,100
1,304,p1,1305,4.05027e-05,10.007,10
1,261,p1,137,7.19956e-05,1.18255,50
1,561,p1,146,7.26276e-05,4.33679,100
1,262,p1,118,7.62784e-05,1.429,50
1,562,p1,170,6.87543e-05,4.17287,100
1,263,p1,178,7.91919e-05,1.22402,50
1,264,p1,154,7.83536e-05,2.29459,50
1,265,p1,141,8.03981e-05,2.60731,50
1,266,p1,113,7.78667e-05,2.81894,50
1,267,p1,118,7.62938e-05,3.18524,50
1,268,p1,127,7.17438e-05,3.53021,50
1,269,p1,165,6.81181e-05,3.83346,50
1,305,p1,1382,4.10723e-05,9.9792,10
1,270,p1,164,7.75396e-05,3.07034,50
1,271,p1,134,7.19581e-05,3.50379,50
1,272,p1,150,7.10949e-05,3.63985,50
1,273,p1,151,7.53697e-05,3.42644,50
1,274,p1,121,7.40557e-05,3.43238,50
1,275,p1,93,7.14661e-05,3.8807,50
1,306,p1,1216,3.90478e-05,10.0262,10
1,307,p1,1332,3.90854e-05,10.0269,10
1,563,p1,115,7.1535e-05,4.6028,100
1,564,p1,137,7.29626e-05,4.91478,100
1,565,p1,174,7.12801e-05,5.50066,100
1,566,p1,154,6.73149e-05,5.13685,100
1,567,p1,148,7.16278e-05,3.58732,100
1,568,p1,94,7.40663e-05,2.98691,100
1,569,p1,164,7.39279e-05,3.48536,100
1,570,p1,179,7.12362e-05,3.25932,100
1,571,p1,117,6.7178e-05,4.92967,100
1,572,p1,75,6.77724e-05,4.06245,100
1,573,p1,105,7.02807e-05,4.56838,100
1,574,p1,126,6.64512e-05,4.06083,100
1,575,p1,111,6.83739e-05,3.66552,100
1,576,p1,155,6.80002e-05,4.10069,100
1,577,p1,158,6.98688e-05,2.93954,100
1,276,p1,186,7.134e-05,3.84379,50
1,578,p1,86,6.36736e-05,3.30438,100
1,277,p1,172,7.10524e-05,4.16566,50
1,579,p1,92,6.05736e-05,2.7873,100
1,278,p1,116,7.20162e-05,4.2766,50
1,580,p1,155,6.34955e-05,2.12276,100
1,279,p1,123,7.06891e-05,4.49338,50
1,581,p1,168,6.99476e-05,1.50406,100
1,582,p1,138,5.9498e-05,2.72257,100
1,280,p1,199,7.33917e-05,3.96131,50
1,583,p1,88,6.23896e-05,1.07497,100
1,281,p1,161,7.51989e-05,3.90105,50
1,584,p1,117,6.30481e-05,1.19288,100
1,282,p1,127,6.69536e-05,4.39134,50
1,585,p1,180,6.25463e-05,1.34787,100
1,283,p1,164,6.60161e-05,4.51887,50
1,586,p1,137,5.70057e-05,1.2222,100
1,284,p1,172,7.07038e-05,4.41032,50
1,587,p1,133,5.7157e-05,1.22633,100
1,285,p1,140,6.94138e-05,4.28717,50
1,588,p1,156,5.88125e-05,0.625636,100
1,589,p1,141,5.58594e-05,0.663873,100
1,286,p1,142,6.62086e-05,4.3842,50
1,590,p1,108,5.78961e-05,0.987221,100
1,287,p1,166,6.6064e-05,4.77409,50
1,591,p1,122,5.99802e-05,0.695736,100
1,288,p1,193,6.46679e-05,4.97112,50
1,592,p1,164,5.65142e-05,1.09005,100
1,289,p1,138,6.24044e-05,4.65222,50
1,593,p1,135,5.50107e-05,0.588,100
1,290,p1,98,6.00266e-05,4.44652,50
1,594,p1,112,5.75769e-05,0.365006,100
1,291,p1,134,6.40173e-05,5.05347,50
1,595,p1,145,5.64466e-05,0.533731,100
1,596,p1,133,5.70968e-05,0.829585,100
1,292,p1,163,6.88929e-05,5.0128,50
1,670,p1,116,3.48733e-05,-0.905091,30
1,308,p1,1284,4.01859e-05,10.0138,10
1,671,p1,148,3.40118e-05,-0.926982,30
1,672,p1,95,3.43806e-05,-0.99874,30
1,673,p1,133,3.07513e-05,-0.749082,30
1,674,p1,118,2.95831e-05,-0.470839,30
1,675,p1,134,3.126e-05,-0.657846,30
1,676,p1,98,2.8143e-05,-0.553147,30
1,677,p1,129,2.97224e-05,-0.502907,30
1,678,p1,132,2.4181e-05,-0.597792,30
1,679,p1,163,2.74621e-05,-0.679374,30
1,680,p1,109,2.88305e-05,-0.48442,30
1,309,p1,1255,4.02625e-05,10.0176,10
1,681,p1,114,2.33364e-05,0.0955183,30
1,682,p1,161,2.488e-05,-0.101179,30
1,683,p1,135,2.18549e-05,0.0198621,30
1,684,p1,95,2.41352e-05,-0.290754,30
1,685,p1,180,2.68298e-05,-0.213414,30
1,686,p1,139,2.85169e-05,-0.541169,30
1,687,p1,95,2.02488e-05,-0.00420483,30
1,688,p1,124,1.96807e-05,-0.220839,30
1,689,p1,117,1.83867e-05,-0.266439,30
1,690,p1,135,1.84521e-05,-0.0427211,30
1,691,p1,144,1.93029e-05,-0.194058,30
1,692,p1,152,1.88905e-05,-0.306878,30
1,693,p1,141,2.20997e-05,-0.140225,30
1,694,p1,133,2.15439e-05,-0.187415,30
1,695,p1,116,2.51992e-05,-0.0151084,30
1,696,p1,168,2.48356e-05,-0.18567,30
1,697,p1,114,2.85311e-05,-0.365914,30
1,698,p1,137,2.35071e-05,-0.199085,30
1,699,p1,179,2.46714e-05,-0.0811658,30
1,310,p1,1343,3.85477e-05,10.0195,10
1,311,p1,1235,3.92018e-05,10.0042,10
1,571,p1,155,2.57815e-05,-4.07934,20
1,572,p1,153,2.5308e-05,-3.82618,20
1,312,p1,1348,3.82149e-05,10.0001,10
1,573,p1,149,2.56274e-05,-3.95235,20
1,574,p1,176,2.45033e-05,-3.75374,20
1,575,p1,142,2.66009e-05,-3.69065,20
1,576,p1,94,2.67615e-05,-3.76746,20
1,577,p1,133,2.64568e-05,-3.8419,20
1,578,p1,159,3.18089e-05,-3.91725,20
1,579,p1,121,2.96879e-05,-3.55885,20
1,580,p1,138,2.91885e-05,-3.37791,20
1,581,p1,168,3.06231e-05,-3.30937,20
1,582,p1,118,3.5446e-05,-3.49999,20
1,583,p1,125,3.58086e-05,-3.7421,20
1,313,p1,1522,3.71609e-05,10.0118,10
1,293,p1,153,6.51156e-05,4.72379,50
1,294,p1,119,6.69363e-05,4.71652,50
1,295,p1,106,6.61236e-05,4.77221,50
1,314,p1,1268,3.74561e-05,10.0009,10
1,296,p1,133,6.74224e-05,4.447,50
1,297,p1,131,7.12228e-05,4.56013,50
1,298,p1,139,7.10212e-05,4.79839,50
1,299,p1,102,7.29979e-05,5.22433,50
1,315,p1,1385,3.97228e-05,10.0062,10
1,316,p1,1274,3.84503e-05,9.9904,10
1,597,p1,125,5.3913e-05,-0.0674908,100
1,598,p1,110,5.96231e-05,1.78355,100
1,599,p1,173,5.89625e-05,0.90011,100
1,317,p1,1391,3.90862e-05,9.97771,10
1,584,p1,167,3.54794e-05,-3.56124,20
1,585,p1,132,3.22793e-05,-3.17975,20
1,586,p1,102,3.38389e-05,-3.05562,20
1,587,p1,183,3.37514e-05,-3.29118,20
1,588,p1,102,3.2884e-05,-2.96417,20
1,589,p1,96,3.43663e-05,-3.31921,20
1,590,p1,99,3.35695e-05,-3.10434,20
1,591,p1,172,3.24016e-05,-3.17636,20
1,592,p1,158,2.92764e-05,-2.98694,20
1,593,p1,75,3.54107e-05,-3.50614,20
1,594,p1,126,3.37113e-05,-3.47278,20
1,595,p1,174,3.04497e-05,-3.56321,20
1,596,p1,144,3.14569e-05,-3.16994,20
1,597,p1,133,3.47103e-05,-2.96508,20
1,598,p1,109,3.47833e-05,-3.06055,20
1,599,p1,168,3.09566e-05,-3.05689,20
1,700,p1,134,2.42894e-05,-0.222107,30
1,701,p1,106,3.71645e-05,-0.189232,30
1,702,p1,121,2.94536e-05,0.0117191,30
1,703,p1,145,2.5425e-05,-0.0491637,30
1,704,p1,174,2.51594e-05,-0.221812,30
1,705,p1,118,3.13567e-05,-0.318247,30
1,706,p1,117,2.81175e-05,-0.2898,30
1,707,p1,156,2.75438e-05,-0.39975,30
1,708,p1,150,2.27576e-05,-0.26987,30
1,709,p1,103,2.37883e-05,-0.146577,30
1,710,p1,83,2.2745e-05,-0.0436695,30
1,711,p1,170,2.10163e-05,0.00291711,30
1,300,p1,143,7.29872e-05,5.01653,50
1,301,p1,134,7.33788e-05,5.15913,50
1,302,p1,102,7.57733e-05,5.01971,50
1,303,p1,151,7.52528e-05,5.292,50
1,304,p1,127,7.28737e-05,5.32161,50
1,305,p1,149,7.1861e-05,5.40417,50
1,306,p1,151,7.12116e-05,5.45893,50
1,307,p1,192,6.67059e-05,5.60314,50
1,308,p1,106,7.69255e-05,5.26495,50
1,309,p1,112,7.00582e-05,5.16114,50
1,712,p1,141,2.47737e-05,-0.0531211,30
1,713,p1,119,3.1919e-05,0.0348414,30
1,714,p1,143,3.08357e-05,-0.13456,30
1,715,p1,131,2.71715e-05,0.106836,30
1,716,p1,122,2.76646e-05,0.213725,30
1,717,p1,160,2.42221e-05,0.0347632,30
1,718,p1,174,3.34854e-05,0.0549154,30
1,719,p1,140,2.08268e-05,0.162986,30
1,720,p1,101,2.08475e-05,-0.0747497,30
1,721,p1,157,2.7964e-05,0.0459097,30
1,722,p1,95,2.98161e-05,0.00668615,30
1,723,p1,144,3.29704e-05,0.0564044,30
1,724,p1,130,2.60979e-05,0.00414974,30
1,725,p1,150,3.65071e-05,-0.0306533,30
1,726,p1,118,4.09853e-05,-0.109087,30
1,310,p1,183,7.35209e-05,5.50599,50
1,311,p1,87,6.75651e-05,6.57565,50
1,312,p1,119,7.04572e-05,6.34496,50
1,313,p1,129,7.21675e-05,6.0353,50
1,314,p1,173,7.28648e-05,6.00535,50
1,315,p1,113,7.4825e-05,6.25164,50
1,318,p1,1302,3.91522e-05,9.98415,10
1,316,p1,107,7.15652e-05,6.39556,50
1,317,p1,164,7.10704e-05,6.43807,50
1,318,p1,104,6.57785e-05,6.62718,50
1,319,p1,159,6.71637e-05,6.24125,50
1,320,p1,121,6.3719e-05,6.07869,50
1,321,p1,162,6.22333e-05,6.56315,50
1,322,p1,167,5.63177e-05,7.04642,50
1,323,p1,135,5.81959e-05,7.4409,50
1,324,p1,77,5.20745e-05,7.06142,50
1,325,p1,98,4.89067e-05,7.63002,50
1,326,p1,181,5.11201e-05,7.49308,50
1,727,p1,147,3.82584e-05,-0.0131853,30
1,728,p1,151,3.11282e-05,-0.0402696,30
1,729,p1,134,3.53756e-05,-0.132295,30
1,730,p1,112,3.39868e-05,0.0717418,30
1,731,p1,119,3.77053e-05,-0.175066,30
1,732,p1,146,3.3701e-05,-0.073707,30
1,733,p1,140,2.89171e-05,-0.131744,30
1,734,p1,136,2.82199e-05,-0.245352,30
1,735,p1,146,3.23356e-05,-0.289578,30
1,736,p1,129,2.9628e-05,-0.179668,30
1,327,p1,191,4.78873e-05,7.07477,50
1,737,p1,129,2.44595e-05,-0.0963842,30
1,738,p1,136,2.54182e-05,-0.285357,30
1,328,p1,112,4.65063e-05,7.53386,50
1,739,p1,162,2.85237e-05,-0.448932,30
1,329,p1,132,4.56267e-05,7.3381,50
1,740,p1,163,2.98263e-05,-0.161405,30
1,330,p1,105,5.21569e-05,7.41858,50
1,741,p1,124,2.75953e-05,-0.292869,30
1,331,p1,134,5.59429e-05,7.05693,50
1,332,p1,163,5.58049e-05,6.87981,50
1,333,p1,112,5.81983e-05,7.54824,50
1,334,p1,112,5.57394e-05,7.59355,50
1,335,p1,155,6.10522e-05,7.25573,50
1,336,p1,141,5.55483e-05,7.21148,50
1,319,p1,1342,3.97413e-05,9.98851,10
1,337,p1,126,4.67108e-05,7.71039,50
1,338,p1,109,5.01721e-05,8.10714,50
1,339,p1,135,5.87405e-05,7.08454,50
1,340,p1,119,5.71962e-05,7.11928,50
1,341,p1,185,5.64034e-05,7.51543,50
1,342,p1,124,5.56123e-05,7.00985,50
1,343,p1,116,5.03006e-05,7.45591,50
1,344,p1,104,5.10161e-05,7.2077,50
1,345,p1,162,5.98628e-05,7.02083,50
1,742,p1,115,2.70873e-05,-0.512564,30
1,743,p1,138,2.69904e-05,-0.338905,30
1,744,p1,131,2.92142e-05,-0.366259,30
1,745,p1,129,2.50397e-05,-0.263286,30
1,746,p1,121,2.73673e-05,-0.477572,30
1,747,p1,133,3.07801e-05,-0.328569,30
1,748,p1,148,2.96825e-05,-0.298153,30
1,749,p1,155,2.96616e-05,-0.383394,30
1,346,p1,117,5.86073e-05,6.81979,50
1,347,p1,174,5.74995e-05,6.86465,50
1,348,p1,180,4.95008e-05,8.10287,50
1,349,p1,125,5.6488e-05,6.82846,50
1,320,p1,1161,3.90617e-05,9.99322,10
1,321,p1,1334,3.79982e-05,9.99761,10
1,322,p1,1382,3.76797e-05,9.9793,10
1,600,p1,136,5.49073e-05,-0.36297,100
1,601,p1,159,5.8861e-05,0.27177,100
1,323,p1,1336,3.87348e-05,9.95402,10
1,324,p1,1241,3.88232e-05,9.95852,10
1,325,p1,1258,3.88959e-05,9.98631,10
1,326,p1,1319,4.04951e-05,10.0065,10
1,602,p1,95,5.47091e-05,0.506425,100
1,603,p1,164,5.14536e-05,0.016549,100
1,604,p1,166,5.18677e-05,-0.288822,100
1,605,p1,169,5.39249e-05,0.401263,100
1,606,p1,146,5.73607e-05,1.08381,100
1,607,p1,96,4.9439e-05,0.431506,100
1,608,p1,132,4.90631e-05,-0.149921,100
1,609,p1,156,4.83132e-05,-0.375704,100
1,610,p1,145,5.77125e-05,0.725379,100
1,611,p1,130,5.2134e-05,0.443952,100
1,612,p1,148,5.01801e-05,-0.114534,100
1,613,p1,146,5.41668e-05,0.494687,100
1,614,p1,114,5.67421e-05,0.0575536,100
1,327,p1,1387,3.92093e-05,9.97091,10
1,328,p1,1198,3.95507e-05,9.97098,10
1,615,p1,186,4.95184e-05,-0.127134,100
1,616,p1,92,5.49551e-05,0.0732297,100
1,617,p1,152,5.40588e-05,-0.107214,100
1,618,p1,136,5.48629e-05,-0.0404807,100
1,619,p1,92,5.80405e-05,0.403017,100
1,620,p1,142,5.33604e-05,0.453383,100
1,621,p1,150,5.70596e-05,0.356551,100
1,622,p1,115,5.43025e-05,0.191793,100
1,623,p1,126,5.61549e-05,-0.0522316,100
1,624,p1,107,5.73487e-05,-0.144664,100
1,625,p1,188,5.8636e-05,-0.149349,100
1,626,p1,149,5.71258e-05,-0.0614678,100
1,627,p1,126,5.8174e-05,-0.342709,100
1,329,p1,1286,4.01844e-05,9.99568,10
1,330,p1,1379,4.05557e-05,9.96461,10
1,331,p1,1300,4.02682e-05,9.97955,10
1,332,p1,1210,4.14699e-05,10.0064,10
1,333,p1,1194,4.01874e-05,10.0214,10
1,628,p1,113,5.66501e-05,-0.329554,100
1,629,p1,172,5.93476e-05,-0.525116,100
1,630,p1,130,6.16985e-05,-0.667742,100
1,631,p1,97,6.19428e-05,-0.696683,100
1,632,p1,181,6.13197e-05,-0.331798,100
1,633,p1,107,6.33898e-05,-0.642968,100
1,634,p1,132,6.43572e-05,-0.626187,100
1,635,p1,137,6.43702e-05,-0.511889,100
1,636,p1,137,6.48772e-05,-0.608455,100
1,637,p1,101,6.34129e-05,-1.08136,100
1,638,p1,157,6.41697e-05,-0.596961,100
1,639,p1,162,6.43299e-05,-0.722811,100
1,640,p1,96,6.15674e-05,-0.286572,100
1,334,p1,1296,4.07225e-05,10.0293,10
1,335,p1,1431,4.08577e-05,10.0033,10
1,336,p1,1366,4.01775e-05,9.97763,10
1,337,p1,1167,3.98504e-05,9.99142,10
1,338,p1,1345,4.12165e-05,9.97042,10
1,339,p1,1268,4.0365e-05,9.99274,10
1,340,p1,1473,4.04806e-05,9.98721,10
1,341,p1,1275,4.05643e-05,9.98161,10
1,342,p1,1273,4.01702e-05,10.0021,10
1,343,p1,1322,3.88557e-05,9.99158,10
1,641,p1,135,6.17616e-05,-0.0493996,100
1,642,p1,116,5.70132e-05,-0.149179,100
1,643,p1,135,6.59531e-05,-0.259931,100
1,644,p1,138,5.96912e-05,0.159821,100
1,645,p1,113,5.39737e-05,0.375741,100
1,646,p1,183,5.8752e-05,0.297714,100
1,647,p1,160,6.69309e-05,-0.16998,100
1,648,p1,85,6.75592e-05,-0.247087,100
1,649,p1,147,6.91735e-05,-0.319373,100
1,344,p1,1465,3.84608e-05,10.0233,10
1,345,p1,1376,3.69261e-05,9.9815,10
1,346,p1,1138,3.87949e-05,9.97642,10
1,347,p1,1264,3.7563e-05,10.0119,10
1,348,p1,1359,3.72739e-05,10.0063,10
1,349,p1,1337,3.67746e-05,10.002,10
1,600,p1,102,3.24947e-05,-3.29731,20
1,601,p1,165,3.42439e-05,-3.021,20
1,602,p1,140,3.49184e-05,-2.94015,20
1,603,p1,158,3.51426e-05,-2.96567,20
1,604,p1,93,2.81524e-05,-2.63734,20
1,605,p1,140,2.6237e-05,-2.40704,20
1,606,p1,106,2.92106e-05,-2.68381,20
1,607,p1,127,3.11619e-05,-2.45415,20
1,608,p1,125,2.99398e-05,-2.45757,20
1,609,p1,165,2.79003e-05,-2.32147,20
1,610,p1,103,2.92398e-05,-2.61311,20
1,611,p1,105,3.27302e-05,-2.6561,20
1,612,p1,186,3.39373e-05,-2.73189,20
1,613,p1,107,3.41497e-05,-2.89105,20
1,614,p1,198,3.37032e-05,-3.14034,20
1,615,p1,136,3.67788e-05,-3.02936,20
1,616,p1,159,3.73288e-05,-3.11826,20
1,617,p1,101,3.85492e-05,-2.77947,20
1,618,p1,180,4.13191e-05,-2.95605,20
1,619,p1,122,4.29199e-05,-2.61528,20
1,620,p1,106,4.37153e-05,-2.77356,20
1,621,p1,147,4.46508e-05,-2.63778,20
1,622,p1,154,4.454e-05,-2.58484,20
1,623,p1,145,4.01598e-05,-2.31562,20
1,624,p1,134,4.39561e-05,-2.09229,20
1,625,p1,152,4.1153e-05,-2.21141,20
1,626,p1,157,4.51935e-05,-2.29188,20
1,627,p1,118,4.23506e-05,-2.04916,20
1,628,p1,115,4.49909e-05,-2.04535,20
1,629,p1,139,4.45228e-05,-2.23551,20
1,630,p1,100,4.43235e-05,-2.18485,20
1,631,p1,114,4.63677e-05,-2.37548,20
1,632,p1,159,4.53499e-05,-2.48429,20
1,633,p1,160,4.55729e-05,-2.35216,20
1,634,p1,167,4.51666e-05,-2.32392,20
1,635,p1,125,4.8441e-05,-2.96309,20
1,636,p1,125,4.87002e-05,-2.73431,20
1,637,p1,162,4.9438e-05,-2.61409,20
1,638,p1,136,5.18274e-05,-3.02333,20
1,639,p1,120,5.06069e-05,-3.17287,20
1,640,p1,165,5.09253e-05,-3.15583,20
1,641,p1,113,5.27297e-05,-3.00759,20
1,642,p1,122,5.23508e-05,-3.08894,20
1,643,p1,164,5.29915e-05,-2.82286,20
1,644,p1,132,5.51923e-05,-2.95316,20
1,645,p1,128,5.54187e-05,-2.96008,20
1,646,p1,154,5.51056e-05,-2.50122,20
1,647,p1,169,5.5549e-05,-2.82437,20
1,648,p1,86,5.418e-05,-3.24607,20
1,649,p1,142,5.47667e-05,-2.96182,20
1,650,p1,143,6.75965e-05,-0.25088,100
1,651,p1,147,6.90522e-05,-0.531129,100
1,652,p1,99,6.85501e-05,-0.718192,100
1,653,p1,136,7.12616e-05,-0.764247,100
1,654,p1,206,6.92562e-05,-0.443482,100
1,655,p1,161,7.16681e-05,-0.760009,100
1,656,p1,109,7.2932e-05,-1.12779,100
1,657,p1,162,7.21121e-05,-1.2195,100
1,658,p1,120,7.22094e-05,-0.627076,100
1,659,p1,141,6.99165e-05,-0.796245,100
1,660,p1,146,6.70576e-05,-0.915355,100
1,661,p1,125,7.07555e-05,-1.1271,100
1,662,p1,143,7.20182e-05,-1.20987,100
1,663,p1,114,7.0639e-05,-0.894821,100
1,664,p1,140,6.6324e-05,-0.565009,100
1,665,p1,144,7.0021e-05,-0.810706,100
1,666,p1,93,7.21211e-05,-1.06014,100
1,667,p1,156,7.09063e-05,-1.17556,100
1,668,p1,178,6.71115e-05,-1.54596,100
1,669,p1,107,6.88453e-05,-1.4371,100
1,670,p1,141,6.80285e-05,-1.48483,100
1,671,p1,145,6.94162e-05,-1.32024,100
1,672,p1,152,6.79423e-05,-1.63252,100
1,673,p1,118,6.74802e-05,-1.72692,100
1,674,p1,138,6.61135e-05,-1.83152,100
1,675,p1,120,6.31378e-05,-2.0352,100
1,676,p1,149,7.01437e-05,-1.64171,100
1,677,p1,97,7.2547e-05,-1.42977,100
1,678,p1,151,7.03787e-05,-1.58342,100
1,679,p1,164,7.13904e-05,-1.34577,100
1,680,p1,132,6.68948e-05,-1.70188,100
1,681,p1,141,6.44824e-05,-1.79072,100
1,682,p1,113,6.92071e-05,-1.43833,100
1,683,p1,115,7.10287e-05,-1.27326,100
1,684,p1,141,6.25439e-05,-1.80216,100
1,685,p1,155,6.65542e-05,-1.54219,100
1,686,p1,136,6.57291e-05,-1.6582,100
1,687,p1,139,7.15543e-05,-1.33587,100
1,688,p1,157,7.09432e-05,-1.05396,100
1,689,p1,170,7.01422e-05,-1.02344,100
1,690,p1,139,6.94972e-05,-1.27996,100
1,691,p1,120,7.09191e-05,-1.02962,100
1,692,p1,151,7.08392e-05,-1.32672,100
1,693,p1,155,7.15147e-05,-1.15063,100
1,694,p1,117,7.47761e-05,-1.04869,100
1,695,p1,123,7.12337e-05,-1.60347,100
1,696,p1,128,7.32254e-05,-1.19426,100
1,697,p1,107,7.40982e-05,-1.11499,100
1,698,p1,151,7.34297e-05,-1.34868,100
1,699,p1,186,7.34842e-05,-1.38218,100
1,750,p1,143,2.53115e-05,-0.547004,30
1,751,p1,90,2.34469e-05,-0.0892548,30
1,752,p1,190,2.6747e-05,0.0285696,30
1,753,p1,145,2.37127e-05,-0.386747,30
1,754,p1,111,2.27936e-05,-0.361359,30
1,755,p1,96,2.15115e-05,-0.29794,30
1,756,p1,184,1.95441e-05,-0.212267,30
1,757,p1,185,1.64595e-05,-0.0776948,30
1,758,p1,131,2.31633e-05,-0.277164,30
1,759,p1,97,2.16644e-05,-0.305329,30
1,760,p1,153,1.91176e-05,-0.532061,30
1,761,p1,130,2.13917e-05,-0.58763,30
1,762,p1,137,1.99425e-05,-0.73936,30
1,350,p1,1215,3.71652e-05,9.98847,10
1,351,p1,1428,3.83734e-05,9.98385,10
1,352,p1,1217,3.77372e-05,9.9952,10
1,353,p1,1236,3.72756e-05,9.98225,10
1,350,p1,111,4.92521e-05,7.68899,50
1,351,p1,142,5.67432e-05,7.64711,50
1,354,p1,1385,3.83341e-05,9.97864,10
1,352,p1,152,4.77249e-05,7.70652,50
1,353,p1,190,4.64006e-05,8.31283,50
1,354,p1,110,4.54252e-05,6.84442,50
1,355,p1,113,4.74391e-05,7.09948,50
1,356,p1,167,4.32151e-05,7.60326,50
1,357,p1,158,4.66322e-05,7.26485,50
1,763,p1,75,2.23022e-05,-0.428127,30
1,764,p1,127,2.09353e-05,-0.308998,30
1,765,p1,169,2.14198e-05,-0.474187,30
1,766,p1,115,2.08771e-05,-0.237874,30
1,767,p1,140,2.24898e-05,-0.17411,30
1,768,p1,138,2.61618e-05,-0.472174,30
1,769,p1,97,2.445e-05,-0.327688,30
1,770,p1,114,2.41909e-05,-0.438029,30
1,771,p1,160,2.67691e-05,-0.622468,30
1,772,p1,125,2.70426e-05,-0.549517,30
1,773,p1,119,2.73512e-05,-0.806013,30
1,774,p1,126,2.64405e-05,-0.988922,30
1,775,p1,165,2.38378e-05,-0.360876,30
1,776,p1,114,2.44918e-05,-0.534525,30
1,355,p1,1451,3.83907e-05,9.99306,10
1,356,p1,1196,3.86385e-05,9.98609,10
1,357,p1,1273,3.66048e-05,10.0131,10
1,358,p1,166,4.96378e-05,6.97479,50
1,359,p1,157,4.78845e-05,7.13299,50
1,360,p1,78,4.51422e-05,6.147,50
1,361,p1,137,4.52001e-05,6.73319,50
1,362,p1,117,4.54913e-05,6.24949,50
1,363,p1,125,4.11626e-05,6.16021,50
1,364,p1,123,4.10341e-05,6.41936,50
1,365,p1,139,4.19453e-05,6.18627,50
1,366,p1,122,4.53773e-05,6.57441,50
1,367,p1,128,3.46899e-05,6.51151,50
1,368,p1,153,3.55726e-05,7.35321,50
1,358,p1,1499,3.5796e-05,10.0405,10
1,359,p1,1381,3.76365e-05,10.0261,10
1,777,p1,145,2.42098e-05,-0.237706,30
1,778,p1,179,2.35183e-05,-0.333732,30
1,779,p1,118,2.37123e-05,-0.0365998,30
1,780,p1,102,2.64413e-05,0.153283,30
1,781,p1,168,2.55669e-05,0.296689,30
1,782,p1,160,2.56287e-05,0.217843,30
1,783,p1,146,2.62005e-05,0.256652,30
1,784,p1,130,2.50373e-05,0.392178,30
1,785,p1,110,2.4781e-05,0.447615,30
1,786,p1,113,2.4561e-05,0.808823,30
1,787,p1,134,2.53172e-05,0.929157,30
1,788,p1,158,2.50857e-05,0.447986,30
1,789,p1,156,2.38616e-05,0.583989,30
1,790,p1,82,2.40705e-05,0.809,30
1,360,p1,1304,3.7513e-05,10.0062,10
1,361,p1,1316,3.69161e-05,9.98296,10
1,362,p1,1403,3.8018e-05,10.0024,10
1,363,p1,1360,3.7585e-05,10.0089,10
1,364,p1,1120,3.63651e-05,9.97811,10
1,791,p1,125,2.60557e-05,0.997742,30
1,792,p1,144,2.6835e-05,0.790827,30
1,793,p1,144,2.63718e-05,0.686873,30
1,794,p1,135,2.88593e-05,0.548894,30
1,369,p1,114,4.45576e-05,7.13949,50
1,795,p1,153,2.92928e-05,0.56562,30
1,370,p1,159,4.59731e-05,7.61839,50
1,796,p1,138,2.92675e-05,0.50668,30
1,797,p1,197,2.9018e-05,0.283224,30
1,371,p1,192,4.45622e-05,6.79876,50
1,798,p1,131,2.8855e-05,0.449134,30
1,372,p1,88,5.05514e-05,7.08068,50
1,799,p1,140,3.00179e-05,0.506446,30
1,373,p1,150,5.23311e-05,6.89322,50
1,374,p1,136,5.11778e-05,7.69612,50
1,375,p1,135,5.15827e-05,7.64877,50
1,376,p1,170,4.79076e-05,7.93691,50
1,650,p1,130,5.3258e-05,-3.06493,20
1,651,p1,88,5.18511e-05,-3.37897,20
1,652,p1,173,5.33947e-05,-3.74317,20
1,653,p1,126,5.10163e-05,-4.07856,20
1,654,p1,119,5.38984e-05,-3.99928,20
1,655,p1,145,5.2429e-05,-4.23079,20
1,656,p1,128,5.11249e-05,-4.12524,20
1,657,p1,151,4.98136e-05,-3.85662,20
1,658,p1,80,5.06914e-05,-4.04543,20
1,659,p1,106,4.64146e-05,-4.54549,20
1,660,p1,159,5.09274e-05,-4.24635,20
1,661,p1,148,4.55004e-05,-4.06307,20
1,662,p1,132,4.93629e-05,-4.05212,20
1,663,p1,95,4.85457e-05,-4.20901,20
1,664,p1,123,4.68524e-05,-4.33299,20
1,665,p1,136,4.01611e-05,-4.18831,20
1,666,p1,148,3.84471e-05,-4.19501,20
1,667,p1,115,3.49781e-05,-4.33159,20
1,668,p1,142,2.64459e-05,-4.2576,20
1,669,p1,159,3.31945e-05,-4.4255,20
1,670,p1,117,2.53382e-05,-4.23298,20
1,671,p1,125,2.97837e-05,-4.23103,20
1,672,p1,189,2.59982e-05,-4.16551,20
1,673,p1,135,1.93942e-05,-4.22213,20
1,674,p1,97,2.07774e-05,-4.10574,20
1,675,p1,132,2.37919e-05,-4.15404,20
1,676,p1,141,2.15412e-05,-4.26824,20
1,677,p1,109,1.56468e-05,-4.34829,20
1,365,p1,1346,3.83229e-05,10.0121,10
1,678,p1,129,1.70185e-05,-4.26242,20
1,679,p1,157,2.08412e-05,-4.27094,20
1,680,p1,126,2.23724e-05,-4.2543,20
1,681,p1,141,1.8535e-05,-4.26882,20
1,366,p1,1356,3.75659e-05,10.0207,10
1,682,p1,176,2.20017e-05,-4.48783,20
1,683,p1,112,2.35662e-05,-4.34401,20
1,684,p1,136,2.05161e-05,-4.41615,20
1,685,p1,128,2.07852e-05,-4.37187,20
1,686,p1,117,2.04778e-05,-4.28773,20
1,687,p1,153,1.8868e-05,-4.48982,20
1,688,p1,124,2.76649e-05,-4.27701,20
1,689,p1,90,2.46272e-05,-4.16153,20
1,690,p1,162,2.53475e-05,-4.01684,20
1,367,p1,1273,3.75239e-05,10.0114,10
1,691,p1,118,2.33482e-05,-4.06448,20
1,377,p1,98,4.45387e-05,8.05637,50
1,378,p1,115,4.29115e-05,7.92282,50
1,379,p1,171,4.53851e-05,8.26957,50
1,380,p1,139,4.85604e-05,7.79438,50
1,381,p1,103,4.28424e-05,8.25617,50
1,382,p1,143,5.00416e-05,8.23971,50
1,383,p1,122,4.79384e-05,8.12488,50
1,384,p1,160,4.60277e-05,7.25265,50
1,385,p1,124,4.81803e-05,7.96164,50
1,386,p1,126,5.35365e-05,7.45802,50
1,387,p1,143,5.65947e-05,7.53024,50
1,692,p1,135,2.04066e-05,-4.43917,20
1,693,p1,129,1.65438e-05,-4.32255,20
1,694,p1,166,1.93809e-05,-4.40519,20
1,695,p1,68,1.58056e-05,-4.32081,20
1,696,p1,140,1.92997e-05,-4.3089,20
1,697,p1,141,1.69478e-05,-4.37331,20
1,698,p1,131,2.06663e-05,-4.35437,20
1,699,p1,113,2.2344e-05,-4.22398,20
1,368,p1,1244,3.83446e-05,10.0083,10
1,369,p1,1273,4.00382e-05,9.99922,10
1,388,p1,164,6.14303e-05,7.33448,50
1,389,p1,115,5.70125e-05,8.15222,50
1,390,p1,141,5.40373e-05,8.3174,50
1,391,p1,118,5.24081e-05,8.37503,50
1,392,p1,144,6.32104e-05,7.95766,50
1,393,p1,154,6.08935e-05,7.95244,50
1,394,p1,165,6.36955e-05,7.63046,50
1,395,p1,162,6.67796e-05,7.26013,50
1,396,p1,122,6.59769e-05,7.46316,50
1,397,p1,149,6.20085e-05,7.65931,50
1,398,p1,121,5.73038e-05,7.67454,50
1,399,p1,131,5.78512e-05,7.51234,50
1,700,p1,166,7.5047e-05,-1.27902,100
1,701,p1,82,7.70107e-05,-0.871436,100
1,702,p1,132,7.83064e-05,-0.790876,100
1,703,p1,168,7.49731e-05,-0.600786,100
1,704,p1,157,7.37689e-05,-0.483705,100
1,705,p1,121,7.13701e-05,-0.110436,100
1,706,p1,117,7.45299e-05,-0.352244,100
1,707,p1,143,7.3774e-05,-0.189557,100
1,708,p1,139,6.6575e-05,0.260818,100
1,709,p1,115,6.89788e-05,0.0843431,100
1,710,p1,146,6.39381e-05,0.348565,100
1,711,p1,151,7.27481e-05,-0.115204,100
1,712,p1,124,7.19537e-05,-0.169891,100
1,713,p1,157,7.15153e-05,-0.263967,100
1,370,p1,1350,3.96636e-05,10.0027,10
1,714,p1,166,7.3991e-05,-0.192717,100
1,715,p1,117,7.11498e-05,-0.0396521,100
1,716,p1,123,7.44378e-05,-0.410059,100
1,717,p1,158,7.53341e-05,-0.348667,100
1,718,p1,193,7.59125e-05,-0.436432,100
1,719,p1,114,7.0611e-05,-0.464406,100
1,720,p1,117,7.29403e-05,-0.441812,100
1,721,p1,156,7.31084e-05,-0.337383,100
1,722,p1,132,6.91365e-05,0.0394014,100
1,723,p1,130,5.89879e-05,0.288714,100
1,724,p1,137,5.94118e-05,0.320808,100
1,725,p1,107,5.74199e-05,0.354747,100
1,726,p1,140,6.16918e-05,0.0949759,100
1,727,p1,219,6.98107e-05,-0.160318,100
1,728,p1,94,7.08963e-05,-0.195846,100
1,729,p1,172,7.00296e-05,-0.220608,100
1,730,p1,110,6.14401e-05,0.409714,100
1,731,p1,148,5.66997e-05,0.576248,100
1,732,p1,162,7.12862e-05,0.0967025,100
1,733,p1,142,7.28548e-05,0.0389826,100
1,734,p1,149,7.05385e-05,0.152389,100
1,735,p1,107,7.93506e-05,0.010036,100
1,736,p1,129,8.01292e-05,-0.26119,100
1,737,p1,165,8.07221e-05,-0.683032,100
1,738,p1,118,8.22296e-05,-0.664138,100
1,739,p1,122,8.14233e-05,-0.529703,100
1,740,p1,122,8.11015e-05,-0.137481,100
1,371,p1,1232,3.89832e-05,10.0085,10
1,372,p1,1262,3.88059e-05,10.0088,10
1,373,p1,1252,3.92538e-05,10.0159,10
1,741,p1,171,8.23749e-05,-0.208049,100
1,742,p1,122,8.23149e-05,-0.284715,100
1,743,p1,135,8.07849e-05,-0.258913,100
1,744,p1,162,7.95458e-05,-0.0708002,100
1,745,p1,96,8.16048e-05,-0.240263,100
1,746,p1,144,7.87883e-05,-0.0615149,100
1,747,p1,187,7.73935e-05,-0.0353046,100
1,748,p1,158,7.66604e-05,0.231574,100
1,749,p1,125,7.52189e-05,-0.10683,100
1,374,p1,1518,3.90435e-05,9.99537,10
1,375,p1,1342,3.88938e-05,10.0306,10
1,376,p1,1337,3.89998e-05,10.0103,10
1,377,p1,1244,3.88648e-05,10.0077,10
1,378,p1,1309,3.91722e-05,10.0117,10
1,700,p1,145,1.57496e-05,-4.39193,20
1,701,p1,137,1.83665e-05,-4.30826,20
1,702,p1,125,2.03693e-05,-4.26314,20
1,703,p1,98,1.84642e-05,-4.18452,20
1,704,p1,120,1.53066e-05,-4.24332,20
1,705,p1,171,1.74279e-05,-4.05367,20
1,706,p1,164,2.08903e-05,-3.92173,20
1,707,p1,132,2.11212e-05,-4.001,20
1,708,p1,134,1.58624e-05,-3.83981,20
1,709,p1,140,1.69709e-05,-4.03886,20
1,710,p1,173,1.82327e-05,-4.07269,20
1,711,p1,97,2.43671e-05,-4.08726,20
1,712,p1,167,2.63835e-05,-3.87215,20
1,713,p1,155,2.25066e-05,-3.98847,20
1,714,p1,126,2.2147e-05,-3.88172,20
1,715,p1,108,2.81044e-05,-3.73912,20
1,716,p1,157,2.33608e-05,-3.779,20
1,717,p1,145,2.27403e-05,-4.11952,20
1,718,p1,197,2.45228e-05,-3.85264,20
1,719,p1,107,2.58643e-05,-3.53338,20
1,720,p1,130,2.48296e-05,-3.55205,20
1,721,p1,154,2.68207e-05,-3.43374,20
1,722,p1,147,2.44667e-05,-3.41219,20
1,723,p1,116,2.53586e-05,-3.48984,20
1,724,p1,133,2.34513e-05,-3.59099,20
1,725,p1,126,2.07351e-05,-3.48469,20
1,726,p1,148,1.82054e-05,-3.54483,20
1,727,p1,117,2.22606e-05,-3.34336,20
1,728,p1,122,2.39102e-05,-3.21969,20
1,729,p1,188,2.8808e-05,-3.52293,20
1,730,p1,134,2.58707e-05,-3.35296,20
1,379,p1,1444,3.91689e-05,10.0272,10
1,380,p1,1370,3.78002e-05,10.0144,10
1,731,p1,110,3.07756e-05,-3.2353,20
1,732,p1,195,3.84651e-05,-3.16519,20
1,733,p1,122,3.8796e-05,-2.82224,20
1,734,p1,139,3.6878e-05,-3.1498,20
1,735,p1,165,3.93401e-05,-3.07902,20
1,736,p1,162,4.13033e-05,-2.97439,20
1,381,p1,1297,3.86923e-05,10.0293,10
1,737,p1,104,3.99695e-05,-2.97551,20
1,738,p1,111,3.93032e-05,-3.01581,20
1,739,p1,147,4.1492e-05,-2.86819,20
1,740,p1,165,3.93592e-05,-2.98364,20
1,741,p1,109,4.00972e-05,-3.02527,20
1,742,p1,114,4.10349e-05,-3.11781,20
1,743,p1,155,4.01205e-05,-3.03632,20
1,744,p1,185,4.5323e-05,-2.98449,20
1,745,p1,149,4.37066e-05,-2.91026,20
1,746,p1,106,4.06973e-05,-2.85467,20
1,747,p1,108,4.6256e-05,-2.95814,20
1,748,p1,144,4.77717e-05,-2.83555,20
1,749,p1,121,4.77686e-05,-2.49057,20
1,382,p1,1314,3.92824e-05,10.0242,10
1,383,p1,1404,3.98801e-05,10.011,10
1,384,p1,1358,4.03682e-05,10.0318,10
1,385,p1,1179,3.96419e-05,10.0071,10
1,800,p1,125,3.12598e-05,0.421722,30
1,801,p1,175,3.22253e-05,0.414297,30
1,802,p1,134,3.33318e-05,0.128886,30
1,803,p1,152,3.33672e-05,0.0555685,30
1,804,p1,103,3.36497e-05,0.158927,30
1,805,p1,118,3.50941e-05,0.45762,30
1,806,p1,163,3.58839e-05,0.299481,30
1,807,p1,173,3.32241e-05,0.310929,30
1,808,p1,130,3.27056e-05,0.564829,30
1,809,p1,141,3.32013e-05,0.397941,30
1,810,p1,169,3.3444e-05,0.709844,30
1,811,p1,141,3.49356e-05,0.134492,30
1,812,p1,132,3.62509e-05,0.509699,30
1,813,p1,152,3.53428e-05,0.512292,30
1,814,p1,91,3.45097e-05,0.0543349,30
1,750,p1,157,7.95868e-05,-0.0817112,100
1,751,p1,125,7.57808e-05,0.194616,100
1,752,p1,143,7.28813e-05,0.465109,100
1,753,p1,115,7.09161e-05,0.342661,100
1,754,p1,153,7.13241e-05,0.196644,100
1,755,p1,140,7.29138e-05,0.28937,100
1,756,p1,143,6.92975e-05,0.225672,100
1,757,p1,158,7.52207e-05,0.0670794,100
1,758,p1,124,7.56917e-05,-0.125352,100
1,759,p1,152,7.00567e-05,0.14615,100
1,760,p1,86,7.28164e-05,0.165297,100
1,761,p1,117,7.21218e-05,0.0991707,100
1,762,p1,182,6.78088e-05,0.3621,100
1,763,p1,93,6.41866e-05,0.661841,100
1,764,p1,120,6.17396e-05,0.712104,100
1,765,p1,175,6.86921e-05,0.499386,100
1,766,p1,111,6.21037e-05,0.682845,100
1,767,p1,150,6.79011e-05,0.480639,100
1,768,p1,143,6.54369e-05,0.710271,100
1,769,p1,145,6.56117e-05,0.760212,100
1,770,p1,98,7.46163e-05,0.0836626,100
1,386,p1,1326,4.0404e-05,10.0065,10
1,771,p1,156,7.46051e-05,0.192837,100
1,772,p1,197,7.5185e-05,0.29634,100
1,773,p1,103,8.60298e-05,-0.279584,100
1,774,p1,115,8.39543e-05,-0.0743767,100
1,775,p1,146,7.50143e-05,0.214513,100
1,776,p1,114,7.96918e-05,0.422693,100
1,777,p1,103,8.13333e-05,0.376334,100
1,778,p1,144,7.70696e-05,0.96782,100
1,779,p1,114,7.60088e-05,0.65757,100
1,780,p1,146,6.73093e-05,1.02918,100
1,781,p1,113,7.30825e-05,0.742878,100
1,782,p1,167,7.23667e-05,0.792325,100
1,783,p1,131,6.1659e-05,1.39432,100
1,784,p1,137,6.57075e-05,1.4141,100
1,785,p1,123,6.64875e-05,1.26538,100
1,786,p1,106,6.79032e-05,1.45035,100
1,787,p1,124,6.16152e-05,1.54049,100
1,788,p1,120,5.67965e-05,1.35682,100
1,789,p1,133,5.9273e-05,1.24963,100
1,790,p1,171,6.48967e-05,1.33734,100
1,791,p1,151,6.80757e-05,0.944895,100
1,792,p1,126,5.10009e-05,1.84578,100
1,793,p1,128,5.82379e-05,1.7851,100
1,794,p1,105,6.77891e-05,1.16541,100
1,795,p1,136,5.96994e-05,1.66338,100
1,796,p1,164,6.18112e-05,1.86419,100
1,797,p1,149,5.60184e-05,2.01655,100
1,798,p1,141,5.83489e-05,2.3416,100
1,799,p1,102,4.9951e-05,2.64864,100
1,815,p1,136,3.61465e-05,0.302887,30
1,816,p1,149,3.68065e-05,0.52821,30
1,817,p1,137,3.7412e-05,0.382444,30
1,818,p1,152,3.57235e-05,0.237863,30
1,819,p1,111,3.61265e-05,0.251194,30
1,820,p1,166,3.91182e-05,0.439195,30
1,821,p1,124,3.64799e-05,0.695781,30
1,822,p1,120,3.6649e-05,0.796048,30
1,823,p1,140,3.7476e-05,0.474802,30
1,824,p1,128,3.89011e-05,0.953738,30
1,825,p1,186,4.05359e-05,0.721644,30
1,826,p1,113,3.84012e-05,0.37269,30
1,387,p1,1365,4.08991e-05,9.99067,10
1,388,p1,1393,4.00853e-05,10.019,10
1,827,p1,140,3.86332e-05,0.492832,30
1,828,p1,110,3.98508e-05,0.397125,30
1,829,p1,159,4.07573e-05,0.521356,30
1,830,p1,133,4.17757e-05,0.476865,30
1,831,p1,143,4.07277e-05,0.605264,30
1,832,p1,161,4.14598e-05,0.424481,30
1,833,p1,136,3.94942e-05,0.326481,30
1,834,p1,170,3.69356e-05,0.317167,30
1,835,p1,127,3.92247e-05,0.825136,30
1,836,p1,156,4.08348e-05,0.959252,30
1,837,p1,113,4.28624e-05,1.07019,30
1,838,p1,149,4.03376e-05,0.771757,30
1,839,p1,134,4.29433e-05,1.14782,30
1,840,p1,159,4.48196e-05,0.886021,30
1,841,p1,136,4.53858e-05,0.887825,30
1,842,p1,113,4.66258e-05,0.994745,30
1,843,p1,128,4.69131e-05,0.815921,30
1,844,p1,177,4.80604e-05,0.757028,30
1,845,p1,165,4.97346e-05,1.07198,30
1,846,p1,128,4.99673e-05,1.34082,30
1,847,p1,149,4.93435e-05,1.20955,30
1,848,p1,142,4.93094e-05,1.30009,30
1,849,p1,112,4.99414e-05,1.07242,30
1,750,p1,92,4.49675e-05,-2.98165,20
1,751,p1,125,4.46118e-05,-3.45633,20
1,752,p1,171,4.79158e-05,-3.22919,20
1,753,p1,114,4.79701e-05,-3.12868,20
1,754,p1,173,4.57758e-05,-3.48802,20
1,755,p1,105,4.47193e-05,-3.1602,20
1,756,p1,150,4.39176e-05,-3.12617,20
1,757,p1,178,4.38488e-05,-3.64764,20
1,758,p1,104,4.31712e-05,-3.90626,20
1,759,p1,104,4.35258e-05,-4.26189,20
1,760,p1,149,4.16483e-05,-3.74999,20
1,761,p1,137,4.36915e-05,-4.05322,20
1,762,p1,146,4.09749e-05,-4.27736,20
1,763,p1,120,4.19201e-05,-3.9336,20
1,764,p1,133,4.24719e-05,-4.08842,20
1,765,p1,106,4.05425e-05,-4.42141,20
1,766,p1,127,4.11926e-05,-3.7592,20
1,767,p1,134,4.00643e-05,-4.07891,20
1,768,p1,131,4.29742e-05,-4.04816,20
1,769,p1,121,4.44403e-05,-4.21124,20
1,770,p1,143,4.33603e-05,-4.23932,20
1,771,p1,131,4.36577e-05,-3.85848,20
1,772,p1,106,4.53329e-05,-3.99436,20
1,773,p1,149,4.51421e-05,-3.97612,20
1,774,p1,154,4.53827e-05,-3.98677,20
1,775,p1,144,4.4274e-05,-4.36735,20
1,776,p1,123,4.53801e-05,-3.85408,20
1,777,p1,128,4.48679e-05,-3.95943,20
1,778,p1,182,4.65533e-05,-3.93165,20
1,389,p1,1315,4.00498e-05,9.99998,10
1,390,p1,1290,4.11711e-05,9.99544,10
1,779,p1,159,4.18591e-05,-4.07527,20
1,780,p1,158,4.41644e-05,-4.05158,20
1,781,p1,134,4.57853e-05,-3.86613,20
1,782,p1,122,4.68493e-05,-3.51616,20
1,783,p1,142,4.76019e-05,-4.13102,20
1,784,p1,152,4.80945e-05,-3.47953,20
1,785,p1,128,4.65555e-05,-3.26906,20
1,786,p1,178,4.56525e-05,-3.21534,20
1,787,p1,152,4.80153e-05,-3.42038,20
1,788,p1,116,4.6775e-05,-3.32238,20
1,789,p1,143,4.64123e-05,-3.2652,20
1,790,p1,188,4.66214e-05,-3.53871,20
1,791,p1,91,4.53303e-05,-2.31831,20
1,391,p1,1370,4.08687e-05,10.0128,10
1,392,p1,1272,4.00635e-05,10.0046,10
1,400,p1,127,5.59765e-05,6.93009,50
1,401,p1,118,5.86444e-05,6.93078,50
1,402,p1,123,5.34642e-05,7.15451,50
1,403,p1,134,5.85531e-05,6.44277,50
1,404,p1,129,5.93958e-05,6.70825,50
1,405,p1,112,5.37233e-05,6.67672,50
1,406,p1,107,5.78505e-05,6.7675,50
1,407,p1,166,6.12201e-05,6.58893,50
1,408,p1,121,5.33819e-05,7.20655,50
1,409,p1,121,5.78318e-05,6.3223,50
1,410,p1,123,5.61052e-05,6.34184,50
1,411,p1,146,5.35464e-05,7.23135,50
1,792,p1,120,4.59785e-05,-2.05898,20
1,793,p1,169,4.47484e-05,-2.23708,20
1,794,p1,145,4.76554e-05,-2.08211,20
1,795,p1,110,5.0424e-05,-2.75477,20
1,796,p1,113,4.86671e-05,-2.66592,20
1,797,p1,147,4.94717e-05,-2.23436,20
1,798,p1,135,5.37564e-05,-2.0879,20
1,799,p1,119,5.35506e-05,-2.8006,20
1,412,p1,110,5.69289e-05,6.41987,50
1,413,p1,103,5.80616e-05,5.99431,50
1,414,p1,142,5.51247e-05,6.6203,50
1,415,p1,149,5.48664e-05,6.84074,50
1,416,p1,114,5.03101e-05,6.92904,50
1,417,p1,129,5.44742e-05,6.71407,50
1,418,p1,117,5.56465e-05,6.52647,50
1,419,p1,179,5.36481e-05,6.605,50
1,420,p1,132,4.57487e-05,6.56131,50
1,421,p1,109,5.10542e-05,5.80869,50
1,422,p1,118,4.41306e-05,6.03097,50
1,393,p1,1293,3.903e-05,10.0187,10
1,423,p1,119,4.2699e-05,6.07187,50
1,424,p1,145,4.62497e-05,5.98359,50
1,425,p1,77,4.51341e-05,5.69716,50
1,426,p1,121,4.16047e-05,5.80355,50
1,394,p1,1220,3.98298e-05,9.9849,10
1,427,p1,170,3.61969e-05,5.78766,50
1,428,p1,115,3.8456e-05,5.48911,50
1,429,p1,133,4.02072e-05,5.49267,50
1,430,p1,133,4.48103e-05,5.25042,50
1,431,p1,134,4.39586e-05,5.67873,50
1,432,p1,153,4.13065e-05,6.29932,50
1,433,p1,120,4.53441e-05,5.87498,50
1,434,p1,148,4.97156e-05,6.06384,50
1,435,p1,152,4.9167e-05,6.34028,50
1,436,p1,101,3.69655e-05,5.95861,50
1,437,p1,131,4.86006e-05,6.03959,50
1,438,p1,107,4.43685e-05,6.70956,50
1,439,p1,128,4.42255e-05,6.4668,50
1,440,p1,134,4.86233e-05,6.34633,50
1,441,p1,140,4.47421e-05,6.8552,50
1,442,p1,133,4.31065e-05,6.77077,50
1,443,p1,141,4.59828e-05,7.10599,50
1,444,p1,133,4.50893e-05,7.00029,50
1,445,p1,130,4.24879e-05,6.5932,50
1,446,p1,94,4.41789e-05,6.98086,50
1,447,p1,135,4.4054e-05,6.94774,50
1,395,p1,1255,3.93043e-05,9.98522,10
1,396,p1,1386,3.92728e-05,9.95361,10
1,397,p1,1330,3.89976e-05,9.99755,10
1,398,p1,1183,3.93633e-05,9.99239,10
1,399,p1,1430,3.9776e-05,9.98655,10
1,448,p1,152,4.08654e-05,6.26614,50
1,449,p1,125,4.2872e-05,6.52398,50
1,800,p1,152,6.09544e-05,2.52295,100
1,801,p1,166,6.30071e-05,1.94208,100
1,802,p1,184,6.31207e-05,2.14858,100
1,803,p1,170,7.91197e-05,1.24743,100
1,804,p1,138,7.51867e-05,1.58708,100
1,805,p1,113,7.11403e-05,1.95922,100
1,806,p1,169,8.4229e-05,1.18293,100
1,807,p1,170,8.89524e-05,0.833969,100
1,808,p1,102,8.8985e-05,0.605652,100
1,809,p1,119,8.66665e-05,0.661722,100
1,810,p1,160,8.18012e-05,0.832454,100
1,811,p1,94,8.24892e-05,0.723779,100
1,812,p1,94,8.75979e-05,0.211913,100
1,813,p1,113,8.83902e-05,0.457318,100
1,814,p1,104,8.35235e-05,0.5346,100
1,815,p1,150,9.04418e-05,0.00559865,100
1,816,p1,142,8.63209e-05,-0.14598,100
1,817,p1,87,8.55404e-05,0.0287266,100
1,818,p1,120,8.95316e-05,-0.14011,100
1,819,p1,183,8.60197e-05,-0.0012306,100
1,820,p1,131,8.80529e-05,-0.496429,100
1,821,p1,96,8.70915e-05,-0.357553,100
1,822,p1,146,8.58017e-05,-0.311293,100
1,823,p1,129,8.38543e-05,-0.102233,100
1,824,p1,140,8.01515e-05,0.000823039,100
1,825,p1,128,8.4346e-05,-0.595303,100
1,826,p1,118,9.26727e-05,-0.725441,100
1,827,p1,109,9.31601e-05,-1.01935,100
1,828,p1,180,8.5686e-05,-1.00988,100
1,829,p1,82,8.55547e-05,-0.459958,100
1,830,p1,126,8.58409e-05,-0.124816,100
1,831,p1,162,8.73664e-05,-0.698626,100
1,832,p1,138,7.67851e-05,-0.413479,100
1,833,p1,119,8.25175e-05,-0.907825,100
1,834,p1,157,8.5268e-05,-1.16426,100
1,835,p1,104,8.42178e-05,-1.12327,100
1,836,p1,166,8.53582e-05,-1.08446,100
1,837,p1,126,8.5559e-05,-1.10065,100
1,838,p1,95,8.29302e-05,-0.575106,100
1,839,p1,201,7.77529e-05,-0.37869,100
1,840,p1,173,8.95735e-05,-0.91406,100
1,841,p1,70,8.0052e-05,-1.09551,100
1,842,p1,96,8.69699e-05,-1.4228,100
1,843,p1,147,9.05451e-05,-1.45476,100
1,844,p1,169,9.17289e-05,-1.63512,100
1,845,p1,102,9.8268e-05,-2.35003,100
1,846,p1,155,9.50437e-05,-1.92785,100
1,847,p1,125,9.55075e-05,-1.726,100
1,848,p1,144,9.22572e-05,-1.52555,100
1,849,p1,71,9.99633e-05,-1.98151,100
1,850,p1,120,0.000104678,-2.14105,100
1,851,p1,143,9.31454e-05,-1.43933,100
1,852,p1,144,9.74993e-05,-1.80278,100
1,853,p1,152,9.65623e-05,-1.69176,100
1,854,p1,121,9.7297e-05,-1.84575,100
1,855,p1,137,0.000102653,-2.12507,100
1,856,p1,139,0.000100359,-1.77572,100
1,857,p1,128,9.24866e-05,-1.49489,100
1,858,p1,151,0.000111839,-2.26911,100
1,859,p1,161,0.000107405,-2.28697,100
1,860,p1,176,0.000105768,-2.02853,100
1,861,p1,112,0.000100756,-1.30947,100
1,862,p1,148,9.3897e-05,-1.20875,100
1,863,p1,110,9.78645e-05,-1.15701,100
1,864,p1,108,9.47492e-05,-1.27853,100
1,865,p1,202,9.53304e-05,-1.16675,100
1,866,p1,175,9.99425e-05,-1.66859,100
1,867,p1,97,0.000103021,-1.62949,100
1,868,p1,139,9.54863e-05,-0.95675,100
1,869,p1,148,0.000103519,-1.59465,100
1,870,p1,97,0.000100947,-1.67762,100
1,871,p1,143,9.46902e-05,-1.19758,100
1,872,p1,167,8.73631e-05,-0.530786,100
1,873,p1,98,8.89213e-05,-0.900957,100
1,874,p1,186,9.80928e-05,-1.14612,100
1,875,p1,138,0.000102328,-1.66359,100
1,850,p1,154,4.98332e-05,1.01157,30
1,851,p1,107,5.04485e-05,0.733161,30
1,852,p1,159,5.10073e-05,0.896702,30
1,853,p1,93,5.15083e-05,1.18266,30
1,854,p1,131,5.18938e-05,1.02942,30
1,855,p1,149,5.14441e-05,0.957909,30
1,856,p1,134,5.28347e-05,1.18818,30
1,857,p1,153,5.22726e-05,1.12073,30
1,858,p1,135,5.27388e-05,1.24743,30
1,859,p1,153,5.16459e-05,0.960097,30
1,860,p1,142,5.3053e-05,1.48111,30
1,861,p1,138,5.09307e-05,1.85084,30
1,862,p1,120,5.37448e-05,1.89376,30
1,863,p1,133,4.95794e-05,1.57656,30
1,864,p1,137,5.05387e-05,1.35157,30
1,865,p1,116,4.95418e-05,2.39575,30
1,866,p1,129,5.12009e-05,1.57547,30
1,867,p1,119,5.09025e-05,1.33103,30
1,868,p1,131,5.23428e-05,1.79689,30
1,869,p1,109,5.07158e-05,1.71395,30
1,870,p1,127,5.29751e-05,1.4352,30
1,871,p1,132,5.09421e-05,2.13233,30
1,872,p1,134,5.08432e-05,1.9897,30
1,873,p1,147,4.99593e-05,1.94111,30
1,874,p1,117,5.26426e-05,1.97759,30
1,875,p1,136,5.40906e-05,1.7883,30
1,876,p1,146,5.29391e-05,2.24393,30
1,877,p1,154,5.22791e-05,1.79636,30
1,878,p1,132,4.9439e-05,1.37945,30
1,879,p1,139,5.14163e-05,0.50288,30
1,880,p1,133,5.01741e-05,0.946814,30
1,881,p1,161,5.3843e-05,0.980364,30
1,882,p1,102,5.27264e-05,0.856829,30
1,883,p1,179,5.26546e-05,0.730833,30
1,884,p1,180,5.25946e-05,0.768686,30
1,885,p1,117,5.01205e-05,0.54182,30
1,886,p1,117,5.02148e-05,0.689528,30
1,887,p1,160,4.93195e-05,0.965446,30
1,888,p1,142,5.10796e-05,1.02257,30
1,889,p1,114,4.97307e-05,0.790961,30
1,890,p1,103,5.24932e-05,0.933031,30
1,891,p1,151,5.33709e-05,1.07504,30
1,876,p1,123,8.88862e-05,-0.564123,100
1,877,p1,125,9.60614e-05,-1.26497,100
1,878,p1,148,0.000101575,-1.50652,100
1,879,p1,129,0.000110125,-1.99925,100
1,880,p1,181,0.000102147,-1.63984,100
1,881,p1,112,0.000106973,-1.66462,100
1,882,p1,144,0.000108512,-1.8865,100
1,883,p1,120,0.00010604,-1.71608,100
1,884,p1,169,0.000103814,-1.93563,100
1,885,p1,66,0.000104652,-1.949,100
1,886,p1,111,0.000105185,-1.81212,100
1,887,p1,111,9.94205e-05,-1.59562,100
1,888,p1,180,0.000110742,-2.54264,100
1,889,p1,111,0.00011941,-3.50322,100
1,890,p1,124,0.000114336,-2.97368,100
1,891,p1,165,0.000116131,-2.72236,100
1,892,p1,125,0.000119355,-2.64055,100
1,893,p1,113,0.000117519,-2.85036,100
1,894,p1,120,0.000117476,-3.25869,100
1,895,p1,146,0.000121046,-3.37009,100
1,896,p1,120,0.000121366,-3.3232,100
1,897,p1,215,0.000120934,-3.18105,100
1,892,p1,134,5.06948e-05,0.78198,30
1,898,p1,148,0.000118277,-2.68911,100
1,899,p1,129,0.000119498,-2.98354,100
1,893,p1,138,4.9613e-05,0.603311,30
1,894,p1,143,4.99122e-05,0.242928,30
1,895,p1,169,5.39566e-05,0.641958,30
1,896,p1,89,5.13994e-05,0.442845,30
1,897,p1,115,5.34015e-05,0.479064,30
1,898,p1,148,5.38582e-05,0.657127,30
1,899,p1,109,5.10946e-05,0.672081,30
1,800,p1,107,5.36645e-05,-1.64699,20
1,801,p1,148,5.33542e-05,-2.31137,20
1,802,p1,150,5.23182e-05,-2.28236,20
1,803,p1,117,5.37282e-05,-2.32935,20
1,804,p1,134,5.08198e-05,-1.10615,20
1,805,p1,166,5.17007e-05,-0.805211,20
1,806,p1,138,5.17255e-05,-1.32944,20
1,807,p1,92,5.28539e-05,-1.41094,20
1,808,p1,136,4.6516e-05,-1.27306,20
1,809,p1,152,4.91112e-05,-1.26269,20
1,810,p1,84,4.53642e-05,-0.484017,20
1,811,p1,177,4.52201e-05,-0.997492,20
1,812,p1,147,4.25242e-05,-0.696292,20
1,813,p1,98,4.36865e-05,-1.08478,20
1,814,p1,149,4.80109e-05,-0.669963,20
1,815,p1,119,5.03019e-05,-0.971859,20
1,816,p1,173,4.46507e-05,-0.514799,20
1,817,p1,170,4.25777e-05,-0.6757,20
1,818,p1,123,3.76833e-05,-0.534741,20
1,819,p1,102,4.10179e-05,-0.700849,20
1,820,p1,199,4.20762e-05,-0.849305,20
1,821,p1,123,4.32111e-05,-1.06223,20
1,822,p1,112,4.20293e-05,-0.86642,20
1,823,p1,191,4.9771e-05,-1.37163,20
1,824,p1,125,4.93322e-05,-1.80769,20
1,450,p1,133,3.90248e-05,6.29453,50
1,451,p1,126,3.87783e-05,6.18096,50
1,452,p1,152,3.76755e-05,5.88436,50
1,453,p1,112,3.43993e-05,5.75893,50
1,454,p1,152,3.58369e-05,6.02936,50
1,455,p1,123,3.28184e-05,5.76585,50
1,456,p1,147,3.42744e-05,6.15624,50
1,457,p1,130,3.61991e-05,6.32402,50
1,458,p1,123,3.32362e-05,5.56535,50
1,459,p1,107,2.96991e-05,5.18901,50
1,460,p1,129,3.0887e-05,5.63967,50
1,461,p1,153,3.31868e-05,6.16066,50
1,462,p1,159,3.25998e-05,5.77369,50
1,463,p1,130,3.20098e-05,5.66207,50
1,464,p1,104,3.20645e-05,5.79168,50
1,465,p1,121,3.19486e-05,5.90169,50
1,466,p1,114,3.56194e-05,6.30956,50
1,467,p1,144,3.45009e-05,6.06416,50
1,468,p1,164,3.0438e-05,5.56184,50
1,469,p1,141,2.85997e-05,5.3675,50
1,470,p1,142,2.97379e-05,5.45534,50
1,471,p1,183,3.16499e-05,5.56907,50
1,472,p1,125,3.39466e-05,5.65288,50
1,473,p1,105,3.1258e-05,5.65855,50
1,474,p1,130,3.16257e-05,5.74634,50
1,475,p1,145,2.80908e-05,5.20162,50
1,476,p1,131,3.70005e-05,6.1491,50
1,477,p1,139,3.37019e-05,5.87383,50
1,478,p1,91,3.15348e-05,5.58,50
1,479,p1,168,3.72189e-05,6.27615,50
1,480,p1,125,3.93184e-05,6.51722,50
1,481,p1,160,3.79152e-05,6.3706,50
1,482,p1,133,3.73735e-05,6.06591,50
1,483,p1,129,3.41731e-05,5.88751,50
1,484,p1,123,4.10566e-05,6.57561,50
1,485,p1,120,4.35302e-05,6.33947,50
1,486,p1,166,4.43147e-05,6.88553,50
1,487,p1,148,4.32955e-05,6.8715,50
1,488,p1,107,4.40702e-05,7.18647,50
1,489,p1,138,4.28397e-05,6.92473,50
1,490,p1,187,4.55586e-05,7.05678,50
1,491,p1,115,4.63399e-05,7.11785,50
1,492,p1,144,4.26379e-05,6.98534,50
1,493,p1,189,4.66279e-05,8.04045,50
1,494,p1,143,4.67196e-05,7.69747,50
1,495,p1,128,4.40015e-05,7.2354,50
1,496,p1,202,4.46975e-05,7.31757,50
1,497,p1,112,4.70233e-05,7.8804,50
1,498,p1,136,4.65422e-05,7.79135,50
1,825,p1,125,4.1049e-05,-0.839376,20
1,826,p1,105,4.53524e-05,-1.52422,20
1,827,p1,179,4.63172e-05,-1.15815,20
1,828,p1,130,4.17251e-05,-0.907236,20
1,829,p1,147,4.20577e-05,-0.424532,20
1,830,p1,119,4.86036e-05,-1.71991,20
1,831,p1,117,4.90522e-05,-1.55136,20
1,832,p1,129,4.66063e-05,-1.02676,20
1,833,p1,135,4.58985e-05,-0.881875,20
1,834,p1,136,4.04404e-05,-0.187035,20
1,835,p1,132,4.19034e-05,0.153467,20
1,836,p1,139,4.73969e-05,-0.233891,20
1,837,p1,155,4.91596e-05,-0.785185,20
1,838,p1,132,4.98568e-05,-0.684947,20
1,839,p1,142,5.06031e-05,-1.13841,20
1,900,p1,140,4.98712e-05,0.801772,30
1,901,p1,92,5.23683e-05,1.07989,30
1,902,p1,115,5.17452e-05,0.838394,30
1,903,p1,150,4.9518e-05,0.727403,30
1,904,p1,158,4.93925e-05,1.11707,30
1,905,p1,125,4.92314e-05,0.866453,30
1,906,p1,128,5.24045e-05,0.942675,30
1,907,p1,139,5.22566e-05,1.16045,30
1,908,p1,166,4.94312e-05,1.29678,30
1,909,p1,116,5.32146e-05,1.41775,30
1,910,p1,156,5.0919e-05,1.36383,30
1,911,p1,158,5.13964e-05,1.29409,30
1,912,p1,152,5.00857e-05,1.10223,30
1,840,p1,169,5.48538e-05,-0.354926,20
1,841,p1,158,5.45642e-05,-0.133716,20
1,842,p1,126,5.34861e-05,-0.414555,20
1,843,p1,108,5.08432e-05,0.494418,20
1,844,p1,162,5.28294e-05,0.495944,20
1,845,p1,149,5.37645e-05,-0.262633,20
1,846,p1,69,5.88679e-05,-0.995449,20
1,847,p1,118,5.93188e-05,-1.16887,20
1,848,p1,110,5.59401e-05,-0.483348,20
1,849,p1,146,5.73764e-05,-1.12779,20
1,850,p1,185,5.29765e-05,-0.998399,20
1,851,p1,125,5.18874e-05,-0.0854243,20
1,852,p1,141,5.4924e-05,-0.769634,20
1,853,p1,132,5.41799e-05,-0.739153,20
1,854,p1,119,5.53951e-05,-0.703838,20
1,855,p1,128,5.4877e-05,-0.299361,20
1,856,p1,116,5.08268e-05,-0.585421,20
1,913,p1,192,5.04039e-05,0.911509,30
1,914,p1,159,4.89947e-05,0.958155,30
1,915,p1,176,5.10857e-05,1.08721,30
1,916,p1,152,4.90521e-05,1.18826,30
1,917,p1,103,4.79475e-05,1.14194,30
1,918,p1,135,4.96667e-05,1.43176,30
1,919,p1,124,4.7885e-05,1.01987,30
1,920,p1,130,4.87926e-05,1.23066,30
1,921,p1,146,4.69729e-05,1.21523,30
1,922,p1,136,4.44991e-05,1.38056,30
1,923,p1,140,5.17827e-05,0.709172,30
1,924,p1,134,5.47889e-05,0.713547,30
1,925,p1,138,4.89574e-05,1.19556,30
1,926,p1,141,5.13676e-05,1.21721,30
1,927,p1,133,5.13483e-05,1.34506,30
1,928,p1,128,5.2963e-05,1.19998,30
1,929,p1,143,5.34701e-05,1.34854,30
1,930,p1,155,5.25836e-05,1.44841,30
1,931,p1,93,4.96682e-05,1.41816,30
1,932,p1,135,5.462e-05,1.44851,30
1,933,p1,176,5.13362e-05,1.56424,30
1,934,p1,124,5.29608e-05,1.48643,30
1,935,p1,96,5.40234e-05,1.36647,30
1,936,p1,152,5.26917e-05,1.41432,30
1,937,p1,168,4.78208e-05,2.00624,30
1,938,p1,123,5.589e-05,1.90144,30
1,939,p1,128,5.69809e-05,1.9439,30
1,940,p1,154,5.51824e-05,2.02697,30
1,941,p1,112,5.70301e-05,2.01522,30
1,942,p1,153,5.50444e-05,2.16382,30
1,943,p1,152,5.39225e-05,2.27476,30
1,944,p1,170,5.65393e-05,2.133,30
1,945,p1,103,5.58884e-05,2.06426,30
1,946,p1,147,5.65156e-05,2.03544,30
1,947,p1,161,5.70875e-05,1.74251,30
1,857,p1,158,5.51875e-05,-1.13401,20
1,858,p1,122,5.31322e-05,-1.46562,20
1,859,p1,116,4.62459e-05,-0.926652,20
1,860,p1,135,4.82036e-05,-0.505098,20
1,861,p1,158,4.91045e-05,-1.2588,20
1,862,p1,124,5.36801e-05,-1.39904,20
1,863,p1,158,4.96233e-05,-0.78265,20
1,864,p1,150,4.38876e-05,-0.785209,20
1,865,p1,148,4.42321e-05,-0.964642,20
1,866,p1,144,4.60612e-05,-1.14451,20
1,867,p1,133,4.33004e-05,-1.08235,20
1,868,p1,122,3.50195e-05,-0.389758,20
1,869,p1,137,4.20084e-05,-1.00536,20
1,870,p1,215,3.98029e-05,-1.00307,20
1,871,p1,120,4.47292e-05,-1.70181,20
1,872,p1,101,4.16263e-05,-0.944606,20
1,873,p1,129,4.11541e-05,-0.64524,20
1,874,p1,120,4.06837e-05,-0.988571,20
1,875,p1,159,4.04226e-05,-0.951049,20
1,876,p1,133,3.98965e-05,-0.644581,20
1,877,p1,129,4.22808e-05,-1.01379,20
1,878,p1,85,3.56381e-05,-0.0624396,20
1,879,p1,165,3.73073e-05,-0.150287,20
1,880,p1,181,3.99093e-05,-0.128774,20
1,499,p1,137,4.37756e-05,7.29305,50
1,948,p1,106,5.57841e-05,1.83807,30
1,949,p1,127,5.45021e-05,2.31719,30
1,881,p1,86,3.53684e-05,-0.079339,20
1,882,p1,121,3.19333e-05,0.278121,20
1,883,p1,174,2.88461e-05,0.394648,20
1,884,p1,141,3.65371e-05,0.200872,20
1,885,p1,142,3.71774e-05,-0.128772,20
1,886,p1,118,3.05918e-05,0.500589,20
1,887,p1,114,3.01627e-05,0.331683,20
1,888,p1,130,3.51728e-05,0.442036,20
1,889,p1,118,3.14443e-05,0.762171,20
1,890,p1,134,3.50432e-05,0.349575,20
1,891,p1,104,3.27011e-05,0.358409,20
1,892,p1,130,2.70225e-05,0.966304,20
1,893,p1,108,3.24314e-05,0.991271,20
1,894,p1,125,3.08304e-05,1.09786,20
1,895,p1,117,2.77708e-05,0.877371,20
1,896,p1,153,2.66865e-05,1.00861,20
1,897,p1,111,2.4662e-05,0.87126,20
1,898,p1,144,3.01341e-05,0.635732,20
1,899,p1,131,2.86842e-05,0.651536,20
1,900,p1,140,2.83827e-05,0.821265,20
1,901,p1,177,2.65767e-05,0.817584,20
1,902,p1,116,2.70456e-05,0.788192,20
1,903,p1,126,3.06144e-05,0.822462,20
1,904,p1,203,3.14898e-05,0.812049,20
1,905,p1,79,3.4029e-05,0.650358,20
1,906,p1,108,2.85974e-05,0.965523,20
1,907,p1,141,2.96934e-05,0.826713,20
1,908,p1,124,3.01574e-05,0.701074,20
1,909,p1,145,2.85025e-05,0.717045,20
1,910,p1,152,2.67655e-05,0.929484,20
1,911,p1,122,2.91044e-05,0.975031,20
1,912,p1,152,2.75944e-05,1.11282,20
1,913,p1,188,3.03528e-05,0.884118,20
1,914,p1,107,2.91484e-05,0.944949,20
1,915,p1,138,2.89721e-05,0.873993,20
1,916,p1,135,3.63742e-05,0.735823,20
1,917,p1,186,3.31995e-05,0.709182,20
1,918,p1,144,3.60839e-05,0.540321,20
1,919,p1,80,3.56117e-05,1.02577,20
1,920,p1,163,3.17656e-05,0.975603,20
1,921,p1,150,3.17751e-05,0.675187,20
1,922,p1,110,3.99864e-05,0.688774,20
1,923,p1,120,3.80559e-05,0.982146,20
1,924,p1,142,3.42945e-05,0.812559,20
1,925,p1,141,3.7733e-05,0.766713,20
1,926,p1,127,3.74626e-05,0.877715,20
1,927,p1,141,3.45229e-05,1.03161,20
1,928,p1,108,3.64913e-05,1.15516,20
1,929,p1,98,3.91956e-05,0.586743,20
1,930,p1,187,3.60522e-05,0.755181,20
1,931,p1,146,3.65451e-05,0.858746,20
1,932,p1,129,3.86425e-05,0.660212,20
1,933,p1,135,3.73262e-05,0.49441,20
1,934,p1,136,3.94985e-05,0.551781,20
1,935,p1,116,3.46329e-05,0.841878,20
1,936,p1,162,3.57878e-05,0.616188,20
1,937,p1,94,2.9545e-05,0.705432,20
1,938,p1,128,3.12317e-05,0.832154,20
1,939,p1,149,2.88332e-05,1.04323,20
1,940,p1,149,2.51709e-05,0.776836,20
1,941,p1,143,2.81437e-05,0.508348,20
1,942,p1,114,2.89412e-05,0.417979,20
1,400,p1,1281,3.90344e-05,10.0011,10
1,943,p1,128,3.36768e-05,0.22221,20
1,944,p1,143,2.93403e-05,0.179322,20
1,945,p1,112,3.04628e-05,0.308117,20
1,946,p1,145,3.29337e-05,0.204208,20
1,947,p1,162,3.71009e-05,0.101292,20
1,948,p1,115,3.32783e-05,0.183768,20
1,949,p1,153,3.39876e-05,0.385111,20
1,401,p1,1166,3.81672e-05,9.98968,10
1,402,p1,1319,3.93795e-05,9.99953,10
1,403,p1,1331,4.12774e-05,10.0041,10
1,404,p1,1336,3.98804e-05,9.9974,10
1,900,p1,130,0.000117437,-2.24645,100
1,901,p1,153,0.000108152,-1.34873,100
1,902,p1,90,0.000116943,-2.66366,100
1,903,p1,128,0.000117184,-2.48512,100
1,904,p1,179,0.000122268,-3.36998,100
1,905,p1,149,0.000114469,-2.15389,100
1,906,p1,106,0.000116574,-2.40165,100
1,907,p1,154,0.00011877,-2.69121,100
1,908,p1,151,0.000119588,-2.9386,100
1,909,p1,149,0.000121975,-3.36158,100
1,910,p1,103,0.000119995,-2.91936,100
1,911,p1,147,0.000115622,-2.57709,100
1,912,p1,133,0.000114218,-2.37448,100
1,913,p1,134,0.000119568,-3.54447,100
1,405,p1,1221,3.89999e-05,10.015,10
1,914,p1,155,0.000118202,-3.40783,100
1,915,p1,157,0.000118039,-3.75513,100
1,406,p1,1314,3.94157e-05,10.0285,10
1,916,p1,136,0.000117482,-4.08208,100
1,917,p1,123,0.00011714,-4.25655,100
1,918,p1,132,0.000114813,-4.2187,100
1,919,p1,176,0.000115565,-4.15546,100
1,920,p1,174,0.000113005,-5.29154,100
1,921,p1,122,0.000113054,-4.74882,100
1,922,p1,150,0.000109411,-5.15826,100
1,923,p1,117,0.000107083,-4.82238,100
1,924,p1,126,0.000110904,-5.07969,100
1,925,p1,135,0.000106364,-6.17546,100
1,926,p1,152,0.000105817,-6.17881,100
1,927,p1,128,9.70789e-05,-7.01554,100
1,928,p1,129,0.000108197,-5.24089,100
1,929,p1,119,0.00010187,-6.92056,100
1,930,p1,132,9.46155e-05,-7.82856,100
1,931,p1,144,0.000102649,-7.14617,100
1,932,p1,141,9.62592e-05,-7.91833,100
1,933,p1,158,9.18897e-05,-7.4906,100
1,934,p1,146,8.85157e-05,-7.77908,100
1,935,p1,153,9.11886e-05,-7.84525,100
1,936,p1,92,8.67882e-05,-7.48465,100
1,937,p1,138,8.94308e-05,-7.62469,100
1,938,p1,119,7.87155e-05,-7.95996,100
1,939,p1,150,7.44189e-05,-7.82046,100
1,940,p1,124,9.18587e-05,-6.47198,100
1,941,p1,117,7.87815e-05,-7.45713,100
1,942,p1,161,7.40384e-05,-8.19276,100
1,943,p1,181,8.86525e-05,-7.23657,100
1,944,p1,119,9.03407e-05,-7.8644,100
1,945,p1,149,8.73314e-05,-8.06838,100
1,946,p1,115,8.60522e-05,-8.73183,100
1,947,p1,119,6.75072e-05,-10.4217,100
1,407,p1,1299,3.86032e-05,10.0137,10
1,408,p1,1352,3.68156e-05,10.0049,10
1,409,p1,1141,3.79497e-05,10.0407,10
1,410,p1,1315,3.81474e-05,10.0261,10
1,411,p1,1462,3.74162e-05,10.0216,10
1,412,p1,1295,3.71137e-05,10.0251,10
1,948,p1,172,7.98438e-05,-9.29284,100
1,949,p1,138,8.81711e-05,-7.68745,100
1,413,p1,1148,3.85159e-05,10.0375,10
1,414,p1,1453,3.88788e-05,10.0116,10
1,415,p1,1399,3.77856e-05,9.99995,10
1,416,p1,1246,3.95476e-05,10.0238,10
1,950,p1,127,5.75327e-05,2.23019,30
1,951,p1,140,5.64824e-05,2.27255,30
1,952,p1,107,5.84221e-05,2.35653,30
1,953,p1,109,5.70979e-05,2.02405,30
1,954,p1,177,5.64611e-05,2.15208,30
1,955,p1,124,5.46537e-05,2.04863,30
1,956,p1,179,5.54268e-05,2.34408,30
1,957,p1,103,5.80724e-05,1.64977,30
1,958,p1,148,5.96558e-05,1.38982,30
1,959,p1,175,5.77043e-05,1.90413,30
1,960,p1,133,5.86667e-05,1.71195,30
1,961,p1,107,5.96371e-05,1.07789,30
1,962,p1,101,6.10857e-05,1.41985,30
1,963,p1,159,6.00639e-05,1.41904,30
1,500,p1,178,4.64024e-05,7.58267,50
1,501,p1,167,4.76668e-05,7.5747,50
1,502,p1,147,4.77176e-05,7.47149,50
1,503,p1,118,4.2598e-05,6.73711,50
1,504,p1,82,3.68605e-05,6.24764,50
1,505,p1,121,4.12383e-05,6.56189,50
1,506,p1,146,4.4802e-05,7.01019,50
1,507,p1,142,4.57275e-05,7.26626,50
1,508,p1,97,3.94271e-05,6.14279,50
1,509,p1,125,4.28234e-05,6.79077,50
1,510,p1,156,4.24776e-05,6.79943,50
1,511,p1,101,4.29134e-05,6.66161,50
1,512,p1,145,4.73127e-05,7.27225,50
1,417,p1,1371,3.92959e-05,10.0058,10
1,418,p1,1367,3.83597e-05,9.98753,10
1,419,p1,1258,3.78437e-05,9.99354,10
1,964,p1,106,6.10279e-05,1.30746,30
1,965,p1,135,6.00305e-05,1.24889,30
1,966,p1,140,6.16153e-05,0.883079,30
1,967,p1,102,5.99803e-05,1.4841,30
1,968,p1,139,6.03196e-05,1.33629,30
1,969,p1,169,6.07612e-05,1.03025,30
1,970,p1,127,5.78142e-05,1.52584,30
1,971,p1,162,6.02923e-05,0.792516,30
1,972,p1,94,5.79414e-05,1.37044,30
1,973,p1,135,5.88296e-05,1.02785,30
1,974,p1,172,5.62088e-05,1.42833,30
1,975,p1,146,5.84108e-05,1.25203,30
1,976,p1,111,5.92338e-05,1.08464,30
1,513,p1,153,5.22498e-05,8.2488,50
1,514,p1,140,5.19245e-05,7.88526,50
1,515,p1,116,5.00981e-05,7.69752,50
1,516,p1,152,4.77681e-05,7.00381,50
1,517,p1,105,4.49773e-05,6.69793,50
1,518,p1,130,4.61299e-05,7.12541,50
1,519,p1,103,4.0944e-05,6.5096,50
1,520,p1,162,4.24455e-05,6.33993,50
1,521,p1,157,4.9612e-05,7.2962,50
1,522,p1,139,4.59999e-05,7.02846,50
1,523,p1,97,4.61175e-05,7.21754,50
1,524,p1,153,4.64753e-05,6.82644,50
1,525,p1,161,4.423e-05,6.7313,50
1,526,p1,132,4.4833e-05,6.7569,50
1,527,p1,97,4.54666e-05,6.66798,50
1,528,p1,145,4.84583e-05,7.01644,50
1,529,p1,153,4.76246e-05,6.95454,50
1,530,p1,120,4.98281e-05,6.76909,50
1,531,p1,160,4.22604e-05,6.29775,50
1,532,p1,134,4.27308e-05,6.1946,50
1,533,p1,197,4.57018e-05,6.10141,50
1,977,p1,139,5.89442e-05,0.709664,30
1,978,p1,165,5.55376e-05,1.12421,30
1,979,p1,129,5.85998e-05,0.679646,30
1,980,p1,158,5.75126e-05,1.16739,30
1,981,p1,127,5.75795e-05,0.899611,30
1,982,p1,113,5.7111e-05,0.935384,30
1,983,p1,163,5.42753e-05,0.982353,30
1,984,p1,164,5.51524e-05,1.02852,30
1,985,p1,127,5.71582e-05,1.13934,30
1,986,p1,88,5.996e-05,0.735332,30
1,987,p1,126,5.8351e-05,0.574845,30
1,988,p1,174,5.85036e-05,0.464483,30
1,989,p1,104,6.07984e-05,0.430687,30
1,990,p1,136,5.5761e-05,0.612244,30
1,950,p1,164,3.83189e-05,0.362444,20
1,951,p1,110,3.40087e-05,0.483855,20
1,952,p1,129,3.17421e-05,0.497732,20
1,953,p1,135,2.87715e-05,0.492696,20
1,954,p1,130,2.62305e-05,0.501293,20
1,955,p1,133,2.68562e-05,0.651853,20
1,956,p1,118,3.00736e-05,0.81412,20
1,534,p1,113,4.74176e-05,6.67878,50
1,957,p1,120,2.61965e-05,0.550492,20
1,958,p1,155,2.64202e-05,0.701566,20
1,535,p1,139,4.03768e-05,6.02509,50
1,959,p1,161,2.75364e-05,0.763631,20
1,536,p1,137,3.81195e-05,5.59981,50
1,960,p1,114,2.75215e-05,0.514088,20
1,537,p1,163,4.23048e-05,6.2251,50
1,961,p1,126,2.52066e-05,0.372864,20
1,538,p1,162,4.0068e-05,5.95678,50
1,962,p1,135,2.4479e-05,0.566674,20
1,539,p1,107,4.70438e-05,6.60631,50
1,963,p1,135,2.39984e-05,0.87255,20
1,964,p1,148,2.38002e-05,0.866229,20
1,540,p1,170,4.77382e-05,6.52818,50
1,541,p1,148,4.68985e-05,7.03863,50
1,542,p1,98,5.08783e-05,7.36074,50
1,543,p1,188,5.07624e-05,7.33696,50
1,544,p1,127,5.32504e-05,6.81209,50
1,545,p1,120,5.47882e-05,7.26972,50
1,546,p1,166,5.32637e-05,7.34007,50
1,547,p1,153,5.14567e-05,7.30309,50
1,548,p1,166,5.44542e-05,7.42496,50
1,549,p1,134,5.21391e-05,6.60551,50
1,991,p1,170,5.75663e-05,0.0184537,30
1,992,p1,161,5.71562e-05,-0.257503,30
1,993,p1,82,5.28019e-05,0.21872,30
1,994,p1,144,5.18748e-05,0.718295,30
1,995,p1,145,5.34093e-05,0.955522,30
1,996,p1,153,5.23497e-05,1.03953,30
1,997,p1,110,4.77091e-05,1.20792,30
1,998,p1,140,4.47742e-05,1.66949,30
1,999,p1,181,4.69e-05,1.86693,30
1,965,p1,99,2.49679e-05,1.3782,20
1,966,p1,185,2.33476e-05,1.28114,20
1,967,p1,139,2.23863e-05,1.29479,20
1,968,p1,138,2.03061e-05,0.938647,20
1,969,p1,105,1.81152e-05,0.662517,20
1,970,p1,144,2.19201e-05,1.07967,20
1,971,p1,137,2.18222e-05,0.891132,20
1,972,p1,150,1.96456e-05,0.248703,20
1,973,p1,133,1.93154e-05,0.488965,20
1,974,p1,152,2.22081e-05,0.702312,20
1,975,p1,129,2.25227e-05,0.699167,20
1,976,p1,108,2.23688e-05,0.806163,20
1,977,p1,151,2.26372e-05,0.949513,20
1,978,p1,193,2.38333e-05,0.62977,20
1,420,p1,1390,3.85528e-05,10.029,10
1,421,p1,1358,3.6763e-05,10.0111,10
1,979,p1,177,2.7073e-05,0.799668,20
1,980,p1,113,2.85347e-05,1.05324,20
1,981,p1,130,3.12843e-05,1.24235,20
1,982,p1,155,3.07155e-05,0.885398,20
1,983,p1,178,2.83695e-05,1.05438,20
1,984,p1,131,2.66861e-05,1.10239,20
1,985,p1,106,2.52283e-05,0.724205,20
1,986,p1,117,2.62316e-05,0.836665,20
1,987,p1,128,2.54266e-05,0.716359,20
1,988,p1,155,2.50422e-05,0.708505,20
1,989,p1,113,2.53693e-05,0.754076,20
1,990,p1,99,2.41333e-05,0.623487,20
1,991,p1,141,2.24702e-05,0.382135,20
1,992,p1,144,2.35783e-05,0.224937,20
1,993,p1,102,2.18498e-05,0.420924,20
1,994,p1,176,2.3001e-05,0.348846,20
1,995,p1,103,1.95273e-05,0.181371,20
1,996,p1,130,2.33047e-05,0.379519,20
1,997,p1,139,2.51467e-05,0.336243,20
1,998,p1,157,2.28537e-05,0.609061,20
1,999,p1,166,2.14226e-05,0.453256,20
1,1000,p1,97,2.29573e-05,0.578585,20
1,1001,p1,178,2.00447e-05,0.68297,20
1,1002,p1,175,2.13616e-05,0.664277,20
1,1003,p1,107,2.27238e-05,0.544997,20
1,1004,p1,153,2.3036e-05,0.750751,20
1,1005,p1,113,2.47674e-05,1.00817,20
1,1006,p1,149,2.29053e-05,0.522909,20
1,1007,p1,117,2.22405e-05,1.15016,20
1,1008,p1,141,2.23973e-05,0.895311,20
1,1009,p1,116,2.12403e-05,0.846189,20
1,1010,p1,145,1.91529e-05,0.660566,20
1,1011,p1,140,1.92883e-05,0.765353,20
1,1012,p1,100,2.451e-05,1.26537,20
1,1013,p1,152,2.58278e-05,1.14007,20
1,1014,p1,147,1.8661e-05,0.700533,20
1,1015,p1,131,1.8309e-05,0.435906,20
1,1016,p1,132,1.84754e-05,0.181796,20
1,1017,p1,166,1.93872e-05,0.36221,20
1,1018,p1,115,1.80537e-05,0.097764,20
1,1019,p1,114,1.83845e-05,0.301193,20
1,1020,p1,169,1.87201e-05,0.144721,20
1,1021,p1,122,1.987e-05,0.0651416,20
1,1022,p1,109,1.89399e-05,0.702711,20
1,1023,p1,128,1.86194e-05,0.578278,20
1,1024,p1,101,2.00721e-05,0.0921148,20
1,1025,p1,157,1.93643e-05,0.311181,20
1,1026,p1,158,2.23412e-05,0.150473,20
1,1027,p1,165,2.33374e-05,0.0750754,20
1,1028,p1,91,2.86391e-05,0.838174,20
1,1029,p1,151,2.77207e-05,1.05077,20
1,1030,p1,177,2.94628e-05,1.19037,20
1,422,p1,1235,3.42603e-05,9.996,10
1,423,p1,1162,3.47018e-05,10.0187,10
1,424,p1,1346,3.42038e-05,9.99355,10
1,1031,p1,131,2.69428e-05,1.01237,20
1,1032,p1,129,2.76798e-05,0.989423,20
1,1033,p1,112,2.28559e-05,0.646777,20
1,1034,p1,151,2.21738e-05,0.522032,20
1,1035,p1,144,2.42646e-05,0.894409,20
1,1036,p1,141,2.27033e-05,0.941583,20
1,1037,p1,119,2.51087e-05,0.9708,20
1,1038,p1,182,2.54079e-05,0.642123,20
1,1039,p1,174,2.63385e-05,0.858098,20
1,1040,p1,135,1.98872e-05,0.417187,20
1,1041,p1,133,2.31172e-05,0.935651,20
1,1042,p1,146,2.17086e-05,0.535906,20
1,1043,p1,119,1.62916e-05,0.506328,20
1,1044,p1,139,1.81202e-05,0.514513,20
1,1045,p1,143,2.4154e-05,0.599524,20
1,1046,p1,137,2.08101e-05,0.597134,20
1,1047,p1,158,1.90737e-05,0.157281,20
1,1048,p1,135,2.38587e-05,0.492067,20
1,1049,p1,87,2.3661e-05,0.590454,20
1,425,p1,1304,3.49146e-05,10.0146,10
1,426,p1,1469,3.46502e-05,10.0178,10
1,427,p1,1143,3.35229e-05,10.0213,10
1,428,p1,1365,3.39645e-05,10.01,10
1,550,p1,122,4.36378e-05,5.64334,50
1,551,p1,156,5.02217e-05,6.47437,50
1,552,p1,113,4.58192e-05,5.36461,50
1,553,p1,116,4.98142e-05,5.84363,50
1,554,p1,157,5.28865e-05,6.06572,50
1,555,p1,132,4.99366e-05,6.14801,50
1,556,p1,110,4.98628e-05,5.81875,50
1,557,p1,151,5.12969e-05,6.24365,50
1,558,p1,134,5.42234e-05,6.73578,50
1,559,p1,153,5.65629e-05,6.84072,50
1,560,p1,88,5.73115e-05,6.71765,50
1,561,p1,133,5.78611e-05,7.10879,50
1,562,p1,158,5.91458e-05,7.23429,50
1,563,p1,88,6.17678e-05,8.23699,50
1,564,p1,140,6.0598e-05,7.91364,50
1,565,p1,153,6.16628e-05,7.99787,50
1,566,p1,123,6.08309e-05,7.78216,50
1,567,p1,148,6.03155e-05,8.15257,50
1,568,p1,110,5.94554e-05,8.16953,50
1,569,p1,130,5.6821e-05,7.3506,50
1,570,p1,157,5.33764e-05,6.80872,50
1,571,p1,138,6.13251e-05,7.42176,50
1,572,p1,101,5.49995e-05,6.16992,50
1,573,p1,150,5.27831e-05,5.8871,50
1,574,p1,166,5.27805e-05,5.83665,50
1,575,p1,137,5.33697e-05,5.67514,50
1,1000,p1,107,4.84645e-05,1.35279,30
1,1001,p1,160,4.64941e-05,1.49054,30
1,1002,p1,87,5.30856e-05,1.14078,30
1,1003,p1,107,4.84531e-05,1.72733,30
1,1004,p1,146,5.28404e-05,1.49313,30
1,1005,p1,115,4.87486e-05,1.97005,30
1,1006,p1,158,4.54743e-05,1.10866,30
1,1007,p1,136,5.20131e-05,1.21579,30
1,1008,p1,112,5.18335e-05,0.683497,30
1,1009,p1,136,5.30185e-05,0.742342,30
1,1010,p1,146,5.49092e-05,0.304931,30
1,1011,p1,138,5.27434e-05,0.95192,30
1,1012,p1,96,4.55897e-05,0.716517,30
1,1013,p1,113,4.94001e-05,0.683944,30
1,1014,p1,143,4.69426e-05,0.366409,30
1,1015,p1,130,4.99805e-05,0.357534,30
1,1016,p1,146,4.76166e-05,0.877974,30
1,1017,p1,167,4.79427e-05,0.332626,30
1,1018,p1,142,4.81633e-05,0.855969,30
1,1019,p1,102,4.6521e-05,0.392519,30
1,1020,p1,174,4.78785e-05,0.253131,30
1,1021,p1,143,4.58499e-05,0.738314,30
1,1022,p1,93,4.6869e-05,0.444382,30
1,1023,p1,154,4.7905e-05,-0.196615,30
1,1024,p1,169,4.7605e-05,0.358107,30
1,1025,p1,125,4.89523e-05,-0.20548,30
1,1026,p1,98,4.75927e-05,-0.753208,30
1,1027,p1,173,4.9422e-05,0.123242,30
1,1028,p1,124,5.01954e-05,-0.204094,30
1,429,p1,1443,3.51594e-05,9.99582,10
1,430,p1,1263,3.51209e-05,10.0154,10
1,576,p1,122,5.69763e-05,5.94026,50
1,577,p1,118,5.83956e-05,6.15869,50
1,578,p1,145,5.24397e-05,5.82904,50
1,579,p1,101,5.23914e-05,6.0067,50
1,580,p1,106,5.32213e-05,6.37504,50
1,581,p1,144,5.49221e-05,6.02975,50
1,582,p1,143,5.64231e-05,6.42731,50
1,583,p1,123,5.20223e-05,5.9512,50
1,584,p1,148,5.13838e-05,5.91157,50
1,585,p1,136,5.23302e-05,6.00402,50
1,586,p1,136,5.52833e-05,6.26419,50
1,587,p1,142,4.80373e-05,5.6489,50
1,588,p1,154,4.73465e-05,5.17552,50
1,589,p1,106,4.76482e-05,4.92286,50
1,1029,p1,143,4.80138e-05,-0.802539,30
1,590,p1,148,5.11473e-05,5.39935,50
1,1030,p1,162,5.12168e-05,-0.267657,30
1,1031,p1,154,4.90331e-05,-0.703482,30
1,591,p1,159,5.21433e-05,5.61426,50
1,1032,p1,120,4.86372e-05,-0.343128,30
1,592,p1,135,4.72442e-05,5.27625,50
1,593,p1,108,5.18206e-05,5.57346,50
1,1033,p1,128,4.7496e-05,-0.400039,30
1,1034,p1,153,4.93379e-05,-0.116724,30
1,594,p1,155,4.92928e-05,5.26779,50
1,1035,p1,165,5.20088e-05,-0.130814,30
1,595,p1,146,5.35774e-05,5.75533,50
1,1036,p1,105,4.91039e-05,0.0914702,30
1,596,p1,97,5.52227e-05,5.72091,50
1,597,p1,116,5.40599e-05,6.0058,50
1,1037,p1,129,4.73845e-05,-0.548294,30
1,598,p1,115,5.52117e-05,5.39469,50
1,1038,p1,131,4.78198e-05,-0.635707,30
1,1039,p1,139,5.32071e-05,0.38795,30
1,599,p1,164,5.16638e-05,5.49598,50
1,1040,p1,125,5.48864e-05,0.254729,30
1,1041,p1,168,5.39316e-05,-0.331341,30
1,1042,p1,179,4.6786e-05,-0.583513,30
1,431,p1,1337,3.55194e-05,9.99915,10
1,432,p1,1214,3.60259e-05,10.0158,10
1,1050,p1,118,2.61696e-05,0.479386,20
1,950,p1,174,8.63651e-05,-8.19074,100
1,951,p1,90,7.7063e-05,-8.34283,100
1,1051,p1,140,2.50635e-05,0.799354,20
1,952,p1,126,6.3744e-05,-8.99409,100
1,1052,p1,140,2.36941e-05,0.912057,20
1,953,p1,143,7.12597e-05,-8.45491,100
1,1053,p1,139,2.59883e-05,0.874576,20
1,954,p1,117,7.64629e-05,-8.26189,100
1,1054,p1,93,2.12273e-05,0.481085,20
1,1055,p1,134,2.49808e-05,0.685709,20
1,955,p1,140,6.39508e-05,-8.85686,100
1,1056,p1,118,2.86563e-05,1.40573,20
1,956,p1,168,6.1669e-05,-9.13935,100
1,1057,p1,132,2.79488e-05,1.28208,20
1,957,p1,134,6.89923e-05,-8.89994,100
1,1058,p1,102,2.68142e-05,0.828233,20
1,958,p1,116,6.47603e-05,-8.90973,100
1,1059,p1,128,2.82474e-05,1.30092,20
1,959,p1,118,6.91533e-05,-8.97261,100
1,1060,p1,135,2.58549e-05,1.27139,20
1,960,p1,156,5.29789e-05,-10.4054,100
1,1061,p1,165,2.77941e-05,1.29395,20
1,961,p1,131,6.7071e-05,-9.56029,100
1,962,p1,96,7.32948e-05,-9.03965,100
1,1062,p1,159,2.93707e-05,1.11081,20
1,1063,p1,100,2.76845e-05,1.45216,20
1,963,p1,126,7.94898e-05,-8.37548,100
1,1064,p1,141,3.29229e-05,2.03658,20
1,1065,p1,174,3.00892e-05,1.89326,20
1,1066,p1,130,3.11861e-05,1.90206,20
1,1067,p1,137,2.9566e-05,1.69428,20
1,1068,p1,96,3.12581e-05,1.55257,20
1,1069,p1,93,3.07862e-05,1.79423,20
1,1070,p1,135,3.22711e-05,2.1421,20
1,1071,p1,183,3.28668e-05,2.24069,20
1,1072,p1,107,3.34405e-05,2.42342,20
1,1073,p1,135,3.28414e-05,2.5711,20
1,1074,p1,172,3.42983e-05,2.55217,20
1,1075,p1,126,3.27894e-05,2.52536,20
1,1076,p1,115,3.20042e-05,2.32098,20
1,1077,p1,145,3.38478e-05,2.93452,20
1,1078,p1,109,3.60508e-05,2.84917,20
1,1043,p1,132,5.25459e-05,-0.0118657,30
1,964,p1,125,7.93462e-05,-8.49735,100
1,1044,p1,98,5.38848e-05,0.0386949,30
1,965,p1,101,9.20322e-05,-7.36962,100
1,1045,p1,192,4.99297e-05,-0.246638,30
1,966,p1,125,9.2023e-05,-7.0239,100
1,1046,p1,180,4.73e-05,-0.79331,30
1,967,p1,170,9.42114e-05,-6.51007,100
1,1047,p1,98,5.32757e-05,-0.548687,30
1,968,p1,94,8.49095e-05,-7.55338,100
1,1048,p1,108,5.3017e-05,-0.303625,30
1,969,p1,124,8.65199e-05,-7.83881,100
1,970,p1,140,9.15457e-05,-8.0476,100
1,1049,p1,218,5.25117e-05,-0.19508,30
1,971,p1,153,9.23331e-05,-7.89444,100
1,972,p1,124,8.49317e-05,-8.52513,100
1,973,p1,90,8.29914e-05,-8.30733,100
1,974,p1,149,9.37631e-05,-7.63298,100
1,975,p1,119,9.27597e-05,-7.68129,100
1,433,p1,1216,3.68433e-05,9.99514,10
1,976,p1,119,8.95491e-05,-8.16967,100
1,977,p1,127,8.17205e-05,-8.00178,100
1,434,p1,1498,3.64111e-05,10.0185,10
1,435,p1,1472,3.67384e-05,9.99099,10
1,978,p1,109,8.19464e-05,-8.32675,100
1,979,p1,180,8.28781e-05,-8.60287,100
1,980,p1,113,6.94718e-05,-8.81294,100
1,981,p1,120,7.26063e-05,-8.44955,100
1,982,p1,169,6.94246e-05,-8.87641,100
1,983,p1,120,6.99774e-05,-9.36336,100
1,984,p1,137,7.36515e-05,-9.09984,100
1,985,p1,107,7.40855e-05,-9.10662,100
1,986,p1,135,7.18499e-05,-9.38614,100
1,987,p1,172,7.2815e-05,-9.19832,100
1,988,p1,134,4.92393e-05,-10.2708,100
1,989,p1,122,6.62315e-05,-9.24078,100
1,990,p1,116,6.45883e-05,-9.76933,100
1,1079,p1,123,3.48526e-05,3.02231,20
1,1080,p1,158,3.45634e-05,3.12311,20
1,1081,p1,129,3.61138e-05,3.18156,20
1,1082,p1,132,3.40763e-05,2.99273,20
1,1083,p1,119,3.61115e-05,3.21451,20
1,1084,p1,140,3.41056e-05,3.95116,20
1,1085,p1,137,3.53714e-05,2.99391,20
1,1086,p1,143,3.29527e-05,3.64971,20
1,1087,p1,179,3.28485e-05,4.04875,20
1,1088,p1,144,3.45351e-05,3.92457,20
1,1089,p1,133,3.32003e-05,3.50547,20
1,1090,p1,81,3.78929e-05,3.44022,20
1,1091,p1,166,3.80663e-05,3.66546,20
1,1092,p1,193,3.70486e-05,3.59723,20
1,1093,p1,109,3.67473e-05,3.45575,20
1,1094,p1,160,4.02773e-05,3.43657,20
1,1095,p1,170,3.95882e-05,3.87903,20
1,1096,p1,157,3.99312e-05,3.74676,20
1,1097,p1,106,3.86641e-05,3.5521,20
1,1098,p1,138,4.03332e-05,3.4349,20
1,1099,p1,165,4.29488e-05,3.67411,20
1,991,p1,144,4.77949e-05,-10.7816,100
1,992,p1,166,6.07332e-05,-9.71326,100
1,993,p1,118,7.30243e-05,-8.77161,100
1,994,p1,124,4.31728e-05,-10.3315,100
1,995,p1,126,6.0154e-05,-9.90815,100
1,996,p1,160,6.50582e-05,-9.47281,100
1,997,p1,105,7.24522e-05,-9.01845,100
1,998,p1,147,6.85136e-05,-9.19932,100
1,999,p1,120,6.71135e-05,-9.02898,100
1,436,p1,1279,3.60451e-05,9.99331,10
1,437,p1,1268,3.58772e-05,9.98119,10
1,438,p1,1433,3.70584e-05,10.006,10
1,439,p1,1327,3.55553e-05,10.0188,10
1,440,p1,1173,3.55642e-05,10.0086,10
1,441,p1,1433,3.56504e-05,10.013,10
1,442,p1,1467,3.65923e-05,10.0245,10
1,443,p1,1406,3.57276e-05,10.0219,10
1,1000,p1,181,6.14876e-05,-10.3136,100
1,1001,p1,90,7.75025e-05,-9.21172,100
1,1002,p1,133,7.7107e-05,-9.40092,100
1,1003,p1,156,8.57772e-05,-8.87957,100
1,1004,p1,155,8.5851e-05,-10.1316,100
1,1005,p1,167,6.56825e-05,-11.0431,100
1,1006,p1,120,7.2358e-05,-11.3041,100
1,1007,p1,104,7.19873e-05,-11.326,100
1,444,p1,1323,3.61247e-05,10.0221,10
1,1008,p1,150,7.58873e-05,-11.1636,100
1,1009,p1,98,5.44268e-05,-11.9038,100
1,1010,p1,116,5.18568e-05,-11.7319,100
1,1011,p1,133,6.66058e-05,-11.2817,100
1,1012,p1,99,5.86756e-05,-11.8598,100
1,1013,p1,116,5.89763e-05,-11.8402,100
1,1100,p1,136,4.26046e-05,3.82752,20
1,1101,p1,119,4.09982e-05,4.59091,20
1,1102,p1,197,3.99862e-05,4.52543,20
1,1103,p1,100,4.1614e-05,4.29066,20
1,1104,p1,109,4.20221e-05,4.40643,20
1,1105,p1,193,4.37679e-05,4.25796,20
1,1106,p1,133,4.10131e-05,4.47018,20
1,1107,p1,128,4.11371e-05,4.563,20
1,1108,p1,124,4.59261e-05,4.03302,20
1,1109,p1,151,4.92364e-05,3.87959,20
1,1110,p1,183,4.57056e-05,4.43426,20
1,1111,p1,142,4.68873e-05,4.32981,20
1,1112,p1,125,4.72675e-05,4.4626,20
1,1113,p1,98,4.35964e-05,4.91508,20
1,1114,p1,162,4.72929e-05,4.84018,20
1,1115,p1,147,4.76149e-05,4.77074,20
1,1116,p1,84,5.05796e-05,4.84664,20
1,1117,p1,103,4.40781e-05,5.10191,20
1,1118,p1,181,4.55035e-05,5.15999,20
1,1119,p1,156,3.90428e-05,5.28197,20
1,1120,p1,131,2.95458e-05,5.69814,20
1,1121,p1,141,3.43262e-05,5.32529,20
1,1122,p1,144,3.93591e-05,5.33183,20
1,1014,p1,182,5.95959e-05,-11.413,100
1,1123,p1,122,3.35787e-05,5.38091,20
1,1015,p1,72,4.80083e-05,-11.9032,100
1,1124,p1,99,2.80946e-05,5.59704,20
1,1016,p1,104,5.16448e-05,-11.4631,100
1,1125,p1,175,3.02668e-05,5.64639,20
1,1017,p1,159,4.22897e-05,-12.0114,100
1,1126,p1,115,3.70265e-05,5.46576,20
1,1018,p1,138,4.58341e-05,-11.8746,100
1,1127,p1,153,4.00235e-05,4.90306,20
1,1019,p1,126,4.70711e-05,-11.6906,100
1,1128,p1,135,3.30008e-05,5.39132,20
1,1020,p1,133,5.73735e-05,-11.7179,100
1,1129,p1,114,3.51354e-05,5.1891,20
1,1021,p1,127,3.23932e-05,-12.4128,100
1,1130,p1,140,4.05768e-05,4.99363,20
1,1022,p1,143,3.10573e-05,-12.7628,100
1,1131,p1,151,4.04436e-05,4.84233,20
1,1023,p1,143,4.99078e-05,-11.7209,100
1,1132,p1,112,4.40601e-05,4.39696,20
1,1024,p1,148,3.0573e-05,-12.4334,100
1,1133,p1,148,3.81656e-05,5.1301,20
1,1025,p1,98,3.01728e-05,-12.4075,100
1,1134,p1,125,4.63622e-05,4.73988,20
1,1135,p1,107,4.5297e-05,4.91069,20
1,1026,p1,179,3.2783e-05,-12.3978,100
1,1136,p1,169,4.5428e-05,4.67515,20
1,1137,p1,113,4.236e-05,5.01536,20
1,1138,p1,110,4.6836e-05,4.81091,20
1,1139,p1,183,4.61504e-05,4.86664,20
1,1140,p1,146,4.3629e-05,5.14935,20
1,1141,p1,74,4.10875e-05,4.97318,20
1,1142,p1,138,4.22432e-05,4.7996,20
1,1143,p1,193,4.02301e-05,5.04017,20
1,1144,p1,142,3.89308e-05,5.31643,20
1,1145,p1,144,3.4763e-05,5.6532,20
1,1146,p1,133,3.72274e-05,5.43424,20
1,1147,p1,128,3.90366e-05,5.60707,20
1,1148,p1,90,2.81636e-05,5.98323,20
1,1027,p1,123,2.94306e-05,-12.7876,100
1,1028,p1,127,3.0022e-05,-12.1812,100
1,1029,p1,181,3.28951e-05,-11.8878,100
1,1030,p1,177,3.30381e-05,-11.8326,100
1,1031,p1,157,3.48393e-05,-12.3328,100
1,1032,p1,123,3.55318e-05,-12.0539,100
1,1033,p1,142,3.6286e-05,-11.8513,100
1,1034,p1,136,2.78306e-05,-11.9238,100
1,1035,p1,133,2.88908e-05,-11.9862,100
1,1149,p1,159,2.88307e-05,5.96102,20
1,1036,p1,130,2.68598e-05,-11.7578,100
1,1037,p1,155,2.51478e-05,-11.9568,100
1,1038,p1,138,2.5005e-05,-11.6203,100
1,1039,p1,139,2.60326e-05,-11.3943,100
1,1040,p1,95,2.50903e-05,-11.3015,100
1,1041,p1,150,2.56942e-05,-10.9943,100
1,1042,p1,174,2.45087e-05,-10.9746,100
1,1043,p1,139,2.44897e-05,-10.9008,100
1,1044,p1,108,2.66208e-05,-10.9968,100
1,1045,p1,168,2.46747e-05,-10.957,100
1,1046,p1,77,2.53466e-05,-11.1681,100
1,1047,p1,102,2.54316e-05,-11.2002,100
1,1048,p1,142,2.56668e-05,-11.5353,100
1,1049,p1,146,2.72324e-05,-11.3875,100
1,445,p1,1308,3.68149e-05,10.0363,10
1,446,p1,1382,3.56622e-05,10.0204,10
1,447,p1,1282,3.56626e-05,10.0067,10
1,448,p1,1377,3.66648e-05,10.0128,10
1,1050,p1,139,4.9389e-05,-0.465225,30
1,1051,p1,111,4.92959e-05,-0.558042,30
1,1052,p1,180,5.17025e-05,-0.328832,30
1,1053,p1,147,5.44708e-05,-0.301033,30
1,1054,p1,186,4.53216e-05,-1.36998,30
1,1055,p1,100,4.8488e-05,-1.2617,30
1,1056,p1,113,4.7073e-05,-1.38499,30
1,449,p1,1381,3.81047e-05,10.0436,10
1,1057,p1,199,4.70386e-05,-1.41387,30
1,1058,p1,103,5.36686e-05,-0.635486,30
1,1059,p1,105,4.84617e-05,-1.19474,30
1,1060,p1,160,5.03805e-05,-1.44483,30
1,1061,p1,139,5.24621e-05,-0.903121,30
1,600,p1,139,6.03108e-05,6.16907,50
1,601,p1,106,5.62749e-05,5.71196,50
1,602,p1,162,5.57836e-05,5.42355,50
1,603,p1,102,5.1486e-05,5.24499,50
1,604,p1,168,5.11412e-05,5.12031,50
1,605,p1,103,5.84221e-05,5.75421,50
1,606,p1,112,5.43774e-05,5.3964,50
1,607,p1,172,5.78882e-05,6.07238,50
1,608,p1,150,5.54389e-05,6.29569,50
1,609,p1,102,5.74587e-05,5.90621,50
1,610,p1,131,5.87588e-05,6.48079,50
1,611,p1,189,6.04972e-05,6.25798,50
1,612,p1,95,6.08072e-05,6.09067,50
1,1062,p1,120,5.16194e-05,-0.959914,30
1,1063,p1,130,5.10367e-05,-0.941257,30
1,1064,p1,141,5.1009e-05,-0.778808,30
1,1065,p1,123,4.72031e-05,-0.991387,30
1,1066,p1,112,4.95966e-05,-0.404657,30
1,1067,p1,144,5.48459e-05,0.0724159,30
1,1068,p1,72,5.49884e-05,0.493226,30
1,1069,p1,125,5.54314e-05,0.433106,30
1,1070,p1,173,5.45317e-05,0.472273,30
1,1071,p1,89,5.43612e-05,0.786164,30
1,1072,p1,128,5.56909e-05,1.46401,30
1,1073,p1,159,5.67118e-05,0.845709,30
1,1074,p1,191,5.59239e-05,1.35993,30
1,1075,p1,145,5.67548e-05,1.89818,30
1,613,p1,143,5.82742e-05,6.02273,50
1,614,p1,174,5.95283e-05,5.96605,50
1,615,p1,115,5.78851e-05,6.32275,50
1,616,p1,142,5.811e-05,6.15374,50
1,617,p1,114,5.35026e-05,5.47696,50
1,618,p1,147,5.56539e-05,5.48651,50
1,619,p1,120,6.00333e-05,6.18905,50
1,620,p1,110,5.69955e-05,5.50355,50
1,621,p1,166,6.02197e-05,5.62911,50
1,622,p1,129,6.28733e-05,6.02826,50
1,623,p1,122,5.56628e-05,5.57104,50
1,624,p1,117,5.20053e-05,5.48816,50
1,625,p1,169,4.77131e-05,5.11126,50
1,450,p1,1276,3.6094e-05,10.0132,10
1,1076,p1,158,5.88037e-05,1.77482,30
1,1077,p1,120,5.97653e-05,1.61516,30
1,1078,p1,157,5.94166e-05,1.56245,30
1,1079,p1,121,5.84711e-05,1.3637,30
1,1080,p1,103,5.80658e-05,1.37375,30
1,1081,p1,151,5.55476e-05,2.03046,30
1,1082,p1,166,5.16374e-05,2.3415,30
1,1083,p1,117,5.18336e-05,2.1842,30
1,1084,p1,114,5.34988e-05,1.69391,30
1,1085,p1,153,5.2489e-05,1.97344,30
1,1050,p1,142,2.63316e-05,-11.5792,100
1,1051,p1,128,2.76089e-05,-11.1466,100
1,1052,p1,141,2.86512e-05,-11.2502,100
1,1053,p1,155,2.62048e-05,-11.6509,100
1,1054,p1,142,2.74147e-05,-11.2575,100
1,1055,p1,110,2.87095e-05,-11.1868,100
1,1056,p1,125,2.91386e-05,-11.0775,100
1,1057,p1,130,2.90589e-05,-11.1165,100
1,1058,p1,125,2.94797e-05,-10.9138,100
1,1059,p1,134,2.85988e-05,-10.7754,100
1,1060,p1,126,3.02126e-05,-10.8127,100
1,1061,p1,111,2.94173e-05,-11.2924,100
1,1062,p1,151,3.03039e-05,-11.2173,100
1,1063,p1,112,2.7942e-05,-11.4691,100
1,1064,p1,116,2.91175e-05,-10.8689,100
1,1065,p1,204,2.92367e-05,-11.0879,100
1,1066,p1,131,2.87655e-05,-10.5652,100
1,1067,p1,108,2.92944e-05,-10.1406,100
1,1150,p1,182,3.00691e-05,5.79361,20
1,1151,p1,137,2.60408e-05,5.7354,20
1,1152,p1,134,2.93827e-05,5.667,20
1,1153,p1,133,3.06521e-05,5.34699,20
1,1154,p1,196,2.78702e-05,5.5611,20
1,1155,p1,159,1.95544e-05,5.8848,20
1,1156,p1,133,3.06956e-05,5.29806,20
1,1157,p1,140,2.63224e-05,5.43736,20
1,1158,p1,145,2.22361e-05,5.81455,20
1,1159,p1,143,2.60196e-05,5.5692,20
1,1160,p1,147,2.88732e-05,5.61564,20
1,1161,p1,128,2.59793e-05,5.70914,20
1,1162,p1,136,2.42574e-05,5.73802,20
1,1068,p1,160,2.91156e-05,-10.9865,100
1,1069,p1,128,3.11212e-05,-10.442,100
1,1070,p1,101,3.09597e-05,-10.7038,100
1,1071,p1,133,3.18961e-05,-10.8797,100
1,1072,p1,140,3.27401e-05,-10.7884,100
1,1073,p1,139,3.45733e-05,-10.3092,100
1,1074,p1,151,3.43088e-05,-10.064,100
1,1075,p1,131,3.4572e-05,-10.2616,100
1,1076,p1,115,3.42333e-05,-11.2656,100
1,1077,p1,174,3.55347e-05,-11.0613,100
1,1078,p1,145,3.47943e-05,-10.8109,100
1,1079,p1,87,3.49372e-05,-10.9628,100
1,1080,p1,109,3.53653e-05,-11.213,100
1,1081,p1,176,3.65267e-05,-10.8413,100
1,1082,p1,142,3.39754e-05,-9.48871,100
1,1083,p1,93,3.52613e-05,-10.2046,100
1,1084,p1,136,3.31745e-05,-9.65203,100
1,1085,p1,121,3.12619e-05,-8.86787,100
1,1086,p1,176,3.47598e-05,-9.39392,100
1,1087,p1,109,3.25276e-05,-10.3055,100
1,1088,p1,132,3.24142e-05,-9.84726,100
1,1089,p1,180,3.33221e-05,-9.27729,100
1,1090,p1,86,3.37034e-05,-9.38031,100
1,1091,p1,115,3.05043e-05,-9.50754,100
1,1092,p1,127,3.1998e-05,-9.62753,100
1,1093,p1,176,3.16715e-05,-9.8565,100
1,1086,p1,133,5.69631e-05,1.57791,30
1,1087,p1,130,6.04092e-05,0.979582,30
1,1088,p1,118,6.09081e-05,1.03948,30
1,1089,p1,177,5.90121e-05,1.27347,30
1,1090,p1,134,6.06577e-05,1.1151,30
1,1091,p1,156,6.54781e-05,0.95153,30
1,1092,p1,149,6.31165e-05,1.83515,30
1,1093,p1,148,6.42969e-05,1.82954,30
1,1094,p1,133,6.82989e-05,1.18661,30
1,1095,p1,133,6.66454e-05,1.77464,30
1,1096,p1,151,6.56052e-05,1.38131,30
1,626,p1,99,4.68733e-05,4.86063,50
1,627,p1,141,5.21118e-05,5.57493,50
1,628,p1,130,5.07092e-05,5.44217,50
1,629,p1,149,4.98041e-05,5.38044,50
1,630,p1,173,5.5412e-05,5.58589,50
1,631,p1,161,5.92921e-05,5.79749,50
1,632,p1,103,5.59007e-05,5.43803,50
1,633,p1,139,5.79641e-05,5.04527,50
1,634,p1,151,6.49417e-05,5.65539,50
1,635,p1,163,6.35826e-05,5.82697,50
1,636,p1,112,6.41482e-05,6.0904,50
1,637,p1,144,6.46448e-05,6.10969,50
1,638,p1,138,6.08297e-05,5.74871,50
1,1163,p1,142,2.49368e-05,5.82969,20
1,1164,p1,167,2.50902e-05,5.9409,20
1,1165,p1,163,2.59216e-05,5.98335,20
1,1166,p1,140,2.81301e-05,5.81202,20
1,1167,p1,130,2.52692e-05,6.1173,20
1,1168,p1,141,2.63209e-05,6.02791,20
1,1169,p1,151,2.95309e-05,5.75361,20
1,1170,p1,127,2.56966e-05,6.0323,20
1,1171,p1,96,2.71137e-05,5.89106,20
1,1172,p1,183,3.03636e-05,5.60937,20
1,1173,p1,106,2.49315e-05,5.85705,20
1,1174,p1,100,2.8583e-05,5.72474,20
1,1175,p1,174,3.20214e-05,5.72973,20
1,451,p1,1211,3.64905e-05,10.0138,10
1,452,p1,1393,3.66896e-05,10.0389,10
1,639,p1,133,5.85969e-05,6.28087,50
1,1094,p1,134,3.0015e-05,-9.75545,100
1,640,p1,141,6.04741e-05,5.87211,50
1,1095,p1,95,3.12161e-05,-10.1601,100
1,641,p1,138,6.46198e-05,6.04706,50
1,1096,p1,164,2.97864e-05,-10.3917,100
1,642,p1,155,6.41118e-05,5.79153,50
1,1097,p1,157,3.14013e-05,-10.3042,100
1,643,p1,135,6.97781e-05,6.14839,50
1,1098,p1,130,3.25417e-05,-10.3738,100
1,644,p1,132,7.09277e-05,6.47629,50
1,1099,p1,148,3.11831e-05,-10.648,100
1,645,p1,161,6.39995e-05,5.69817,50
1,646,p1,107,7.07433e-05,5.75152,50
1,647,p1,168,6.87939e-05,5.26059,50
1,648,p1,98,6.80617e-05,5.3814,50
1,649,p1,118,6.46592e-05,4.92926,50
1,1097,p1,149,6.46568e-05,1.61862,30
1,1098,p1,95,6.11967e-05,2.00328,30
1,1099,p1,128,6.05054e-05,2.38912,30
1,1176,p1,196,2.59104e-05,5.93795,20
1,1177,p1,113,2.77939e-05,6.15456,20
1,1178,p1,115,2.48155e-05,6.05301,20
1,1179,p1,145,2.90376e-05,5.63088,20
1,1180,p1,156,2.89037e-05,5.76679,20
1,1181,p1,136,2.89798e-05,5.82993,20
1,1182,p1,135,2.77597e-05,5.88061,20
1,1183,p1,140,2.97842e-05,5.83552,20
1,1184,p1,143,2.81483e-05,5.84901,20
1,1185,p1,159,2.85064e-05,5.97897,20
1,1186,p1,156,3.08023e-05,5.77034,20
1,1187,p1,167,2.73891e-05,5.86327,20
1,1188,p1,86,2.53779e-05,5.83484,20
1,1189,p1,139,2.60582e-05,5.82757,20
1,453,p1,1359,3.62082e-05,10.0277,10
1,1190,p1,197,2.60352e-05,6.01809,20
1,1191,p1,103,2.88331e-05,5.84114,20
1,1192,p1,155,2.68674e-05,6.11736,20
1,1193,p1,105,2.80993e-05,5.99061,20
1,454,p1,1284,3.62549e-05,9.99846,10
1,455,p1,1346,3.62269e-05,10.0151,10
1,456,p1,1251,3.61851e-05,10.0124,10
1,1194,p1,122,2.70196e-05,6.57608,20
1,1195,p1,149,2.82942e-05,6.73978,20
1,1196,p1,117,3.12247e-05,6.38584,20
1,1197,p1,170,2.91913e-05,6.60793,20
1,1198,p1,166,3.05117e-05,6.96144,20
1,1199,p1,105,2.93828e-05,6.62895,20
1,1200,p1,123,2.87048e-05,6.52124,20
1,1201,p1,135,3.02826e-05,6.71309,20
1,1202,p1,154,3.15118e-05,6.71737,20
1,1203,p1,175,3.45071e-05,6.46367,20
1,1204,p1,117,3.18643e-05,6.45897,20
1,1205,p1,149,3.19035e-05,6.60993,20
1,1206,p1,173,2.97974e-05,6.6277,20
1,1207,p1,129,3.13235e-05,6.02934,20
1,1208,p1,141,3.22522e-05,6.32876,20
1,1209,p1,127,3.17047e-05,6.32533,20
1,1210,p1,132,3.72392e-05,5.92609,20
1,1211,p1,194,3.98058e-05,5.85294,20
1,1212,p1,121,3.75801e-05,5.92319,20
1,1213,p1,106,3.28751e-05,5.79505,20
1,1214,p1,153,3.30241e-05,5.51945,20
1,1215,p1,136,3.62081e-05,5.81456,20
1,1216,p1,81,3.37022e-05,6.37667,20
1,1217,p1,128,3.80588e-05,6.09206,20
1,1218,p1,140,3.93296e-05,5.92239,20
1,1219,p1,130,3.5329e-05,6.18944,20
1,1220,p1,126,3.79781e-05,6.0122,20
1,1221,p1,178,3.97603e-05,6.07048,20
1,1222,p1,90,3.97025e-05,6.22216,20
1,1223,p1,141,3.90664e-05,5.82775,20
1,1224,p1,119,4.06521e-05,5.90876,20
1,1225,p1,175,4.14415e-05,5.93852,20
1,1226,p1,123,4.01738e-05,5.83925,20
1,1227,p1,173,3.88251e-05,6.27556,20
1,1228,p1,184,3.9633e-05,6.0022,20
1,1229,p1,128,4.27008e-05,5.94894,20
1,1230,p1,113,4.41409e-05,5.97952,20
1,1231,p1,168,4.25321e-05,6.06824,20
1,1232,p1,166,4.11798e-05,5.89807,20
1,1233,p1,140,3.56796e-05,5.44073,20
1,1234,p1,112,4.09794e-05,6.31009,20
1,1235,p1,188,4.34729e-05,6.54705,20
1,1236,p1,73,4.27378e-05,6.99934,20
1,1237,p1,86,4.63501e-05,6.87099,20
1,1238,p1,139,4.38818e-05,6.71441,20
1,1239,p1,132,4.32005e-05,6.55437,20
1,1240,p1,113,4.21775e-05,6.14048,20
1,1241,p1,147,4.23134e-05,6.20755,20
1,1242,p1,128,3.98575e-05,6.98339,20
1,1243,p1,127,3.73018e-05,7.21195,20
1,1244,p1,155,3.72271e-05,7.35429,20
1,1245,p1,122,3.94487e-05,6.55959,20
1,1246,p1,177,4.02198e-05,6.58847,20
1,1247,p1,133,4.135e-05,7.34512,20
1,1248,p1,124,4.08061e-05,6.85751,20
1,1249,p1,175,4.24909e-05,6.7868,20
1,457,p1,1268,3.55551e-05,10.0035,10
1,458,p1,1293,3.60474e-05,10.0094,10
1,459,p1,1280,3.5446e-05,10.0028,10
1,460,p1,1386,3.51008e-05,9.98935,10
1,650,p1,170,6.86779e-05,5.0026,50
1,1100,p1,145,3.13696e-05,-10.7971,100
1,651,p1,161,6.14386e-05,4.74642,50
1,652,p1,79,5.34121e-05,4.04726,50
1,653,p1,136,5.69896e-05,4.68968,50
1,654,p1,181,6.09189e-05,4.72108,50
1,655,p1,128,6.99655e-05,5.2208,50
1,656,p1,85,6.17329e-05,4.25708,50
1,657,p1,195,6.19624e-05,4.3796,50
1,658,p1,107,5.81195e-05,3.96352,50
1,659,p1,122,5.04831e-05,3.92734,50
1,660,p1,154,4.75576e-05,3.50156,50
1,1101,p1,153,3.29602e-05,-10.5059,100
1,1102,p1,159,3.31967e-05,-10.6378,100
1,1103,p1,143,3.55259e-05,-10.0054,100
1,1104,p1,145,3.74159e-05,-9.44697,100
1,1105,p1,107,3.76164e-05,-9.50355,100
1,1106,p1,120,3.60962e-05,-9.38857,100
1,1107,p1,190,3.63907e-05,-9.16299,100
1,1108,p1,162,3.61633e-05,-8.80072,100
1,1109,p1,104,3.66822e-05,-8.83354,100
1,1110,p1,150,3.62122e-05,-8.1619,100
1,1111,p1,147,3.66215e-05,-8.52842,100
1,1112,p1,150,3.93127e-05,-8.42142,100
1,1113,p1,117,3.87691e-05,-8.16448,100
1,1114,p1,194,3.76273e-05,-7.6067,100
1,1100,p1,162,6.11378e-05,2.28411,30
1,1115,p1,126,4.06963e-05,-8.52378,100
1,1116,p1,132,4.08514e-05,-8.28881,100
1,1101,p1,130,6.3476e-05,2.0007,30
1,1117,p1,156,3.74073e-05,-8.03556,100
1,1102,p1,111,5.71467e-05,2.5799,30
1,1103,p1,143,6.16952e-05,2.1944,30
1,1118,p1,165,3.65409e-05,-7.85438,100
1,1104,p1,128,6.47858e-05,1.748,30
1,1105,p1,166,6.47774e-05,2.17267,30
1,1106,p1,168,6.24913e-05,2.3441,30
1,1107,p1,114,6.96314e-05,2.00172,30
1,1108,p1,93,6.92421e-05,2.02023,30
1,1109,p1,164,6.28246e-05,2.57512,30
1,1110,p1,157,6.67151e-05,2.40493,30
1,1111,p1,161,6.51154e-05,2.37942,30
1,1112,p1,135,6.00872e-05,2.41183,30
1,1113,p1,127,6.29766e-05,2.34185,30
1,1114,p1,174,6.5597e-05,1.93218,30
1,1115,p1,132,5.35945e-05,3.09866,30
1,1116,p1,117,6.14526e-05,2.19204,30
1,1117,p1,127,5.7826e-05,2.36496,30
1,1118,p1,119,5.95699e-05,2.27287,30
1,461,p1,1198,3.51364e-05,9.98682,10
1,661,p1,139,5.04679e-05,4.01241,50
1,1119,p1,168,5.7959e-05,2.16978,30
1,1120,p1,140,6.0048e-05,2.15634,30
1,662,p1,118,4.92495e-05,3.5903,50
1,663,p1,138,4.99155e-05,3.74947,50
1,1121,p1,173,5.81994e-05,2.11234,30
1,1122,p1,153,5.86695e-05,2.15839,30
1,664,p1,140,5.0987e-05,3.86191,50
1,1123,p1,128,5.86685e-05,1.88355,30
1,665,p1,169,5.006e-05,4.13474,50
1,1124,p1,117,5.46362e-05,2.55018,30
1,1125,p1,126,5.56343e-05,1.89206,30
1,666,p1,156,5.92842e-05,4.39505,50
1,1126,p1,140,5.66439e-05,2.09064,30
1,667,p1,123,5.6162e-05,4.48213,50
1,1127,p1,140,4.72337e-05,2.53986,30
1,668,p1,148,4.37929e-05,3.29485,50
1,1128,p1,105,4.84671e-05,2.82007,30
1,669,p1,146,5.53239e-05,4.44933,50
1,1129,p1,159,5.30114e-05,2.08914,30
1,670,p1,113,5.13302e-05,4.63736,50
1,1130,p1,118,5.00108e-05,3.39907,30
1,1131,p1,129,4.81762e-05,3.37893,30
1,671,p1,148,4.50632e-05,3.67609,50
1,1132,p1,163,4.94337e-05,3.45061,30
1,1133,p1,156,5.36682e-05,3.18899,30
1,1134,p1,124,5.41799e-05,3.10484,30
1,1135,p1,133,4.80768e-05,3.21088,30
1,1136,p1,96,4.41151e-05,3.9549,30
1,1137,p1,140,5.04482e-05,3.33159,30
1,1138,p1,108,4.31194e-05,4.13737,30
1,1139,p1,127,4.08069e-05,4.137,30
1,1140,p1,165,4.3209e-05,3.56067,30
1,1141,p1,94,3.63637e-05,4.32112,30
1,1142,p1,153,3.79978e-05,4.09017,30
1,1143,p1,99,3.71783e-05,3.85579,30
1,1144,p1,116,3.90993e-05,3.79014,30
1,1145,p1,149,4.00892e-05,4.2994,30
1,1146,p1,127,4.1063e-05,4.10597,30
1,1147,p1,104,4.47342e-05,4.8016,30
1,1148,p1,118,4.21538e-05,4.59932,30
1,1149,p1,135,4.22305e-05,4.74652,30
1,1119,p1,139,3.62282e-05,-7.76081,100
1,1120,p1,99,3.7639e-05,-8.40092,100
1,1150,p1,166,4.42891e-05,4.86907,30
1,1121,p1,161,3.57521e-05,-7.84704,100
1,1151,p1,119,4.46261e-05,5.09052,30
1,1152,p1,137,4.43316e-05,5.06624,30
1,1122,p1,163,3.70577e-05,-7.96716,100
1,1153,p1,128,4.65634e-05,5.08084,30
1,1123,p1,124,3.96403e-05,-8.07434,100
1,1154,p1,109,4.57626e-05,4.78425,30
1,1124,p1,117,3.54752e-05,-7.86384,100
1,1155,p1,175,4.75946e-05,5.02353,30
1,1125,p1,144,3.52291e-05,-7.8142,100
1,1156,p1,117,4.74732e-05,4.7269,30
1,1126,p1,164,3.43867e-05,-7.76574,100
1,1157,p1,138,4.82905e-05,4.72003,30
1,1127,p1,110,2.89702e-05,-7.27851,100
1,1158,p1,163,4.91949e-05,4.12204,30
1,1128,p1,111,3.49683e-05,-8.40076,100
1,1159,p1,108,4.79647e-05,4.01121,30
1,1129,p1,148,3.11299e-05,-7.52746,100
1,1160,p1,103,4.67e-05,4.173,30
1,1130,p1,116,3.1645e-05,-7.71502,100
1,672,p1,117,5.12766e-05,3.80784,50
1,673,p1,166,5.77408e-05,5.1207,50
1,674,p1,96,5.48101e-05,5.99583,50
1,675,p1,123,5.68018e-05,5.51184,50
1,676,p1,152,5.85849e-05,5.97223,50
1,677,p1,137,6.54758e-05,7.13562,50
1,678,p1,131,6.08636e-05,6.73724,50
1,679,p1,134,6.14989e-05,7.07232,50
1,680,p1,125,6.4409e-05,6.3891,50
1,681,p1,130,7.64876e-05,7.74089,50
1,682,p1,136,7.41909e-05,8.42755,50
1,683,p1,106,7.75441e-05,8.64795,50
1,684,p1,162,7.54866e-05,8.08084,50
1,685,p1,159,7.83905e-05,8.66216,50
1,686,p1,111,7.35825e-05,9.23411,50
1,687,p1,136,7.57645e-05,8.91911,50
1,688,p1,195,7.19354e-05,9.32421,50
1,689,p1,118,7.80598e-05,8.80578,50
1,690,p1,149,7.69551e-05,9.15154,50
1,691,p1,200,7.6518e-05,8.8305,50
1,692,p1,107,7.32911e-05,9.12999,50
1,693,p1,146,7.44952e-05,9.21498,50
1,694,p1,135,7.8186e-05,9.07005,50
1,462,p1,1512,3.54232e-05,10.0084,10
1,463,p1,1264,3.53697e-05,9.97293,10
1,1161,p1,177,4.75914e-05,3.90306,30
1,1162,p1,159,4.6551e-05,3.81156,30
1,1163,p1,125,5.13258e-05,4.16688,30
1,1164,p1,168,4.98138e-05,3.79259,30
1,1165,p1,139,4.35249e-05,3.57728,30
1,1166,p1,161,4.39549e-05,3.75567,30
1,1167,p1,133,4.4706e-05,3.83931,30
1,1168,p1,104,4.87061e-05,3.88578,30
1,1169,p1,146,4.71554e-05,4.1347,30
1,1170,p1,172,4.6192e-05,3.70474,30
1,1171,p1,135,5.01542e-05,3.74134,30
1,1172,p1,88,5.30385e-05,4.13791,30
1,1173,p1,123,5.22539e-05,4.14797,30
1,1174,p1,128,4.90829e-05,4.09121,30
1,1175,p1,125,5.14538e-05,4.34699,30
1,1176,p1,162,4.61027e-05,4.78324,30
1,1177,p1,148,4.97941e-05,4.71173,30
1,1178,p1,106,5.04775e-05,4.57664,30
1,1179,p1,130,4.57405e-05,4.75878,30
1,1180,p1,170,5.01673e-05,4.59385,30
1,1181,p1,113,4.46813e-05,5.05701,30
1,1182,p1,100,4.5677e-05,5.64341,30
1,1183,p1,168,4.24915e-05,5.48581,30
1,1184,p1,131,4.1337e-05,5.22026,30
1,1185,p1,141,4.37941e-05,5.46284,30
1,1186,p1,123,3.69327e-05,5.25475,30
1,1187,p1,168,4.09014e-05,4.94516,30
1,1188,p1,134,4.05694e-05,4.98712,30
1,695,p1,175,7.631e-05,9.33626,50
1,696,p1,134,7.64594e-05,9.22528,50
1,697,p1,134,8.18604e-05,9.05536,50
1,698,p1,116,8.38905e-05,9.02291,50
1,699,p1,199,8.35449e-05,8.75114,50
1,700,p1,98,8.38297e-05,8.79441,50
1,701,p1,170,8.48709e-05,9.10021,50
1,702,p1,174,8.57917e-05,8.08716,50
1,703,p1,108,7.73667e-05,8.20108,50
1,704,p1,101,8.1143e-05,7.54636,50
1,705,p1,155,8.75157e-05,7.63351,50
1,1189,p1,134,3.90056e-05,4.98275,30
1,1190,p1,158,4.29541e-05,5.18111,30
1,1191,p1,127,3.59781e-05,5.34402,30
1,1192,p1,140,4.21043e-05,5.62716,30
1,1193,p1,107,4.54171e-05,5.51851,30
1,1194,p1,140,4.02314e-05,4.81473,30
1,1195,p1,130,4.49636e-05,5.25599,30
1,1196,p1,132,4.44835e-05,5.01881,30
1,1197,p1,170,4.24934e-05,4.86422,30
1,1198,p1,165,4.36801e-05,4.9724,30
1,1199,p1,145,4.45907e-05,5.05424,30
1,464,p1,1346,3.52246e-05,9.95327,10
1,1131,p1,136,3.1034e-05,-7.62867,100
1,1132,p1,184,3.03087e-05,-7.40783,100
1,1133,p1,176,3.00867e-05,-7.32758,100
1,1134,p1,127,3.12406e-05,-6.69185,100
1,1135,p1,172,3.61674e-05,-7.55503,100
1,1136,p1,153,3.67955e-05,-6.8146,100
1,1137,p1,118,3.15398e-05,-6.09589,100
1,1138,p1,138,3.17641e-05,-6.0987,100
1,1139,p1,99,3.46806e-05,-6.12608,100
1,706,p1,127,7.68519e-05,7.46851,50
1,1140,p1,164,3.24952e-05,-5.99274,100
1,707,p1,133,6.17856e-05,7.12765,50
1,1141,p1,163,3.48498e-05,-6.78553,100
1,708,p1,125,6.77795e-05,6.99739,50
1,709,p1,139,7.63793e-05,7.06926,50
1,710,p1,124,6.89627e-05,6.60339,50
1,711,p1,130,6.31669e-05,6.81588,50
1,712,p1,132,6.37804e-05,7.0013,50
1,713,p1,138,6.1569e-05,6.82277,50
1,714,p1,145,6.11631e-05,6.56971,50
1,715,p1,145,5.98254e-05,6.67606,50
1,716,p1,138,6.80926e-05,6.90529,50
1,717,p1,130,6.98083e-05,7.24768,50
1,718,p1,143,6.12318e-05,6.67649,50
1,719,p1,185,6.62894e-05,6.62107,50
1,720,p1,175,6.82913e-05,6.70513,50
1,721,p1,76,7.16361e-05,6.51274,50
1,465,p1,1289,3.54078e-05,9.97923,10
1,1142,p1,131,3.28751e-05,-6.77428,100
1,1143,p1,146,3.71482e-05,-6.6604,100
1,1144,p1,177,3.83429e-05,-7.28266,100
1,1145,p1,135,3.86387e-05,-6.9134,100
1,1146,p1,125,4.07405e-05,-6.6931,100
1,1147,p1,104,4.17469e-05,-6.76969,100
1,1148,p1,169,4.06565e-05,-7.15254,100
1,1149,p1,103,4.33113e-05,-6.52298,100
1,466,p1,1324,3.59219e-05,9.9778,10
1,467,p1,1303,3.58845e-05,9.9679,10
1,1250,p1,130,4.33269e-05,6.19491,20
1,1251,p1,160,4.62813e-05,6.20302,20
1,1252,p1,149,4.67218e-05,5.62683,20
1,1253,p1,128,4.58435e-05,5.3387,20
1,1254,p1,125,4.55994e-05,5.54393,20
1,1255,p1,117,4.48773e-05,5.31503,20
1,1256,p1,98,4.70741e-05,5.45487,20
1,1257,p1,146,4.62352e-05,4.76976,20
1,1258,p1,99,4.6707e-05,4.93641,20
1,1259,p1,150,4.469e-05,4.7098,20
1,1260,p1,120,4.71e-05,5.34837,20
1,1261,p1,130,4.43828e-05,4.64418,20
1,1262,p1,142,4.41046e-05,4.67641,20
1,1263,p1,146,4.94272e-05,5.24865,20
1,1264,p1,130,5.17615e-05,5.3223,20
1,1265,p1,149,5.35933e-05,5.11893,20
1,1266,p1,138,5.25134e-05,5.38191,20
1,1267,p1,144,5.51801e-05,5.55434,20
1,1268,p1,100,5.25435e-05,4.97699,20
1,1269,p1,159,5.14926e-05,5.09584,20
1,1270,p1,103,5.24663e-05,4.6221,20
1,1271,p1,168,4.84162e-05,4.77866,20
1,1272,p1,125,5.19821e-05,5.16101,20
1,1273,p1,142,5.26284e-05,4.80995,20
1,1274,p1,147,5.02837e-05,4.82827,20
1,1275,p1,184,4.87779e-05,5.1677,20
1,1276,p1,142,5.01091e-05,4.77187,20
1,1277,p1,152,5.36098e-05,4.85601,20
1,1278,p1,122,5.24355e-05,4.56475,20
1,1279,p1,120,5.08434e-05,4.62095,20
1,1280,p1,160,4.92404e-05,4.67701,20
1,1281,p1,142,5.12765e-05,4.46331,20
1,1282,p1,121,5.35206e-05,4.70369,20
1,1283,p1,122,5.49284e-05,5.23547,20
1,1284,p1,125,5.19802e-05,4.1354,20
1,1285,p1,135,5.46455e-05,4.41574,20
1,1286,p1,157,5.46186e-05,4.26519,20
1,1287,p1,133,5.3903e-05,4.66251,20
1,1288,p1,144,5.51386e-05,4.17017,20
1,468,p1,1274,3.60133e-05,9.9682,10
1,722,p1,108,7.32802e-05,6.4934,50
1,723,p1,177,7.55575e-05,6.89615,50
1,724,p1,99,7.81706e-05,6.61598,50
1,725,p1,139,7.92286e-05,6.9343,50
1,726,p1,137,7.54739e-05,6.95521,50
1,727,p1,129,7.9305e-05,6.57773,50
1,728,p1,139,7.38254e-05,6.16105,50
1,729,p1,155,7.86882e-05,6.80412,50
1,730,p1,133,7.92504e-05,6.47724,50
1,731,p1,116,6.93174e-05,6.6424,50
1,732,p1,146,6.85046e-05,6.60909,50
1,733,p1,126,7.15092e-05,6.36919,50
1,734,p1,114,7.01481e-05,6.24828,50
1,1289,p1,130,5.49189e-05,4.3817,20
1,1290,p1,121,5.60532e-05,4.44152,20
1,1291,p1,121,5.43044e-05,3.99827,20
1,1292,p1,135,5.25704e-05,3.7716,20
1,1293,p1,104,5.34213e-05,4.46225,20
1,1294,p1,144,5.31843e-05,4.95748,20
1,1295,p1,147,5.47085e-05,4.51143,20
1,1296,p1,147,5.34675e-05,3.56661,20
1,1297,p1,126,5.44933e-05,4.63644,20
1,1298,p1,140,5.41747e-05,5.02636,20
1,1299,p1,106,5.29632e-05,5.11571,20
1,1300,p1,138,5.16793e-05,5.23715,20
1,469,p1,1303,3.54871e-05,9.99038,10
1,470,p1,1496,3.57968e-05,9.99505,10
1,1301,p1,181,5.62217e-05,4.63958,20
1,1302,p1,87,4.98157e-05,5.83147,20
1,1303,p1,134,5.21422e-05,5.62746,20
1,1304,p1,140,5.54362e-05,5.30075,20
1,1305,p1,145,5.42709e-05,5.24958,20
1,1306,p1,167,5.37362e-05,5.33405,20
1,1307,p1,109,5.35237e-05,6.11476,20
1,1308,p1,130,5.56707e-05,5.71345,20
1,1309,p1,167,5.166e-05,6.14766,20
1,1310,p1,140,5.02921e-05,6.38138,20
1,1311,p1,127,5.28449e-05,6.68245,20
1,1312,p1,143,5.10401e-05,6.35647,20
1,1313,p1,120,5.05552e-05,6.77733,20
1,471,p1,1282,3.58404e-05,10.0065,10
1,735,p1,75,6.32942e-05,6.80198,50
1,736,p1,112,6.57314e-05,6.68138,50
1,737,p1,162,6.12679e-05,6.57836,50
1,738,p1,94,5.40329e-05,6.81614,50
1,739,p1,120,5.69208e-05,6.86544,50
1,740,p1,180,5.72616e-05,6.61924,50
1,741,p1,107,5.20923e-05,6.75286,50
1,742,p1,120,5.40424e-05,6.63459,50
1,743,p1,125,5.77741e-05,6.74273,50
1,744,p1,133,6.29185e-05,6.55343,50
1,745,p1,105,5.48463e-05,6.52231,50
1,746,p1,125,5.336e-05,6.96957,50
1,747,p1,126,5.4053e-05,6.75153,50
1,1314,p1,131,5.26595e-05,6.27571,20
1,1315,p1,172,5.04842e-05,6.84556,20
1,1316,p1,158,5.31269e-05,6.48843,20
1,1317,p1,109,5.50736e-05,6.34532,20
1,1318,p1,127,5.53869e-05,6.65477,20
1,1319,p1,156,5.16352e-05,7.15929,20
1,1320,p1,152,5.17497e-05,7.465,20
1,1321,p1,102,4.62644e-05,7.82997,20
1,1322,p1,114,4.76297e-05,7.71706,20
1,1323,p1,182,5.04248e-05,7.47152,20
1,1324,p1,151,5.07305e-05,7.44223,20
1,1325,p1,100,4.64305e-05,7.95807,20
1,1326,p1,115,5.02938e-05,7.30814,20
1,472,p1,1271,3.57101e-05,10.0022,10
1,473,p1,1335,3.60736e-05,9.98906,10
1,748,p1,149,5.298e-05,6.92825,50
1,749,p1,131,5.7131e-05,6.7168,50
1,1327,p1,131,5.37856e-05,6.90076,20
1,1328,p1,118,4.98984e-05,7.68832,20
1,1329,p1,122,4.54659e-05,8.00424,20
1,1330,p1,116,4.44073e-05,7.99838,20
1,1331,p1,122,4.91928e-05,7.67257,20
1,1332,p1,152,4.28737e-05,8.0511,20
1,1333,p1,124,4.21846e-05,8.26873,20
1,1334,p1,128,4.65707e-05,7.77366,20
1,1335,p1,142,4.35248e-05,7.93136,20
1,1336,p1,124,4.60575e-05,7.6254,20
1,1337,p1,153,4.83017e-05,7.77951,20
1,1338,p1,150,4.76549e-05,7.55056,20
1,1339,p1,113,4.84889e-05,7.23335,20
1,1150,p1,129,4.30142e-05,-7.36467,100
1,1151,p1,171,4.4649e-05,-7.68677,100
1,1152,p1,134,4.36762e-05,-7.2129,100
1,1153,p1,135,4.28324e-05,-7.36919,100
1,1154,p1,163,4.22368e-05,-7.61417,100
1,1155,p1,107,4.10569e-05,-7.71118,100
1,1156,p1,133,3.99234e-05,-7.26802,100
1,1157,p1,170,4.14481e-05,-7.39132,100
1,1340,p1,163,4.57452e-05,7.2077,20
1,1341,p1,131,5.20337e-05,6.8931,20
1,1342,p1,120,4.80531e-05,7.40806,20
1,1343,p1,138,5.10436e-05,7.23437,20
1,1344,p1,140,4.90469e-05,7.10712,20
1,1345,p1,121,4.84957e-05,6.8581,20
1,1346,p1,147,5.35381e-05,6.97697,20
1,1347,p1,159,4.85928e-05,7.4452,20
1,1348,p1,136,4.35037e-05,7.36612,20
1,1349,p1,130,4.57698e-05,7.37311,20
1,474,p1,1322,3.54944e-05,10.0054,10
1,475,p1,1132,3.47777e-05,9.98467,10
1,1158,p1,120,4.21163e-05,-7.30015,100
1,1159,p1,130,4.21636e-05,-7.00385,100
1,1160,p1,138,4.60859e-05,-6.74876,100
1,1161,p1,140,5.07472e-05,-7.04801,100
1,1162,p1,115,4.89928e-05,-7.2887,100
1,1163,p1,147,5.08686e-05,-7.32342,100
1,1164,p1,156,4.92893e-05,-7.24217,100
1,1165,p1,196,5.19576e-05,-6.74372,100
1,1166,p1,109,5.19893e-05,-6.98124,100
1,1167,p1,118,4.78875e-05,-6.08748,100
1,1168,p1,126,5.38054e-05,-6.74462,100
1,1169,p1,147,4.92443e-05,-7.56735,100
1,1170,p1,119,4.73925e-05,-7.4628,100
1,1171,p1,127,4.71213e-05,-6.62315,100
1,1172,p1,158,4.83158e-05,-6.93059,100
1,1173,p1,159,4.86965e-05,-7.62959,100
1,1174,p1,123,4.55066e-05,-7.64988,100
1,1175,p1,137,4.51537e-05,-7.63544,100
1,1176,p1,86,4.26474e-05,-6.75665,100
1,476,p1,1408,3.63319e-05,9.9936,10
1,1200,p1,157,4.6895e-05,5.42457,30
1,1201,p1,114,4.9381e-05,5.56353,30
1,1202,p1,135,4.62705e-05,4.86016,30
1,1203,p1,170,4.78735e-05,4.81273,30
1,1204,p1,75,4.7096e-05,4.87481,30
1,1205,p1,144,4.81221e-05,5.22428,30
1,1206,p1,140,4.71747e-05,5.29529,30
1,1207,p1,118,4.44571e-05,5.10838,30
1,1208,p1,109,4.96334e-05,5.72954,30
1,1209,p1,138,5.05571e-05,6.12826,30
1,1210,p1,115,4.94461e-05,5.89195,30
1,1211,p1,133,4.86944e-05,5.25163,30
1,1212,p1,144,4.90724e-05,5.22011,30
1,1213,p1,135,5.20513e-05,6.24083,30
1,1214,p1,86,5.01366e-05,5.59541,30
1,1215,p1,154,4.86897e-05,5.56294,30
1,1216,p1,160,4.81016e-05,5.78063,30
1,1217,p1,87,5.05906e-05,6.99555,30
1,1218,p1,125,4.6247e-05,5.94835,30
1,1219,p1,159,4.91719e-05,6.07533,30
1,1220,p1,158,4.75783e-05,6.20233,30
1,1221,p1,138,4.66144e-05,5.53991,30
1,1222,p1,145,4.60694e-05,5.79969,30
1,1223,p1,119,4.56172e-05,5.59524,30
1,1224,p1,149,4.72956e-05,5.34909,30
1,1225,p1,127,4.98221e-05,5.86586,30
1,1226,p1,132,4.64661e-05,5.25855,30
1,1227,p1,107,4.84601e-05,5.36666,30
1,1228,p1,186,4.7956e-05,5.23284,30
1,1229,p1,130,5.23533e-05,5.78967,30
1,1230,p1,137,5.2944e-05,5.86202,30
1,1231,p1,129,5.06009e-05,6.83987,30
1,1232,p1,102,5.24841e-05,6.46155,30
1,1233,p1,108,5.28888e-05,6.57666,30
1,1234,p1,155,4.83257e-05,7.42868,30
1,1235,p1,150,4.9328e-05,7.63453,30
1,1236,p1,140,4.97967e-05,6.86315,30
1,1237,p1,102,5.18339e-05,6.18862,30
1,1238,p1,156,5.26208e-05,6.66998,30
1,1239,p1,126,5.12229e-05,6.64983,30
1,1240,p1,159,5.15126e-05,6.59563,30
1,1177,p1,125,4.12109e-05,-7.00517,100
1,1178,p1,141,4.25497e-05,-7.26428,100
1,1179,p1,159,4.46325e-05,-7.38721,100
1,1180,p1,168,3.94448e-05,-8.35858,100
1,1181,p1,149,3.40969e-05,-8.08046,100
1,1182,p1,99,3.90776e-05,-7.76015,100
1,1183,p1,136,3.51357e-05,-7.91015,100
1,1184,p1,116,3.90521e-05,-8.06932,100
1,1185,p1,132,3.34513e-05,-7.75523,100
1,1186,p1,119,3.88129e-05,-7.31879,100
1,1187,p1,183,3.33466e-05,-7.54663,100
1,1188,p1,119,3.33839e-05,-7.15318,100
1,1189,p1,135,3.66985e-05,-7.40284,100
1,1241,p1,111,5.24434e-05,6.5543,30
1,1242,p1,113,4.67241e-05,7.58596,30
1,1243,p1,116,4.69155e-05,7.58222,30
1,1244,p1,157,4.95801e-05,7.36624,30
1,1245,p1,153,4.93697e-05,7.1722,30
1,1246,p1,124,4.71472e-05,7.04923,30
1,1247,p1,140,4.41617e-05,7.7612,30
1,1248,p1,128,4.65045e-05,7.52291,30
1,1249,p1,117,4.66491e-05,7.50852,30
1,477,p1,1267,3.55945e-05,9.99246,10
1,478,p1,1352,3.53332e-05,9.99601,10
1,1190,p1,131,3.24011e-05,-6.66348,100
1,1191,p1,160,3.49797e-05,-7.13012,100
1,1192,p1,117,3.97454e-05,-7.26934,100
1,1193,p1,140,3.87684e-05,-6.96636,100
1,1194,p1,133,3.71674e-05,-8.04826,100
1,1195,p1,104,4.37898e-05,-7.40645,100
1,1196,p1,168,3.95585e-05,-7.18062,100
1,1197,p1,154,4.1733e-05,-6.62629,100
1,1198,p1,110,4.16517e-05,-7.61051,100
1,1199,p1,143,4.29706e-05,-7.74099,100
1,479,p1,1257,3.5832e-05,10.0058,10
1,480,p1,1301,3.60578e-05,10.0043,10
1,750,p1,83,6.22761e-05,6.45462,50
1,751,p1,104,5.71182e-05,6.84308,50
1,752,p1,233,5.78682e-05,7.01627,50
1,753,p1,121,5.55447e-05,6.86831,50
1,754,p1,163,5.54129e-05,6.82826,50
1,755,p1,172,5.79658e-05,6.51487,50
1,756,p1,114,5.29409e-05,7.56005,50
1,757,p1,160,5.21301e-05,7.0501,50
1,758,p1,126,5.72855e-05,6.52507,50
1,759,p1,114,5.09141e-05,6.76302,50
1,760,p1,150,4.67913e-05,7.23766,50
1,761,p1,138,5.35956e-05,6.42873,50
1,481,p1,1293,3.58824e-05,10.0362,10
1,482,p1,1220,3.68361e-05,10.0045,10
1,762,p1,122,5.87833e-05,5.94791,50
1,763,p1,138,5.74546e-05,6.27042,50
1,764,p1,139,5.74494e-05,6.01454,50
1,765,p1,92,5.50744e-05,6.38942,50
1,766,p1,124,5.72655e-05,5.93477,50
1,767,p1,152,6.08897e-05,5.63986,50
1,768,p1,184,5.96546e-05,6.05116,50
1,769,p1,140,5.90115e-05,6.13033,50
1,770,p1,158,6.14867e-05,5.99319,50
1,771,p1,113,5.63525e-05,6.67474,50
1,772,p1,133,6.04732e-05,6.31721,50
1,773,p1,159,5.80282e-05,6.5995,50
1,774,p1,138,5.92294e-05,6.64609,50
1,775,p1,111,6.04147e-05,6.49845,50
1,776,p1,123,6.22847e-05,6.40799,50
1,777,p1,158,5.72134e-05,6.59901,50
1,778,p1,142,5.43097e-05,6.58067,50
1,779,p1,190,5.58717e-05,6.55873,50
1,780,p1,104,6.08825e-05,6.34783,50
1,781,p1,134,5.92164e-05,6.26971,50
1,782,p1,153,5.68245e-05,6.26813,50
1,1250,p1,130,4.98725e-05,6.67358,30
1,1251,p1,118,4.74623e-05,7.15073,30
1,1252,p1,133,5.00447e-05,6.25988,30
1,1253,p1,111,4.87229e-05,6.67247,30
1,1254,p1,132,4.79543e-05,7.03793,30
1,1255,p1,143,5.00149e-05,6.30646,30
1,1256,p1,119,5.11285e-05,6.23902,30
1,1257,p1,117,4.9882e-05,6.97722,30
1,1258,p1,156,5.20285e-05,6.20983,30
1,1259,p1,160,5.1834e-05,5.47107,30
1,1260,p1,105,5.24526e-05,5.3854,30
1,1261,p1,146,5.34397e-05,5.57023,30
1,483,p1,1332,3.62398e-05,9.99718,10
1,1262,p1,164,5.22583e-05,6.12548,30
1,1263,p1,149,5.29267e-05,5.6676,30
1,1264,p1,142,5.11094e-05,5.66831,30
1,1265,p1,120,5.32844e-05,6.07153,30
1,1266,p1,169,5.24574e-05,5.34935,30
1,1267,p1,102,5.37457e-05,5.21858,30
1,1268,p1,133,5.54051e-05,5.77346,30
1,1269,p1,107,5.51782e-05,5.65836,30
1,1270,p1,183,5.35619e-05,5.53594,30
1,1271,p1,159,5.36173e-05,5.14426,30
1,1272,p1,111,5.38982e-05,5.36415,30
1,1273,p1,114,5.16678e-05,5.20737,30
1,1274,p1,146,5.14677e-05,5.2016,30
1,1275,p1,144,5.40926e-05,4.62089,30
1,1276,p1,131,5.94319e-05,4.8982,30
1,1277,p1,145,5.46635e-05,4.60023,30
1,1278,p1,133,5.30889e-05,4.97872,30
1,1279,p1,119,5.54064e-05,4.76345,30
1,1280,p1,137,5.61151e-05,4.78416,30
1,484,p1,1234,3.81842e-05,10.0259,10
1,485,p1,1244,3.73973e-05,10.0307,10
1,1281,p1,165,5.31651e-05,4.62229,30
1,1282,p1,91,4.92181e-05,4.36546,30
1,1283,p1,154,5.51967e-05,4.56684,30
1,1284,p1,133,5.5995e-05,4.8693,30
1,1285,p1,157,5.26601e-05,4.53876,30
1,1286,p1,122,5.83966e-05,4.7478,30
1,1287,p1,131,6.12764e-05,5.11851,30
1,1288,p1,170,5.91737e-05,4.80769,30
1,1289,p1,102,6.43877e-05,5.42221,30
1,1290,p1,167,6.39152e-05,4.87753,30
1,1291,p1,158,6.21421e-05,4.59624,30
1,1292,p1,137,6.21623e-05,5.13067,30
1,1293,p1,109,6.0122e-05,4.67517,30
1,1294,p1,163,5.75725e-05,4.13096,30
1,1295,p1,129,5.81278e-05,4.30827,30
1,1296,p1,136,5.77587e-05,4.12034,30
1,1297,p1,124,5.64952e-05,3.76393,30
1,1298,p1,219,5.68857e-05,3.9672,30
1,1299,p1,83,5.81543e-05,4.1802,30
1,783,p1,124,5.14259e-05,6.45789,50
1,784,p1,90,4.75815e-05,6.93277,50
1,785,p1,148,5.06629e-05,6.77422,50
1,786,p1,122,4.79491e-05,6.66603,50
1,787,p1,141,4.63759e-05,7.07143,50
1,788,p1,143,4.47596e-05,7.25925,50
1,789,p1,159,4.18836e-05,6.85544,50
1,790,p1,150,4.9852e-05,7.0072,50
1,791,p1,113,5.07475e-05,7.01704,50
1,792,p1,109,4.59069e-05,7.16977,50
1,793,p1,146,4.62472e-05,7.09995,50
1,794,p1,110,5.45818e-05,6.56896,50
1,795,p1,155,4.88945e-05,7.2694,50
1,796,p1,139,4.59911e-05,7.18973,50
1,797,p1,160,4.51389e-05,7.2309,50
1,798,p1,149,4.52687e-05,6.93613,50
1,799,p1,151,4.49388e-05,6.51708,50
1,800,p1,162,4.9192e-05,6.33938,50
1,801,p1,144,4.96964e-05,6.61056,50
1,802,p1,117,4.20085e-05,6.63137,50
1,803,p1,152,3.63218e-05,7.5355,50
1,804,p1,141,4.12381e-05,7.27961,50
1,805,p1,142,4.02708e-05,7.49903,50
1,806,p1,110,4.12475e-05,7.30494,50
1,807,p1,157,4.19597e-05,7.49407,50
1,808,p1,153,4.62162e-05,7.10505,50
1,809,p1,89,3.62038e-05,8.07913,50
1,810,p1,152,3.87686e-05,8.12403,50
1,486,p1,1273,3.74359e-05,9.99132,10
1,811,p1,165,3.60975e-05,8.17104,50
1,812,p1,129,4.04546e-05,7.85557,50
1,813,p1,125,4.4008e-05,7.44167,50
1,814,p1,152,4.20468e-05,7.29243,50
1,815,p1,154,4.6187e-05,7.18676,50
1,816,p1,118,4.71869e-05,7.04539,50
1,817,p1,124,4.29949e-05,7.18448,50
1,818,p1,170,4.25298e-05,7.5052,50
1,819,p1,145,4.95358e-05,6.60487,50
1,820,p1,155,4.563e-05,6.63943,50
1,821,p1,90,4.37031e-05,7.20162,50
1,822,p1,109,4.45034e-05,6.96978,50
1,823,p1,147,4.29205e-05,7.31625,50
1,824,p1,144,3.89436e-05,7.25725,50
1,825,p1,105,4.03351e-05,7.32131,50
1,826,p1,141,4.37936e-05,7.14505,50
1,827,p1,124,4.51206e-05,6.91147,50
1,828,p1,127,3.95601e-05,7.3349,50
1,829,p1,124,4.16861e-05,7.27919,50
1,830,p1,143,3.99958e-05,7.38085,50
1,831,p1,139,4.28143e-05,6.85052,50
1,487,p1,1442,3.75864e-05,9.99377,10
1,488,p1,1326,3.793e-05,9.99137,10
1,489,p1,1250,3.82896e-05,9.98739,10
1,1350,p1,146,4.51658e-05,7.30187,20
1,1351,p1,133,4.90178e-05,7.08806,20
1,1352,p1,143,4.28004e-05,7.50884,20
1,1353,p1,135,4.29967e-05,7.3393,20
1,1354,p1,113,5.42811e-05,6.44661,20
1,1355,p1,124,4.63251e-05,7.19224,20
1,1356,p1,105,4.17297e-05,7.7664,20
1,1357,p1,153,4.19655e-05,7.54313,20
1,1358,p1,133,3.19046e-05,8.43136,20
1,1359,p1,102,3.28917e-05,8.22227,20
1,1360,p1,135,3.47457e-05,8.15458,20
1,1361,p1,155,3.7237e-05,7.90411,20
1,1362,p1,110,3.1638e-05,8.16217,20
1,1363,p1,125,3.11728e-05,8.39271,20
1,1364,p1,128,3.08524e-05,8.36293,20
1,1365,p1,135,3.00316e-05,8.41031,20
1,1366,p1,123,2.99151e-05,8.28611,20
1,1367,p1,126,2.98249e-05,8.06763,20
1,1368,p1,180,3.13852e-05,8.23458,20
1,1369,p1,143,2.9722e-05,7.99645,20
1,1370,p1,99,3.38654e-05,7.84721,20
1,1371,p1,173,3.30375e-05,8.03317,20
1,1372,p1,130,3.06766e-05,8.1673,20
1,1373,p1,149,2.99394e-05,8.47289,20
1,1374,p1,129,3.42885e-05,8.11317,20
1,1375,p1,87,3.28947e-05,8.33236,20
1,1376,p1,178,3.24454e-05,8.22019,20
1,1377,p1,149,3.05516e-05,8.26686,20
1,1378,p1,94,3.35514e-05,8.27336,20
1,1379,p1,167,3.29487e-05,8.21549,20
1,1380,p1,125,3.56669e-05,8.07051,20
1,1381,p1,125,3.54227e-05,7.92753,20
1,1382,p1,130,3.67376e-05,8.05491,20
1,1383,p1,118,3.47669e-05,7.96263,20
1,1384,p1,150,3.62682e-05,7.97435,20
1,1385,p1,128,3.71829e-05,8.03475,20
1,1386,p1,145,3.94999e-05,8.04002,20
1,1387,p1,123,4.08616e-05,8.16072,20
1,1388,p1,137,4.18283e-05,8.08928,20
1,1389,p1,112,3.97126e-05,7.84109,20
1,1390,p1,121,4.28212e-05,7.70448,20
1,1391,p1,145,4.22095e-05,7.8042,20
1,1392,p1,112,4.21624e-05,7.79711,20
1,1393,p1,178,4.22227e-05,7.74514,20
1,1394,p1,158,4.22823e-05,7.84012,20
1,1395,p1,164,4.30558e-05,7.96155,20
1,1200,p1,113,4.37403e-05,-6.81092,100
1,1201,p1,142,4.25667e-05,-7.62027,100
1,1202,p1,101,4.39261e-05,-7.69942,100
1,1203,p1,153,4.96198e-05,-7.21535,100
1,1204,p1,116,4.8614e-05,-7.30668,100
1,1205,p1,179,4.96801e-05,-7.1331,100
1,1206,p1,130,5.26843e-05,-6.91265,100
1,1207,p1,114,5.47168e-05,-7.66103,100
1,1208,p1,132,5.05848e-05,-7.45892,100
1,1209,p1,113,5.13529e-05,-7.69928,100
1,1210,p1,120,5.11764e-05,-8.23883,100
1,1211,p1,175,5.0729e-05,-8.54902,100
1,1212,p1,135,5.91632e-05,-7.79568,100
1,832,p1,129,3.94553e-05,7.10464,50
1,1213,p1,132,5.82338e-05,-7.3506,100
1,833,p1,98,4.21855e-05,6.82436,50
1,1214,p1,163,5.58883e-05,-7.78864,100
1,834,p1,179,4.09653e-05,7.00987,50
1,1215,p1,133,5.88072e-05,-6.77197,100
1,835,p1,178,3.99094e-05,7.1256,50
1,1216,p1,138,5.95211e-05,-7.0245,100
1,836,p1,86,3.47904e-05,8.2298,50
1,837,p1,130,3.70299e-05,7.80727,50
1,1217,p1,135,5.9893e-05,-7.00439,100
1,838,p1,129,3.83168e-05,8.04613,50
1,1218,p1,136,6.20194e-05,-7.06353,100
1,1219,p1,96,5.98394e-05,-7.2592,100
1,839,p1,160,3.34854e-05,8.36833,50
1,840,p1,111,4.10243e-05,8.41314,50
1,1220,p1,193,6.18117e-05,-6.75037,100
1,841,p1,131,3.99787e-05,8.20382,50
1,1221,p1,150,6.03138e-05,-5.07772,100
1,842,p1,113,3.90125e-05,8.36692,50
1,1222,p1,95,6.19972e-05,-5.14963,100
1,843,p1,128,4.04791e-05,8.2876,50
1,844,p1,115,3.40469e-05,8.25965,50
1,1223,p1,144,5.84614e-05,-5.5591,100
1,1224,p1,112,6.12396e-05,-5.24413,100
1,1225,p1,180,6.14105e-05,-5.05967,100
1,1226,p1,142,6.03943e-05,-4.8527,100
1,1227,p1,84,6.31654e-05,-4.6228,100
1,1228,p1,132,6.00872e-05,-4.50415,100
1,1229,p1,157,5.88089e-05,-4.5587,100
1,1230,p1,117,5.96767e-05,-4.64751,100
1,1231,p1,151,6.12217e-05,-4.39977,100
1,1232,p1,145,6.0015e-05,-4.77894,100
1,1233,p1,156,6.12219e-05,-4.97525,100
1,1234,p1,120,6.30469e-05,-4.33991,100
1,1235,p1,137,6.44989e-05,-4.8172,100
1,1236,p1,101,6.01951e-05,-5.44448,100
1,1237,p1,202,6.08693e-05,-5.08452,100
1,1300,p1,115,5.7662e-05,4.21736,30
1,1301,p1,164,5.85671e-05,3.9562,30
1,1302,p1,76,5.68949e-05,4.00404,30
1,1303,p1,94,5.44245e-05,3.71468,30
1,1304,p1,158,5.35002e-05,3.91896,30
1,1305,p1,143,5.62005e-05,4.1593,30
1,1306,p1,107,5.38833e-05,4.06953,30
1,1307,p1,183,5.47366e-05,3.69792,30
1,1308,p1,168,5.05196e-05,3.69589,30
1,1309,p1,152,5.23914e-05,3.8967,30
1,1310,p1,156,5.39583e-05,4.07926,30
1,1311,p1,167,5.42176e-05,3.72979,30
1,1312,p1,132,5.2005e-05,3.81956,30
1,1313,p1,134,5.35136e-05,4.03059,30
1,1314,p1,141,5.46791e-05,3.98311,30
1,1315,p1,142,5.41644e-05,3.89191,30
1,490,p1,1250,3.81585e-05,9.99969,10
1,1396,p1,84,3.99731e-05,8.0991,20
1,1397,p1,136,4.49273e-05,7.88653,20
1,1398,p1,196,4.60562e-05,7.86768,20
1,1399,p1,128,4.76004e-05,8.05441,20
1,1400,p1,98,4.39926e-05,8.12565,20
1,1401,p1,144,4.74884e-05,8.31415,20
1,1402,p1,184,4.98024e-05,8.45878,20
1,1403,p1,114,4.70599e-05,8.31638,20
1,1404,p1,148,4.99181e-05,8.27068,20
1,1405,p1,140,4.89495e-05,8.21988,20
1,1406,p1,153,5.00728e-05,8.03548,20
1,1407,p1,127,5.15739e-05,8.29521,20
1,1238,p1,162,6.30843e-05,-4.96872,100
1,1239,p1,175,6.5198e-05,-4.44775,100
1,1240,p1,143,6.54428e-05,-5.48381,100
1,1241,p1,149,6.37262e-05,-4.70747,100
1,1242,p1,159,6.44522e-05,-5.49361,100
1,1243,p1,118,6.56227e-05,-5.68035,100
1,1244,p1,160,6.43967e-05,-4.59546,100
1,1245,p1,133,6.46642e-05,-5.13481,100
1,1246,p1,144,6.54417e-05,-5.65572,100
1,1247,p1,138,6.29721e-05,-5.81144,100
1,1408,p1,149,5.12486e-05,8.59915,20
1,1409,p1,130,5.1371e-05,8.45515,20
1,1410,p1,116,5.26405e-05,8.39169,20
1,1411,p1,128,5.39893e-05,8.65546,20
1,1412,p1,144,5.36311e-05,8.89252,20
1,1316,p1,131,5.43159e-05,3.47054,30
1,1317,p1,107,5.61957e-05,4.07165,30
1,1318,p1,121,5.64295e-05,4.29705,30
1,1319,p1,141,5.20575e-05,3.05199,30
1,1320,p1,196,5.30969e-05,2.69895,30
1,1321,p1,104,5.19892e-05,2.88173,30
1,1322,p1,119,5.4077e-05,2.60083,30
1,1323,p1,174,5.13856e-05,2.7204,30
1,1324,p1,155,5.18402e-05,2.61166,30
1,1325,p1,95,5.07457e-05,2.63182,30
1,1326,p1,95,5.28853e-05,2.53369,30
1,1327,p1,178,5.33092e-05,2.48853,30
1,1328,p1,122,5.03117e-05,2.84383,30
1,1329,p1,112,4.45596e-05,2.87064,30
1,1330,p1,157,4.82024e-05,2.65152,30
1,1331,p1,152,5.40943e-05,2.78468,30
1,1332,p1,90,5.25753e-05,2.89629,30
1,1333,p1,147,5.05891e-05,3.07503,30
1,1334,p1,140,5.68798e-05,3.41014,30
1,1335,p1,123,5.43255e-05,3.31866,30
1,1336,p1,138,5.46167e-05,3.65231,30
1,1337,p1,142,5.5584e-05,3.40977,30
1,1338,p1,124,5.47288e-05,3.5931,30
1,1339,p1,149,5.75598e-05,3.40913,30
1,1340,p1,143,5.61832e-05,3.37364,30
1,1341,p1,168,5.56009e-05,3.53648,30
1,491,p1,1511,3.85541e-05,9.99284,10
1,492,p1,1481,3.85206e-05,9.98732,10
1,493,p1,1203,3.8229e-05,9.96231,10
1,1248,p1,138,6.45993e-05,-5.43857,100
1,1249,p1,105,6.14091e-05,-6.30826,100
1,1342,p1,114,5.65066e-05,3.33971,30
1,1343,p1,127,5.92827e-05,3.45583,30
1,1344,p1,121,6.07701e-05,3.53274,30
1,1345,p1,178,6.10947e-05,3.69423,30
1,494,p1,1368,3.78392e-05,9.96433,10
1,1413,p1,106,5.7536e-05,9.44491,20
1,1414,p1,137,5.69865e-05,9.22227,20
1,1415,p1,107,6.09713e-05,9.12661,20
1,1416,p1,161,6.22069e-05,8.69325,20
1,1417,p1,146,6.0896e-05,8.60638,20
1,1418,p1,99,6.30252e-05,8.50908,20
1,1419,p1,137,6.26024e-05,8.64897,20
1,1420,p1,179,6.39184e-05,9.1209,20
1,1421,p1,145,6.15781e-05,9.01517,20
1,1422,p1,167,6.66799e-05,8.16476,20
1,1423,p1,115,6.31032e-05,8.25377,20
1,1424,p1,116,6.21492e-05,8.94396,20
1,1425,p1,169,6.80465e-05,8.45384,20
1,1426,p1,77,6.63527e-05,8.49489,20
1,1427,p1,145,6.50273e-05,8.4719,20
1,1428,p1,140,6.79212e-05,8.67025,20
1,495,p1,1428,3.81151e-05,9.97712,10
1,845,p1,151,3.96579e-05,8.27869,50
1,846,p1,147,3.58071e-05,8.47508,50
1,847,p1,105,3.87714e-05,8.21817,50
1,848,p1,124,3.67017e-05,8.08221,50
1,849,p1,174,4.1923e-05,8.17316,50
1,1346,p1,118,4.81941e-05,3.35438,30
1,1347,p1,150,4.08618e-05,2.65959,30
1,1348,p1,92,4.96964e-05,3.29759,30
1,1349,p1,144,4.43926e-05,3.15778,30
1,496,p1,1305,3.81322e-05,9.97104,10
1,497,p1,1340,3.83351e-05,9.98488,10
1,1429,p1,130,6.58302e-05,8.55022,20
1,1430,p1,102,6.90321e-05,8.94267,20
1,1431,p1,166,7.08113e-05,9.05179,20
1,1432,p1,132,7.1481e-05,8.83629,20
1,1433,p1,108,7.08556e-05,8.90442,20
1,1434,p1,160,6.74484e-05,9.54088,20
1,1435,p1,131,6.45749e-05,9.38986,20
1,1436,p1,98,6.55097e-05,9.48771,20
1,1437,p1,121,6.63346e-05,9.66504,20
1,1438,p1,158,6.45936e-05,9.24254,20
1,1439,p1,151,6.6126e-05,9.36764,20
1,1440,p1,134,6.59042e-05,8.95471,20
1,1441,p1,123,6.35396e-05,9.16388,20
1,1442,p1,166,6.5647e-05,9.18737,20
1,1443,p1,161,6.5967e-05,8.80721,20
1,1444,p1,92,6.06321e-05,8.41719,20
1,1445,p1,112,6.28603e-05,9.42356,20
1,1446,p1,182,6.55271e-05,9.63431,20
1,1447,p1,119,6.57814e-05,9.37602,20
1,1448,p1,75,6.22951e-05,8.65616,20
1,1449,p1,150,6.66293e-05,9.1004,20
1,498,p1,1358,3.82311e-05,9.98041,10
1,499,p1,1333,3.8268e-05,9.98777,10
1,500,p1,1256,3.83276e-05,9.98047,10
1,501,p1,1223,3.89588e-05,9.98928,10
1,502,p1,1470,3.84363e-05,9.98983,10
1,503,p1,1282,3.7619e-05,10.0144,10
1,504,p1,1411,3.80526e-05,10.0064,10
1,505,p1,1382,3.77946e-05,10.0124,10
1,506,p1,1394,3.89033e-05,10.0023,10
1,507,p1,1329,3.83216e-05,10.0031,10
1,508,p1,1340,3.75975e-05,10.0307,10
1,1250,p1,145,6.46806e-05,-6.88625,100
1,1251,p1,133,5.97773e-05,-6.48043,100
1,1252,p1,181,5.89326e-05,-6.24122,100
1,1253,p1,141,5.95463e-05,-6.32047,100
1,1254,p1,120,6.15507e-05,-6.40903,100
1,1255,p1,152,6.08055e-05,-5.46233,100
1,509,p1,1318,3.74256e-05,10.0232,10
1,1256,p1,148,6.13242e-05,-6.29693,100
1,1257,p1,131,6.40848e-05,-6.03729,100
1,510,p1,1264,3.85385e-05,10.0166,10
1,511,p1,1232,4.00771e-05,9.98888,10
1,1258,p1,179,6.43079e-05,-5.78757,100
1,1259,p1,165,6.01087e-05,-5.97917,100
1,1260,p1,146,6.03572e-05,-5.95642,100
1,1261,p1,100,6.11805e-05,-6.70936,100
1,1262,p1,160,6.09576e-05,-6.41258,100
1,1263,p1,158,6.01168e-05,-7.12574,100
1,1264,p1,157,6.17548e-05,-6.02688,100
1,1265,p1,109,6.4415e-05,-5.68937,100
1,1266,p1,151,6.52936e-05,-5.60334,100
1,1267,p1,190,6.55719e-05,-6.03634,100
1,1268,p1,158,6.63111e-05,-6.57451,100
1,1269,p1,118,6.47691e-05,-6.64812,100
1,1270,p1,164,6.47369e-05,-5.64416,100
1,1271,p1,137,6.63221e-05,-6.6808,100
1,1272,p1,139,6.6665e-05,-6.83329,100
1,1273,p1,110,6.51405e-05,-6.01671,100
1,1274,p1,124,6.80606e-05,-5.67748,100
1,1275,p1,158,6.46861e-05,-6.01816,100
1,1276,p1,145,6.7176e-05,-7.16793,100
1,1277,p1,140,6.60148e-05,-6.96119,100
1,1278,p1,149,6.87971e-05,-7.33901,100
1,1279,p1,188,6.84504e-05,-7.57878,100
1,1280,p1,124,6.66207e-05,-6.14168,100
1,1281,p1,173,6.75367e-05,-6.01425,100
1,512,p1,1295,4.10064e-05,9.99701,10
1,513,p1,1303,3.96864e-05,10.0159,10
1,1282,p1,97,6.77734e-05,-6.59977,100
1,1283,p1,147,6.67155e-05,-7.03137,100
1,1284,p1,126,6.59706e-05,-5.40502,100
1,1285,p1,122,6.21537e-05,-5.37355,100
1,1286,p1,135,6.48277e-05,-5.25087,100
1,1287,p1,156,6.14415e-05,-5.79383,100
1,1288,p1,107,5.29915e-05,-5.95842,100
1,514,p1,1303,4.01889e-05,9.98268,10
1,1289,p1,180,5.22318e-05,-5.75223,100
1,1290,p1,108,5.33466e-05,-6.18754,100
1,1291,p1,128,5.62897e-05,-5.61319,100
1,1292,p1,108,4.61668e-05,-6.03378,100
1,1293,p1,163,4.68337e-05,-5.76418,100
1,1294,p1,141,4.87802e-05,-6.04819,100
1,1295,p1,114,4.22153e-05,-6.33425,100
1,1296,p1,118,4.36656e-05,-6.33035,100
1,1297,p1,166,5.1628e-05,-5.85142,100
1,1298,p1,111,5.73334e-05,-5.06673,100
1,1299,p1,166,5.2537e-05,-4.93473,100
1,515,p1,1340,4.05797e-05,9.99745,10
1,1350,p1,180,3.63202e-05,2.86152,30
1,1351,p1,148,4.08727e-05,3.13872,30
1,1352,p1,109,4.35595e-05,2.49417,30
1,1353,p1,151,4.22999e-05,2.44248,30
1,1354,p1,179,3.6798e-05,2.43501,30
1,1355,p1,113,4.33636e-05,2.95793,30
1,1356,p1,114,4.68617e-05,2.52062,30
1,1357,p1,172,4.54097e-05,2.40123,30
1,1358,p1,135,4.45956e-05,2.20477,30
1,1359,p1,97,3.95642e-05,2.16958,30
1,1360,p1,154,3.92731e-05,1.6464,30
1,1361,p1,139,4.60954e-05,1.8788,30
1,1362,p1,87,3.69428e-05,2.08192,30
1,1363,p1,161,3.85404e-05,1.9538,30
1,1364,p1,183,3.67683e-05,1.90921,30
1,1365,p1,136,4.32061e-05,2.50596,30
1,1366,p1,190,4.23614e-05,2.61273,30
1,1367,p1,130,4.04867e-05,2.83164,30
1,1368,p1,91,3.56225e-05,3.14263,30
1,1369,p1,157,4.29557e-05,3.04544,30
1,1370,p1,137,4.76352e-05,3.27453,30
1,1371,p1,133,4.77336e-05,3.36662,30
1,1372,p1,168,5.05214e-05,3.18307,30
1,1373,p1,148,5.11094e-05,3.13093,30
1,850,p1,154,3.89918e-05,8.40343,50
1,851,p1,104,3.60309e-05,8.67649,50
1,1374,p1,146,5.35075e-05,3.30389,30
1,852,p1,143,3.42758e-05,8.71701,50
1,1375,p1,167,4.71067e-05,3.01031,30
1,853,p1,162,3.41813e-05,8.35234,50
1,1376,p1,136,5.2347e-05,3.4921,30
1,854,p1,109,3.52879e-05,7.99415,50
1,1377,p1,125,5.31939e-05,3.42448,30
1,855,p1,134,3.60339e-05,8.25827,50
1,1378,p1,136,5.21651e-05,3.58193,30
1,856,p1,149,3.24582e-05,8.62996,50
1,1379,p1,147,4.97024e-05,3.56609,30
1,857,p1,101,3.6717e-05,8.17755,50
1,858,p1,126,3.96309e-05,8.03394,50
1,1380,p1,182,5.37578e-05,3.54295,30
1,859,p1,139,3.95603e-05,7.99748,50
1,1381,p1,117,5.8577e-05,3.42103,30
1,860,p1,123,3.60447e-05,8.15112,50
1,1382,p1,137,5.37567e-05,3.67836,30
1,861,p1,96,3.20698e-05,8.27317,50
1,1383,p1,171,5.14817e-05,3.54092,30
1,862,p1,121,3.50744e-05,8.07359,50
1,1384,p1,98,5.12989e-05,3.25428,30
1,863,p1,167,3.37004e-05,8.23187,50
1,1385,p1,152,4.29436e-05,3.27596,30
1,864,p1,131,3.16669e-05,8.19348,50
1,1386,p1,143,4.69656e-05,3.50529,30
1,865,p1,136,3.09856e-05,8.23934,50
1,1387,p1,141,5.28251e-05,3.74902,30
1,866,p1,133,2.86147e-05,8.37711,50
1,1388,p1,121,4.6211e-05,4.0264,30
1,867,p1,129,3.10618e-05,8.458,50
1,1389,p1,129,4.43555e-05,3.6119,30
1,868,p1,102,2.74962e-05,8.6289,50
1,1390,p1,118,4.12435e-05,3.68182,30
1,869,p1,116,2.48573e-05,8.77841,50
1,1391,p1,142,4.25761e-05,3.74132,30
1,870,p1,177,2.64003e-05,8.65008,50
1,1392,p1,144,4.61511e-05,3.64903,30
1,1393,p1,136,5.54715e-05,3.72171,30
1,871,p1,140,2.72398e-05,8.72258,50
1,1394,p1,119,4.98528e-05,3.29655,30
1,872,p1,127,2.45551e-05,8.92512,50
1,1395,p1,107,5.54669e-05,3.64087,30
1,516,p1,1265,4.00041e-05,10.0015,10
1,1396,p1,152,5.72935e-05,3.59542,30
1,1397,p1,149,5.58783e-05,3.29048,30
1,517,p1,1228,3.9347e-05,9.99065,10
1,1398,p1,162,5.50916e-05,3.44273,30
1,1399,p1,130,6.02228e-05,3.56147,30
1,518,p1,1388,3.93056e-05,9.98066,10
1,519,p1,1391,3.88197e-05,9.99653,10
1,520,p1,1243,3.90774e-05,9.97453,10
1,873,p1,143,2.28977e-05,9.0459,50
1,874,p1,168,2.38157e-05,8.97437,50
1,875,p1,131,2.47471e-05,8.86715,50
1,876,p1,140,2.99462e-05,8.90412,50
1,877,p1,170,3.33898e-05,8.74975,50
1,878,p1,173,2.72866e-05,9.03874,50
1,879,p1,119,2.4845e-05,8.87902,50
1,880,p1,106,2.7678e-05,9.09152,50
1,881,p1,174,2.89488e-05,8.87403,50
1,882,p1,144,3.0782e-05,9.28223,50
1,883,p1,125,2.83811e-05,9.42623,50
1,884,p1,154,2.54596e-05,9.35907,50
1,521,p1,1360,3.80693e-05,9.96654,10
1,522,p1,1165,3.74303e-05,10.0108,10
1,885,p1,118,2.53717e-05,9.14784,50
1,886,p1,154,2.80768e-05,9.23237,50
1,887,p1,128,3.0137e-05,9.20385,50
1,888,p1,87,3.10087e-05,9.06261,50
1,889,p1,140,2.9199e-05,9.00874,50
1,890,p1,137,2.68277e-05,9.24979,50
1,891,p1,106,2.86779e-05,9.57055,50
1,892,p1,124,2.73397e-05,9.75011,50
1,893,p1,153,2.49842e-05,9.89709,50
1,894,p1,140,2.95342e-05,9.71312,50
1,895,p1,151,3.06e-05,9.87684,50
1,896,p1,140,3.46398e-05,10.0316,50
1,897,p1,126,3.14062e-05,9.87851,50
1,898,p1,159,2.39494e-05,9.93849,50
1,899,p1,140,2.05992e-05,10.164,50
1,523,p1,1436,3.82158e-05,10.0124,10
1,1400,p1,109,6.25103e-05,3.58125,30
1,1401,p1,138,5.99136e-05,3.17212,30
1,1402,p1,170,6.17791e-05,2.99725,30
1,1403,p1,136,5.8158e-05,3.0692,30
1,1404,p1,93,5.1769e-05,2.51275,30
1,1405,p1,155,5.12783e-05,2.43312,30
1,1406,p1,155,5.58633e-05,2.59558,30
1,1407,p1,145,6.45106e-05,2.74997,30
1,524,p1,1394,3.82528e-05,10.0078,10
1,1408,p1,125,5.09766e-05,2.60603,30
1,1409,p1,166,4.56351e-05,2.59029,30
1,1410,p1,112,5.50981e-05,2.47844,30
1,1411,p1,138,6.03576e-05,2.7053,30
1,1412,p1,178,5.34888e-05,2.63635,30
1,1413,p1,91,5.82931e-05,2.31661,30
1,1414,p1,129,5.23469e-05,2.2341,30
1,1415,p1,185,5.75499e-05,2.41725,30
1,1416,p1,97,4.45913e-05,1.9329,30
1,1417,p1,153,5.56117e-05,1.59673,30
1,1450,p1,155,6.47386e-05,9.11,20
1,1451,p1,138,6.28179e-05,8.11808,20
1,1452,p1,140,6.11954e-05,8.46135,20
1,1453,p1,150,6.27147e-05,8.59832,20
1,1454,p1,138,6.40065e-05,8.72423,20
1,1455,p1,118,6.25366e-05,8.95354,20
1,1456,p1,148,6.35375e-05,8.4884,20
1,1457,p1,138,6.62258e-05,8.75715,20
1,1458,p1,114,6.34161e-05,8.90202,20
1,1459,p1,158,6.42471e-05,9.42411,20
1,1460,p1,136,6.07372e-05,9.63738,20
1,1461,p1,177,6.53846e-05,10.3265,20
1,1462,p1,140,6.90462e-05,11.5267,20
1,1418,p1,136,5.05339e-05,1.86106,30
1,1463,p1,142,6.89655e-05,13.0246,20
1,1419,p1,139,5.25089e-05,1.75635,30
1,1464,p1,157,6.70185e-05,13.6979,20
1,1420,p1,160,4.8868e-05,1.80983,30
1,1421,p1,121,4.84185e-05,1.95114,30
1,1465,p1,148,6.55387e-05,14.9078,20
1,1422,p1,117,4.97169e-05,1.76567,30
1,1466,p1,230,5.68614e-05,16.2744,20
1,1423,p1,146,4.84071e-05,1.81844,30
1,1467,p1,211,3.58349e-05,18.4949,20
1,1424,p1,188,5.14229e-05,1.95398,30
1,1425,p1,118,5.55972e-05,1.83345,30
1,1426,p1,100,4.30085e-05,2.42987,30
1,1468,p1,279,3.69291e-05,18.2515,20
1,1427,p1,170,4.9986e-05,2.23367,30
1,1428,p1,120,5.56639e-05,2.03521,30
1,1469,p1,399,3.04473e-05,18.9597,20
1,1429,p1,102,5.01158e-05,2.12745,30
1,1430,p1,98,5.78296e-05,2.19945,30
1,1431,p1,169,7.46732e-05,2.15066,30
1,1432,p1,125,6.52134e-05,1.41999,30
1,1433,p1,100,5.86235e-05,1.43873,30
1,1434,p1,166,6.44698e-05,1.67517,30
1,1435,p1,139,5.65255e-05,1.40707,30
1,1436,p1,120,4.97684e-05,1.66761,30
1,1437,p1,151,5.57252e-05,1.37733,30
1,1438,p1,101,5.08362e-05,0.935401,30
1,1439,p1,128,4.57724e-05,1.31134,30
1,1440,p1,131,4.72263e-05,1.16392,30
1,1441,p1,142,4.71062e-05,1.28619,30
1,1442,p1,158,5.08554e-05,1.05816,30
1,1443,p1,120,5.42743e-05,1.29338,30
1,525,p1,1254,3.85512e-05,10.0048,10
1,526,p1,1413,3.78392e-05,10.0196,10
1,1444,p1,177,6.08685e-05,1.00493,30
1,1445,p1,135,5.36263e-05,1.08483,30
1,1446,p1,167,5.70185e-05,0.309696,30
1,1447,p1,134,6.14296e-05,0.599068,30
1,1448,p1,135,5.85191e-05,0.64112,30
1,1449,p1,125,5.7887e-05,0.683843,30
1,527,p1,1325,3.83766e-05,9.98072,10
1,528,p1,1210,3.89312e-05,9.98074,10
1,1470,p1,529,2.49569e-05,19.4332,20
1,1471,p1,693,1.86563e-05,19.7717,20
1,1472,p1,829,1.91905e-05,19.8168,20
1,900,p1,149,2.06682e-05,10.3303,50
1,901,p1,117,1.96764e-05,10.0508,50
1,902,p1,154,2.01111e-05,10.2914,50
1,903,p1,110,1.80607e-05,10.2012,50
1,904,p1,121,1.80486e-05,9.9229,50
1,905,p1,135,1.76562e-05,10.2122,50
1,906,p1,131,1.69571e-05,9.83741,50
1,907,p1,141,1.70419e-05,9.92331,50
1,908,p1,121,1.70989e-05,10.142,50
1,909,p1,137,1.90618e-05,10.2884,50
1,910,p1,111,1.59573e-05,9.99136,50
1,911,p1,125,1.84032e-05,10.0239,50
1,912,p1,183,2.03295e-05,10.27,50
1,913,p1,105,2.19129e-05,10.4693,50
1,914,p1,171,2.15133e-05,10.6439,50
1,915,p1,149,2.07975e-05,10.6446,50
1,916,p1,122,2.25275e-05,10.9283,50
1,917,p1,111,1.99477e-05,11.0086,50
1,918,p1,155,2.05796e-05,11.0044,50
1,919,p1,111,2.0528e-05,10.5423,50
1,920,p1,144,2.01169e-05,10.5682,50
1,921,p1,145,2.00052e-05,10.7287,50
1,922,p1,128,2.23428e-05,10.7152,50
1,923,p1,96,2.15934e-05,10.5124,50
1,924,p1,146,2.26384e-05,10.5814,50
1,925,p1,183,2.5023e-05,10.2388,50
1,926,p1,88,2.09291e-05,9.88461,50
1,927,p1,135,2.38697e-05,9.9576,50
1,928,p1,128,2.1752e-05,9.86248,50
1,929,p1,186,2.14214e-05,9.62737,50
1,930,p1,123,2.36113e-05,9.56335,50
1,931,p1,143,2.0837e-05,9.65245,50
1,932,p1,162,2.09246e-05,9.80228,50
1,933,p1,162,2.30588e-05,10.1484,50
1,1473,p1,884,2.05703e-05,19.8132,20
1,934,p1,116,2.08584e-05,9.74758,50
1,935,p1,124,2.13921e-05,9.6397,50
1,936,p1,130,2.20399e-05,9.74087,50
1,937,p1,147,2e-05,9.72205,50
1,938,p1,143,2.12287e-05,9.78629,50
1,939,p1,170,1.87962e-05,9.50812,50
1,940,p1,72,1.81626e-05,9.39634,50
1,941,p1,140,2.0211e-05,9.53766,50
1,942,p1,132,2.01851e-05,9.63698,50
1,943,p1,127,1.9933e-05,9.64503,50
1,944,p1,114,2.33303e-05,9.56703,50
1,945,p1,170,2.3027e-05,9.73541,50
1,946,p1,125,2.09206e-05,9.69483,50
1,947,p1,123,2.02231e-05,9.45595,50
1,948,p1,150,2.29562e-05,9.37931,50
1,949,p1,147,2.16498e-05,9.52526,50
1,1474,p1,978,2.08399e-05,19.7304,20
1,1475,p1,1007,1.85515e-05,19.9057,20
1,1476,p1,1032,1.79908e-05,19.9378,20
1,1477,p1,1052,1.83612e-05,20.0257,20
1,1478,p1,921,1.92252e-05,20.0245,20
1,1479,p1,1124,1.76595e-05,20.0923,20
1,1480,p1,918,1.64225e-05,20.0838,20
1,1481,p1,1081,1.67236e-05,20.0027,20
1,529,p1,1409,3.92973e-05,9.9858,10
1,1482,p1,1083,1.6954e-05,20.0308,20
1,530,p1,1471,3.84201e-05,10.0095,10
1,531,p1,1182,3.8832e-05,10.0094,10
1,1483,p1,1070,1.80004e-05,19.9169,20
1,1484,p1,1017,1.65137e-05,19.8752,20
1,1485,p1,1030,1.66658e-05,19.9093,20
1,1486,p1,1076,1.7408e-05,20.0356,20
1,1487,p1,933,1.59751e-05,20.1046,20
1,1488,p1,1122,1.764e-05,20.0018,20
1,1489,p1,1047,1.87667e-05,20.0632,20
1,1490,p1,1045,1.81565e-05,19.9584,20
1,532,p1,1241,3.96302e-05,9.98601,10
1,1491,p1,955,1.83037e-05,20.0504,20
1,533,p1,1411,3.95247e-05,10,10
1,1492,p1,1140,1.7506e-05,20.0076,20
1,534,p1,1422,3.98357e-05,10.0302,10
1,1493,p1,1073,1.69119e-05,19.9768,20
1,1494,p1,991,2.06258e-05,19.9326,20
1,1495,p1,1101,1.96928e-05,19.9652,20
1,535,p1,1261,3.98077e-05,10.0214,10
1,1496,p1,1038,2.01278e-05,19.9379,20
1,536,p1,1218,3.92476e-05,10.0286,10
1,1497,p1,1121,1.95935e-05,20.0751,20
1,537,p1,1352,3.91324e-05,10.041,10
1,538,p1,1312,3.9645e-05,9.99445,10
1,1498,p1,951,2.04027e-05,20.0208,20
1,1499,p1,1064,2.13033e-05,19.8905,20
1,1500,p1,1165,2.11861e-05,20.0803,20
1,539,p1,1262,3.91283e-05,10.0208,10
1,540,p1,1338,3.88541e-05,10.0229,10
1,1300,p1,111,6.34644e-05,-4.52859,100
1,1301,p1,100,6.1981e-05,-4.90449,100
1,1302,p1,152,6.44111e-05,-4.45245,100
1,1303,p1,132,6.5264e-05,-4.34045,100
1,1304,p1,113,6.06124e-05,-5.13924,100
1,1305,p1,156,5.4919e-05,-4.96617,100
1,1306,p1,101,5.89168e-05,-5.76791,100
1,1307,p1,166,6.3779e-05,-5.43031,100
1,1308,p1,140,6.0527e-05,-5.16034,100
1,1309,p1,169,5.65539e-05,-6.01689,100
1,1310,p1,103,6.30182e-05,-5.51795,100
1,1311,p1,178,6.33981e-05,-5.06653,100
1,1312,p1,133,6.44644e-05,-4.61617,100
1,1313,p1,138,6.81766e-05,-4.72521,100
1,1314,p1,174,7.08756e-05,-5.20555,100
1,1315,p1,93,7.2354e-05,-5.51033,100
1,1316,p1,165,7.06184e-05,-5.28479,100
1,1317,p1,154,7.63727e-05,-5.28899,100
1,1318,p1,146,7.4529e-05,-6.00332,100
1,1319,p1,101,7.47584e-05,-5.93135,100
1,1320,p1,167,7.12442e-05,-6.11007,100
1,1321,p1,114,7.5287e-05,-6.22403,100
1,1501,p1,1160,2.13037e-05,19.9229,20
1,1502,p1,929,2.186e-05,19.7606,20
1,1503,p1,1043,2.02059e-05,19.9736,20
1,1322,p1,139,8.04961e-05,-5.2559,100
1,1323,p1,104,7.46219e-05,-6.2874,100
1,1324,p1,145,8.10499e-05,-5.34811,100
1,1325,p1,164,8.04837e-05,-5.42872,100
1,1326,p1,135,7.98697e-05,-5.01743,100
1,1327,p1,131,8.01503e-05,-4.55691,100
1,1328,p1,132,7.82455e-05,-5.06458,100
1,1329,p1,104,7.85873e-05,-3.96369,100
1,1330,p1,153,8.1905e-05,-3.84497,100
1,1331,p1,135,8.03007e-05,-4.83483,100
1,1332,p1,140,7.92026e-05,-4.94435,100
1,1333,p1,168,7.82281e-05,-5.40398,100
1,1334,p1,103,7.99434e-05,-5.62016,100
1,1335,p1,167,7.63539e-05,-5.81063,100
1,1336,p1,104,7.62283e-05,-5.66696,100
1,541,p1,1390,3.89244e-05,10.0288,10
1,1337,p1,173,7.82316e-05,-5.73843,100
1,1338,p1,149,7.89998e-05,-5.61218,100
1,1339,p1,138,7.68846e-05,-5.85975,100
1,1340,p1,179,7.94359e-05,-5.98239,100
1,1341,p1,141,7.71422e-05,-6.25119,100
1,1342,p1,119,8.15684e-05,-5.67476,100
1,1343,p1,155,8.08672e-05,-5.74221,100
1,1344,p1,110,7.3236e-05,-6.873,100
1,1345,p1,135,7.88996e-05,-6.38251,100
1,1346,p1,155,7.94389e-05,-5.90786,100
1,1347,p1,147,8.13409e-05,-5.39946,100
1,1348,p1,145,8.06224e-05,-5.91364,100
1,1349,p1,121,7.76959e-05,-6.37744,100
1,1504,p1,1240,2.08695e-05,19.9919,20
1,542,p1,1260,4.00761e-05,10.0144,10
1,543,p1,1376,4.00003e-05,10.0104,10
1,1505,p1,1137,1.98227e-05,19.9814,20
1,1506,p1,1125,2.23854e-05,19.9278,20
1,1507,p1,1060,2.16324e-05,20.039,20
1,544,p1,1369,3.99287e-05,10.0359,10
1,545,p1,1300,3.80283e-05,10.0071,10
1,1508,p1,1073,2.10379e-05,20.0511,20
1,1509,p1,1076,2.3525e-05,19.9869,20
1,546,p1,1150,3.83659e-05,9.99621,10
1,547,p1,1418,3.90763e-05,10.0056,10
1,548,p1,1356,3.77448e-05,10.0121,10
1,1510,p1,1199,2.21791e-05,19.8909,20
1,549,p1,1289,3.63975e-05,10.0346,10
1,1450,p1,157,6.13832e-05,0.814063,30
1,1451,p1,154,6.15003e-05,0.931968,30
1,1452,p1,148,6.5178e-05,0.369317,30
1,1453,p1,131,5.72682e-05,0.817274,30
1,1454,p1,140,5.98069e-05,0.810368,30
1,1455,p1,119,6.45929e-05,0.95757,30
1,1456,p1,145,5.96457e-05,0.794004,30
1,1457,p1,152,6.89465e-05,0.369212,30
1,1458,p1,134,4.79514e-05,1.50711,30
1,1459,p1,132,5.85574e-05,0.730821,30
1,1460,p1,131,6.33597e-05,0.863399,30
1,1461,p1,118,4.67761e-05,1.88734,30
1,1462,p1,140,5.3273e-05,1.61421,30
1,1463,p1,133,5.33032e-05,1.38987,30
1,950,p1,111,2.13031e-05,9.45457,50
1,951,p1,130,2.15414e-05,9.30847,50
1,952,p1,177,2.1866e-05,9.28775,50
1,953,p1,107,2.00974e-05,9.24056,50
1,954,p1,132,2.36952e-05,9.32706,50
1,955,p1,138,1.96217e-05,9.43953,50
1,956,p1,149,2.16344e-05,9.25577,50
1,957,p1,159,1.92247e-05,9.37124,50
1,958,p1,123,2.25573e-05,9.31123,50
1,959,p1,151,2.32733e-05,9.31338,50
1,960,p1,167,2.17708e-05,9.12869,50
1,961,p1,109,2.18344e-05,9.20406,50
1,962,p1,115,2.23467e-05,9.2954,50
1,1464,p1,106,5.32107e-05,1.41119,30
1,1465,p1,108,4.97651e-05,1.95139,30
1,1466,p1,153,5.04468e-05,1.53604,30
1,1467,p1,117,4.59398e-05,1.92966,30
1,1468,p1,109,4.72839e-05,2.23429,30
1,1469,p1,121,4.24015e-05,2.18598,30
1,1470,p1,166,4.1606e-05,2.28089,30
1,1471,p1,96,3.77675e-05,2.29342,30
1,1472,p1,88,4.17368e-05,2.26579,30
1,1473,p1,158,4.37107e-05,2.14284,30
1,963,p1,168,2.44115e-05,9.29493,50
1,964,p1,199,2.10084e-05,9.26108,50
1,965,p1,106,2.31457e-05,9.10009,50
1,966,p1,128,2.53702e-05,8.87257,50
1,967,p1,169,2.63342e-05,8.89819,50
1,968,p1,122,2.8492e-05,8.59708,50
1,969,p1,125,2.64902e-05,8.74302,50
1,970,p1,129,2.81008e-05,8.75227,50
1,971,p1,121,2.78249e-05,8.62187,50
1,972,p1,166,3.59575e-05,8.53037,50
1,973,p1,122,3.15339e-05,8.746,50
1,974,p1,122,3.30956e-05,8.82601,50
1,1511,p1,1047,2.30703e-05,19.8954,20
1,1474,p1,140,4.58985e-05,1.93475,30
1,1475,p1,134,4.39561e-05,2.01846,30
1,1476,p1,132,4.0813e-05,1.79524,30
1,1477,p1,168,4.08321e-05,1.83402,30
1,1478,p1,150,4.07882e-05,2.04292,30
1,1479,p1,134,4.05452e-05,1.88724,30
1,1480,p1,159,4.04919e-05,2.02799,30
1,1481,p1,141,4.18397e-05,1.83804,30
1,1482,p1,131,4.30785e-05,2.18552,30
1,1483,p1,197,3.87942e-05,2.40381,30
1,1484,p1,121,3.90448e-05,2.44867,30
1,1485,p1,120,4.10733e-05,2.61743,30
1,1486,p1,159,3.74281e-05,2.81414,30
1,975,p1,155,3.66522e-05,8.54529,50
1,976,p1,137,3.78385e-05,8.53403,50
1,977,p1,125,3.59891e-05,8.5436,50
1,978,p1,168,3.98841e-05,8.28158,50
1,979,p1,159,3.87754e-05,8.63704,50
1,980,p1,127,3.8521e-05,8.47178,50
1,981,p1,92,3.75343e-05,8.27633,50
1,982,p1,163,4.15783e-05,8.19898,50
1,983,p1,136,3.83248e-05,8.45605,50
1,984,p1,150,3.98798e-05,8.30718,50
1,985,p1,113,3.99667e-05,8.40609,50
1,986,p1,133,4.01933e-05,8.30874,50
1,1512,p1,1208,2.17208e-05,19.9076,20
1,1513,p1,1009,2.65115e-05,19.951,20
1,1487,p1,148,3.62495e-05,2.72904,30
1,1488,p1,114,4.18483e-05,2.90916,30
1,1489,p1,117,4.07462e-05,2.94252,30
1,1490,p1,165,3.95851e-05,3.04859,30
1,1491,p1,141,4.33841e-05,2.82365,30
1,1492,p1,132,4.4709e-05,2.38694,30
1,1493,p1,112,4.10726e-05,2.8,30
1,1494,p1,171,4.11356e-05,2.56208,30
1,1495,p1,131,4.1525e-05,2.54258,30
1,1496,p1,117,4.25247e-05,2.38919,30
1,1497,p1,171,4.17686e-05,2.38941,30
1,1498,p1,132,4.60173e-05,2.93772,30
1,1499,p1,129,4.55805e-05,2.57693,30
1,1500,p1,160,4.25057e-05,2.55726,30
1,987,p1,164,4.25389e-05,8.35251,50
1,988,p1,170,3.76047e-05,8.27739,50
1,989,p1,132,3.89357e-05,8.13259,50
1,990,p1,113,3.89995e-05,8.09613,50
1,991,p1,150,3.8766e-05,8.21105,50
1,992,p1,155,3.26425e-05,8.31606,50
1,993,p1,157,3.70277e-05,8.10247,50
1,994,p1,117,3.53488e-05,8.26902,50
1,995,p1,86,3.48783e-05,8.55189,50
1,996,p1,113,3.81463e-05,8.29997,50
1,1514,p1,1068,2.60591e-05,20.0038,20
1,997,p1,197,3.39926e-05,8.19324,50
1,998,p1,104,3.40334e-05,8.16079,50
1,999,p1,128,3.75989e-05,8.32959,50
1,1515,p1,1020,2.69801e-05,19.9766,20
1,1501,p1,140,4.41079e-05,2.2143,30
1,1502,p1,111,4.21196e-05,2.09168,30
1,1503,p1,135,4.14151e-05,2.39481,30
1,1504,p1,158,4.34486e-05,2.65645,30
1,1505,p1,124,4.40804e-05,2.81263,30
1,1506,p1,134,4.35055e-05,2.38654,30
1,1507,p1,114,4.51847e-05,2.04576,30
1,1508,p1,97,4.53135e-05,2.69949,30
1,1509,p1,167,4.6495e-05,2.39232,30
1,1510,p1,101,4.19817e-05,2.16491,30
1,1511,p1,116,4.2374e-05,2.33709,30
1,1512,p1,121,4.20272e-05,2.40821,30
1,1513,p1,148,4.25858e-05,2.223,30
1,1514,p1,141,4.43265e-05,2.02972,30
1,1515,p1,90,4.52858e-05,2.1414,30
1,1516,p1,118,4.16109e-05,1.85651,30
1,1517,p1,117,4.16126e-05,2.02335,30
1,1518,p1,134,4.12639e-05,1.89174,30
1,1519,p1,114,4.03093e-05,1.96042,30
1,1520,p1,202,3.89932e-05,2.01811,30
1,1521,p1,163,3.50866e-05,1.69683,30
1,1522,p1,107,3.73469e-05,1.49125,30
1,1516,p1,1087,2.74832e-05,19.9596,20
1,1517,p1,1069,2.8092e-05,20.0898,20
1,1518,p1,1074,2.98829e-05,19.9005,20
1,1523,p1,128,3.42548e-05,1.48487,30
1,1524,p1,173,3.46675e-05,1.73842,30
1,1525,p1,123,3.12407e-05,1.16999,30
1,1526,p1,107,3.20386e-05,1.03106,30
1,1527,p1,142,3.04265e-05,1.18663,30
1,1528,p1,192,3.09047e-05,1.62631,30
1,1529,p1,151,3.16811e-05,1.93993,30
1,1530,p1,112,2.84945e-05,2.12277,30
1,1531,p1,126,3.08154e-05,2.25445,30
1,1532,p1,126,3.26972e-05,2.21821,30
1,1533,p1,160,3.29779e-05,2.27832,30
1,1534,p1,127,3.53137e-05,2.47583,30
1,1535,p1,131,3.49869e-05,2.66302,30
1,1536,p1,159,3.37845e-05,2.32872,30
1,1537,p1,116,2.9378e-05,1.96854,30
1,1538,p1,118,3.23862e-05,1.80538,30
1,1539,p1,120,3.24892e-05,1.9663,30
1,1540,p1,141,3.27717e-05,2.0968,30
1,1541,p1,120,3.00944e-05,1.76689,30
1,1542,p1,150,3.57469e-05,2.15324,30
1,1543,p1,117,3.52341e-05,2.15056,30
1,1544,p1,147,3.37068e-05,1.61116,30
1,1519,p1,1084,2.97959e-05,19.8183,20
1,1520,p1,1117,2.88104e-05,19.8936,20
1,1521,p1,1133,2.91041e-05,19.9555,20
1,1545,p1,206,3.15942e-05,1.66215,30
1,1546,p1,120,3.59229e-05,1.70466,30
1,1547,p1,120,3.04854e-05,1.00988,30
1,1548,p1,119,2.85224e-05,1.06925,30
1,1549,p1,154,3.31616e-05,1.63227,30
1,1522,p1,1044,2.84036e-05,20.0938,20
1,1523,p1,1048,3.00157e-05,19.9717,20
1,1524,p1,1222,2.92428e-05,20.033,20
1,1525,p1,1013,2.76808e-05,20.0428,20
1,1526,p1,1033,3.12301e-05,19.7866,20
1,1527,p1,1088,2.88546e-05,19.8912,20
1,1528,p1,1156,2.77578e-05,19.9702,20
1,1529,p1,1003,3.18237e-05,19.911,20
1,1350,p1,127,8.04321e-05,-5.99221,100
1,1351,p1,111,7.88309e-05,-6.53687,100
1,1352,p1,188,8.09773e-05,-6.47261,100
1,1530,p1,1209,2.99102e-05,19.9888,20
1,1353,p1,138,8.03453e-05,-6.80781,100
1,1354,p1,120,7.98948e-05,-6.51616,100
1,1355,p1,135,7.6766e-05,-7.0489,100
1,1356,p1,149,7.83066e-05,-7.05204,100
1,1357,p1,107,8.01917e-05,-6.86049,100
1,1358,p1,134,8.20545e-05,-6.58137,100
1,1359,p1,150,7.79569e-05,-7.18862,100
1,1360,p1,146,7.59415e-05,-7.2562,100
1,1361,p1,125,7.42701e-05,-7.09195,100
1,1362,p1,78,7.89752e-05,-6.93531,100
1,1531,p1,1083,3.27016e-05,19.9247,20
1,1532,p1,1122,3.39881e-05,19.8991,20
1,1363,p1,149,7.49101e-05,-7.12243,100
1,1364,p1,173,7.50257e-05,-7.30315,100
1,1365,p1,118,7.79564e-05,-7.24961,100
1,1366,p1,89,7.66608e-05,-7.37306,100
1,1367,p1,159,7.86755e-05,-6.90036,100
1,1368,p1,133,7.90924e-05,-6.91636,100
1,1369,p1,133,7.87727e-05,-7.24565,100
1,1370,p1,118,7.94614e-05,-7.41589,100
1,1371,p1,121,8.13732e-05,-7.18594,100
1,1372,p1,164,8.20652e-05,-7.55011,100
1,1373,p1,95,7.74698e-05,-7.6329,100
1,1374,p1,127,7.91695e-05,-7.54762,100
1,1533,p1,1190,3.59354e-05,19.9269,20
1,1550,p1,137,3.66282e-05,1.15817,30
1,1551,p1,128,3.7717e-05,1.06524,30
1,1552,p1,113,3.41797e-05,0.646143,30
1,1553,p1,152,3.47109e-05,0.669997,30
1,1554,p1,191,3.40287e-05,0.612511,30
1,1555,p1,141,3.26938e-05,0.438737,30
1,1556,p1,126,3.30921e-05,0.810807,30
1,1557,p1,134,3.88408e-05,1.08262,30
1,1558,p1,107,3.71565e-05,0.809441,30
1,1559,p1,153,3.99833e-05,1.02901,30
1,1560,p1,148,3.50201e-05,0.502076,30
1,1561,p1,115,3.83062e-05,0.794503,30
1,1562,p1,166,3.75668e-05,0.798022,30
1,1563,p1,166,4.29253e-05,1.40634,30
1,1564,p1,180,4.20856e-05,1.60521,30
1,1565,p1,79,3.79474e-05,0.923159,30
1,1566,p1,130,3.74379e-05,0.54974,30
1,1567,p1,138,4.11174e-05,0.996996,30
1,1568,p1,115,3.63626e-05,0.321456,30
1,1569,p1,143,3.76686e-05,0.160017,30
1,1570,p1,133,3.29617e-05,-0.384402,30
1,1571,p1,183,3.75146e-05,-0.470503,30
1,1572,p1,199,3.33916e-05,-0.505611,30
1,1573,p1,113,3.93958e-05,-0.455606,30
1,1574,p1,135,3.5383e-05,-0.957407,30
1,1575,p1,118,3.80767e-05,-0.528188,30
1,1576,p1,132,3.54313e-05,-0.352293,30
1,1577,p1,125,3.67856e-05,-0.00753656,30
1,1578,p1,141,3.72099e-05,0.600017,30
1,1579,p1,99,3.49801e-05,0.548049,30
1,1580,p1,180,3.86182e-05,0.557045,30
1,1581,p1,106,3.55353e-05,1.26523,30
1,1375,p1,190,8.2269e-05,-7.61757,100
1,1376,p1,149,7.32942e-05,-7.79443,100
1,1377,p1,159,7.39245e-05,-7.85839,100
1,1378,p1,83,6.86021e-05,-7.45305,100
1,1379,p1,101,6.28438e-05,-7.66053,100
1,1380,p1,170,6.56516e-05,-7.76506,100
1,1381,p1,136,6.76717e-05,-7.94546,100
1,1382,p1,121,6.87805e-05,-8.51294,100
1,1383,p1,133,6.31353e-05,-8.12716,100
1,1384,p1,188,6.09666e-05,-8.34967,100
1,1385,p1,74,6.52447e-05,-8.40521,100
1,1386,p1,116,5.16026e-05,-8.63882,100
1,1582,p1,169,3.21701e-05,1.06558,30
1,1583,p1,104,3.98928e-05,1.80755,30
1,1584,p1,131,3.85438e-05,1.47201,30
1,1585,p1,181,4.22805e-05,1.39224,30
1,1586,p1,91,4.2868e-05,1.86086,30
1,1587,p1,126,3.8014e-05,1.5807,30
1,1588,p1,106,3.98158e-05,1.22651,30
1,1589,p1,121,3.73168e-05,1.13016,30
1,1590,p1,148,3.56976e-05,1.33442,30
1,1591,p1,142,4.16346e-05,1.36037,30
1,1592,p1,152,3.63115e-05,0.851838,30
1,1593,p1,101,3.66925e-05,1.22425,30
1,1594,p1,147,3.64647e-05,1.0952,30
1,1595,p1,170,4.48415e-05,1.37666,30
1,1534,p1,980,3.41166e-05,19.9731,20
1,1596,p1,114,4.68063e-05,1.68326,30
1,1597,p1,140,4.36036e-05,1.62307,30
1,1598,p1,123,4.4926e-05,1.69303,30
1,1599,p1,151,4.51892e-05,1.37998,30
1,1600,p1,110,4.54376e-05,1.36191,30
1,1601,p1,140,4.91962e-05,2.09844,30
1,1602,p1,187,5.39551e-05,2.13605,30
1,1603,p1,157,5.38484e-05,1.92169,30
1,1604,p1,122,5.17566e-05,1.90372,30
1,1605,p1,132,5.39078e-05,2.16387,30
1,1606,p1,153,5.65355e-05,2.33441,30
1,1607,p1,111,5.02861e-05,2.25363,30
1,1608,p1,119,5.29779e-05,2.5886,30
1,550,p1,1277,3.70921e-05,10.0079,10
1,551,p1,1307,3.72219e-05,9.99434,10
1,1535,p1,1133,3.58396e-05,19.9347,20
1,1609,p1,136,5.21378e-05,2.55785,30
1,1610,p1,158,5.62816e-05,3.08483,30
1,1611,p1,148,5.41424e-05,2.11055,30
1,1612,p1,136,5.62687e-05,2.21291,30
1,1613,p1,111,5.3225e-05,1.3273,30
1,1614,p1,146,5.47244e-05,1.6053,30
1,1615,p1,145,5.71058e-05,1.83113,30
1,1616,p1,156,5.76015e-05,1.85481,30
1,1617,p1,156,5.93097e-05,2.55295,30
1,1618,p1,97,5.91588e-05,3.27622,30
1,1619,p1,94,5.96429e-05,3.18551,30
1,1620,p1,147,5.89754e-05,2.4836,30
1,1621,p1,147,6.02263e-05,2.93069,30
1,1387,p1,166,5.31534e-05,-8.422,100
1,1388,p1,130,4.75997e-05,-8.35754,100
1,1389,p1,90,4.21531e-05,-8.75972,100
1,1390,p1,139,4.28497e-05,-8.67307,100
1,552,p1,1375,3.70959e-05,10.0241,10
1,1391,p1,148,4.89952e-05,-8.64183,100
1,1392,p1,106,3.69883e-05,-9.10915,100
1,1393,p1,108,2.89283e-05,-9.03036,100
1,1394,p1,152,2.81932e-05,-9.04845,100
1,1395,p1,164,3.18412e-05,-9.25425,100
1,1396,p1,105,2.67039e-05,-9.3829,100
1,1397,p1,139,3.35446e-05,-9.21638,100
1,1398,p1,177,2.79331e-05,-9.42127,100
1,1399,p1,145,2.77508e-05,-9.53259,100
1,1536,p1,1104,3.5769e-05,19.8667,20
1,553,p1,1300,3.73762e-05,10.0267,10
1,1537,p1,1151,3.43147e-05,19.972,20
1,1622,p1,142,5.89841e-05,3.03262,30
1,1623,p1,121,6.05222e-05,3.12525,30
1,1624,p1,142,5.9883e-05,2.44545,30
1,1625,p1,151,6.09125e-05,3.31082,30
1,1626,p1,152,6.26547e-05,3.01966,30
1,1627,p1,129,5.98002e-05,2.26183,30
1,1628,p1,151,5.60239e-05,1.69387,30
1,1629,p1,179,5.81986e-05,2.16576,30
1,1630,p1,104,5.65043e-05,1.80965,30
1,1631,p1,155,5.79249e-05,2.0924,30
1,1632,p1,138,5.22456e-05,0.949313,30
1,1633,p1,145,5.42713e-05,0.787078,30
1,1000,p1,182,3.85181e-05,8.24183,50
1,1001,p1,124,4.01753e-05,8.44279,50
1,1002,p1,94,3.77411e-05,8.33601,50
1,1003,p1,138,3.96721e-05,8.26692,50
1,1004,p1,189,3.63869e-05,8.33051,50
1,1005,p1,99,3.74926e-05,8.14103,50
1,1006,p1,116,3.72763e-05,8.13684,50
1,1007,p1,122,3.9349e-05,8.20403,50
1,1008,p1,193,4.01064e-05,8.20636,50
1,1009,p1,187,4.29425e-05,8.09214,50
1,1010,p1,91,3.94318e-05,8.08487,50
1,1011,p1,153,4.18649e-05,8.27596,50
1,1012,p1,154,4.26822e-05,7.96881,50
1,1013,p1,155,4.24183e-05,8.03171,50
1,1014,p1,118,4.29578e-05,8.08057,50
1,1015,p1,93,3.8079e-05,7.6612,50
1,1538,p1,1136,3.36485e-05,19.9763,20
1,1634,p1,121,4.98067e-05,1.06142,30
1,1635,p1,99,4.96684e-05,0.398409,30
1,1636,p1,139,4.68203e-05,0.810957,30
1,1637,p1,146,5.47985e-05,1.41122,30
1,1638,p1,106,5.40263e-05,0.969278,30
1,1639,p1,143,5.47403e-05,0.725643,30
1,1640,p1,167,5.13054e-05,0.789421,30
1,1641,p1,113,4.49017e-05,0.733575,30
1,1642,p1,178,4.28794e-05,0.68853,30
1,1643,p1,107,4.45895e-05,0.478318,30
1,1644,p1,157,4.80147e-05,1.09797,30
1,1645,p1,139,4.68881e-05,1.58339,30
1,1646,p1,125,3.77718e-05,0.174063,30
1,1647,p1,126,4.92958e-05,1.40225,30
1,1648,p1,144,3.99954e-05,0.955543,30
1,1649,p1,97,4.67744e-05,1.27884,30
1,1650,p1,125,4.44934e-05,0.793829,30
1,1651,p1,195,5.12622e-05,0.995594,30
1,1652,p1,162,4.76562e-05,1.42819,30
1,1653,p1,117,5.18022e-05,2.11618,30
1,1654,p1,110,4.6186e-05,1.00944,30
1,1655,p1,181,4.84608e-05,0.750454,30
1,1656,p1,139,4.9241e-05,1.5091,30
1,1539,p1,1118,3.5696e-05,19.9599,20
1,1657,p1,137,4.82897e-05,1.49691,30
1,1658,p1,134,5.32599e-05,1.31649,30
1,1659,p1,154,4.97223e-05,1.02136,30
1,1660,p1,151,4.05327e-05,0.686616,30
1,1661,p1,134,4.30346e-05,0.558523,30
1,1662,p1,97,4.63184e-05,0.916747,30
1,1663,p1,161,4.55391e-05,1.29077,30
1,1664,p1,148,4.09574e-05,1.33046,30
1,1665,p1,109,3.68517e-05,1.51892,30
1,1666,p1,141,3.79113e-05,1.19025,30
1,1667,p1,143,3.35909e-05,1.64807,30
1,1668,p1,126,3.5861e-05,2.03564,30
1,1669,p1,142,3.98319e-05,1.9845,30
1,1016,p1,139,4.00725e-05,7.71921,50
1,1017,p1,151,3.93812e-05,7.64351,50
1,1018,p1,143,3.83288e-05,7.6991,50
1,1019,p1,140,4e-05,7.8479,50
1,1020,p1,109,3.81441e-05,7.75959,50
1,1021,p1,132,3.76073e-05,7.83269,50
1,1022,p1,167,3.97832e-05,7.98549,50
1,1023,p1,128,4.14893e-05,7.99058,50
1,1024,p1,139,3.80754e-05,7.86758,50
1,1025,p1,162,3.9868e-05,7.91651,50
1,1026,p1,94,4.08901e-05,7.7584,50
1,1027,p1,124,4.34596e-05,7.86628,50
1,1028,p1,136,4.11189e-05,7.80777,50
1,1029,p1,148,3.97354e-05,7.74645,50
1,1030,p1,139,4.17365e-05,7.66029,50
1,1031,p1,121,4.02117e-05,7.63383,50
1,1032,p1,133,3.83996e-05,7.6097,50
1,1033,p1,143,4.07206e-05,7.56015,50
1,1034,p1,167,4.15436e-05,7.72841,50
1,1035,p1,139,4.26435e-05,7.88486,50
1,1036,p1,123,4.23997e-05,7.57891,50
1,1037,p1,134,4.32655e-05,7.89077,50
1,1038,p1,134,4.22817e-05,7.96427,50
1,1039,p1,189,4.25663e-05,7.9099,50
1,1040,p1,139,4.4999e-05,7.75405,50
1,1041,p1,136,4.49965e-05,7.84289,50
1,1042,p1,114,4.28305e-05,7.70961,50
1,1043,p1,127,4.1293e-05,7.70979,50
1,1044,p1,172,3.90605e-05,7.96849,50
1,1045,p1,99,4.02117e-05,7.95475,50
1,1046,p1,122,3.63246e-05,8.26684,50
1,1540,p1,1104,3.51619e-05,19.9716,20
1,1047,p1,203,3.97974e-05,7.97273,50
1,1048,p1,133,4.11032e-05,8.10886,50
1,1049,p1,122,4.23562e-05,8.08896,50
1,554,p1,1199,3.78375e-05,10.0233,10
1,555,p1,1281,3.65069e-05,10.0196,10
1,1541,p1,1089,3.49283e-05,19.8917,20
1,1542,p1,1054,3.34596e-05,19.9777,20
1,1670,p1,163,3.55702e-05,1.63143,30
1,1671,p1,127,3.83815e-05,1.12289,30
1,1672,p1,147,3.68707e-05,1.86553,30
1,1673,p1,143,3.93599e-05,1.38763,30
1,1674,p1,167,3.64879e-05,1.32569,30
1,1675,p1,171,3.36502e-05,1.78108,30
1,1676,p1,178,3.54916e-05,2.56039,30
1,1677,p1,125,3.69952e-05,2.09284,30
1,1678,p1,103,3.12786e-05,2.80705,30
1,1679,p1,143,2.84324e-05,2.97366,30
1,1680,p1,153,3.76191e-05,2.11362,30
1,1681,p1,128,3.81866e-05,2.12525,30
1,1682,p1,145,3.59955e-05,1.88145,30
1,1683,p1,129,3.40337e-05,1.90072,30
1,556,p1,1381,3.60976e-05,10.016,10
1,557,p1,1415,3.64733e-05,10.0172,10
1,1684,p1,125,3.12931e-05,1.87178,30
1,1685,p1,143,3.4211e-05,1.82458,30
1,1686,p1,112,4.31202e-05,1.30052,30
1,1687,p1,147,3.73113e-05,1.70722,30
1,1688,p1,134,4.44125e-05,0.922066,30
1,1689,p1,114,4.55844e-05,1.38979,30
1,1690,p1,134,3.94331e-05,1.36247,30
1,1691,p1,143,3.54636e-05,1.5042,30
1,1692,p1,140,4.07865e-05,1.30022,30
1,1693,p1,141,4.24506e-05,1.54344,30
1,1694,p1,154,4.13854e-05,1.51008,30
1,1695,p1,118,3.91569e-05,1.55227,30
1,1696,p1,142,4.3994e-05,1.51453,30
1,1543,p1,1193,3.58551e-05,19.8473,20
1,558,p1,1148,3.81445e-05,10.0363,10
1,559,p1,1339,3.6532e-05,10.036,10
1,560,p1,1255,3.8346e-05,10.0112,10
1,561,p1,1322,4.00183e-05,10.0269,10
1,562,p1,1246,3.76003e-05,10.0106,10
1,1697,p1,180,4.09213e-05,1.8965,30
1,1698,p1,98,4.14916e-05,2.06364,30
1,1699,p1,162,4.24343e-05,1.98162,30
1,1544,p1,1030,3.46057e-05,19.8415,20
1,1545,p1,1055,3.51506e-05,19.8849,20
1,1546,p1,1211,3.5396e-05,19.833,20
1,1547,p1,1169,3.45018e-05,19.9248,20
1,563,p1,1358,3.87582e-05,10.0256,10
1,564,p1,1305,3.86913e-05,10.0116,10
1,565,p1,1328,3.89951e-05,10.0119,10
1,1548,p1,990,3.48596e-05,19.897,20
1,1549,p1,1179,3.26932e-05,19.9793,20
1,566,p1,1327,3.77574e-05,10.0204,10
1,567,p1,1403,3.83105e-05,9.97293,10
1,568,p1,1274,3.82868e-05,10.0178,10
1,569,p1,1278,3.76261e-05,10.0524,10
1,570,p1,1238,3.72904e-05,10.0081,10
1,571,p1,1344,3.69902e-05,10.0163,10
1,572,p1,1275,3.74844e-05,10.0232,10
1,573,p1,1242,3.70082e-05,10.0428,10
1,574,p1,1356,3.71879e-05,10.0432,10
1,1400,p1,167,3.14642e-05,-9.63456,100
1,1401,p1,73,3.43207e-05,-9.3108,100
1,1402,p1,106,3.68703e-05,-9.3145,100
1,1403,p1,172,4.59978e-05,-9.44207,100
1,1404,p1,114,4.21095e-05,-9.18578,100
1,1405,p1,100,4.32165e-05,-9.43811,100
1,1406,p1,159,4.06906e-05,-9.4859,100
1,1407,p1,182,4.68062e-05,-9.58584,100
1,1408,p1,107,3.62783e-05,-9.63199,100
1,1409,p1,149,3.29123e-05,-9.30353,100
1,1410,p1,153,3.56715e-05,-9.29648,100
1,1411,p1,124,3.86115e-05,-9.50712,100
1,1412,p1,115,2.99176e-05,-9.75827,100
1,1413,p1,120,3.12142e-05,-9.68204,100
1,1414,p1,135,4.13663e-05,-9.09488,100
1,1415,p1,119,4.31739e-05,-9.1733,100
1,1416,p1,131,3.99851e-05,-9.43603,100
1,1417,p1,123,4.78736e-05,-9.01512,100
1,1418,p1,151,4.58561e-05,-8.87449,100
1,1419,p1,91,3.55114e-05,-9.51178,100
1,1420,p1,187,4.07281e-05,-9.23767,100
1,1421,p1,110,4.98099e-05,-8.65961,100
1,1422,p1,99,4.72758e-05,-9.06833,100
1,1423,p1,173,4.70387e-05,-8.83107,100
1,1424,p1,179,5.14471e-05,-8.57652,100
1,1425,p1,121,4.32638e-05,-8.59985,100
1,1426,p1,148,5.2555e-05,-8.51434,100
1,1427,p1,149,5.67071e-05,-8.85867,100
1,1428,p1,109,6.02845e-05,-8.53438,100
1,1429,p1,153,6.4504e-05,-8.29299,100
1,1430,p1,153,6.65071e-05,-8.51403,100
1,1431,p1,119,6.47716e-05,-8.63233,100
1,1432,p1,130,6.68089e-05,-8.3334,100
1,1433,p1,133,7.97617e-05,-8.28209,100
1,1434,p1,144,8.02607e-05,-8.39569,100
1,1435,p1,90,7.39475e-05,-8.68698,100
1,1050,p1,146,4.20668e-05,7.75872,50
1,1051,p1,153,3.97945e-05,8.0127,50
1,1052,p1,138,3.8411e-05,8.0831,50
1,1053,p1,160,3.90443e-05,8.26537,50
1,1054,p1,151,3.4245e-05,8.3622,50
1,1055,p1,167,3.91181e-05,8.3563,50
1,1056,p1,113,3.72351e-05,8.18918,50
1,1057,p1,122,3.54552e-05,8.14831,50
1,1058,p1,199,3.47568e-05,8.17683,50
1,1059,p1,159,3.44745e-05,8.02891,50
1,1060,p1,93,3.74858e-05,7.90019,50
1,1061,p1,125,3.84509e-05,8.17673,50
1,1436,p1,169,7.84141e-05,-8.60895,100
1,1437,p1,130,7.44959e-05,-8.8389,100
1,1438,p1,98,7.76374e-05,-8.95192,100
1,1439,p1,149,7.78456e-05,-8.87464,100
1,1440,p1,176,7.53809e-05,-8.84672,100
1,1441,p1,121,6.80046e-05,-8.96426,100
1,1442,p1,137,5.82053e-05,-9.21903,100
1,1443,p1,101,6.28904e-05,-9.02218,100
1,1444,p1,162,6.06992e-05,-9.41502,100
1,1445,p1,188,5.77388e-05,-9.46874,100
1,1446,p1,137,6.82237e-05,-9.425,100
1,1447,p1,100,6.27755e-05,-8.84673,100
1,1448,p1,127,5.25975e-05,-9.41925,100
1,1062,p1,155,3.9984e-05,8.19368,50
1,1063,p1,149,3.59511e-05,8.38108,50
1,1064,p1,129,3.68322e-05,8.44359,50
1,1065,p1,164,4.06356e-05,8.80402,50
1,1066,p1,125,3.60342e-05,8.83763,50
1,1067,p1,102,3.69742e-05,8.70277,50
1,1068,p1,152,3.64727e-05,8.47826,50
1,1069,p1,160,3.47746e-05,8.59341,50
1,1070,p1,84,3.31512e-05,9.03988,50
1,1071,p1,130,2.59124e-05,8.84476,50
1,575,p1,1227,3.86589e-05,10.0396,10
1,1072,p1,187,2.87312e-05,8.69257,50
1,1073,p1,116,2.41639e-05,9.14198,50
1,1074,p1,87,2.03851e-05,8.94115,50
1,1075,p1,129,2.1082e-05,8.99939,50
1,1076,p1,127,2.53767e-05,8.96005,50
1,1077,p1,153,2.70106e-05,8.89779,50
1,1078,p1,92,2.14302e-05,9.05165,50
1,1079,p1,106,2.54499e-05,8.9461,50
1,1080,p1,179,2.62866e-05,9.04059,50
1,1449,p1,161,6.39441e-05,-9.55546,100
1,576,p1,1262,3.93909e-05,10.0206,10
1,577,p1,1468,3.94821e-05,9.99624,10
1,1081,p1,168,2.54985e-05,9.26876,50
1,1082,p1,126,3.04935e-05,9.0676,50
1,1083,p1,92,2.71048e-05,9.11226,50
1,1084,p1,134,2.86147e-05,9.37076,50
1,1085,p1,181,2.69459e-05,9.43212,50
1,1086,p1,181,2.59879e-05,9.2973,50
1,1087,p1,122,3.04525e-05,9.25813,50
1,1088,p1,146,3.31019e-05,9.002,50
1,1089,p1,139,2.98993e-05,8.82611,50
1,1090,p1,131,3.21788e-05,8.63689,50
1,1091,p1,160,3.55443e-05,8.53419,50
1,1092,p1,174,3.51546e-05,8.66854,50
1,1093,p1,144,2.9708e-05,8.85402,50
1,1094,p1,146,2.87477e-05,8.97226,50
1,1095,p1,150,3.5216e-05,8.63601,50
1,578,p1,1258,4.094e-05,10.0048,10
1,1096,p1,138,3.32147e-05,9.02726,50
1,1097,p1,136,3.00365e-05,8.98924,50
1,1098,p1,198,3.29404e-05,8.6085,50
1,1099,p1,158,3.28084e-05,8.85057,50
1,579,p1,1274,3.98865e-05,10.0338,10
1,580,p1,1263,3.98883e-05,10.0432,10
1,1700,p1,92,4.23541e-05,1.88731,30
1,1701,p1,110,4.17479e-05,1.79011,30
1,1702,p1,152,4.6498e-05,0.921728,30
1,1703,p1,94,4.21656e-05,1.73124,30
1,1704,p1,127,3.71957e-05,2.42473,30
1,1705,p1,117,3.6983e-05,2.21242,30
1,1706,p1,94,3.99066e-05,2.16849,30
1,1707,p1,161,4.04159e-05,1.75292,30
1,1708,p1,166,3.9041e-05,1.94535,30
1,1709,p1,107,3.93812e-05,2.02333,30
1,1710,p1,141,3.84601e-05,2.35518,30
1,1711,p1,166,4.05394e-05,2.32264,30
1,1712,p1,127,3.82584e-05,3.13267,30
1,1713,p1,140,3.84885e-05,3.13485,30
1,1714,p1,74,3.67202e-05,2.902,30
1,1715,p1,131,3.87673e-05,2.86644,30
1,1716,p1,195,3.64765e-05,3.17359,30
1,1717,p1,126,3.67356e-05,3.62141,30
1,1718,p1,118,3.32559e-05,3.5295,30
1,1719,p1,134,3.48627e-05,3.73295,30
1,1720,p1,188,3.64309e-05,3.82151,30
1,1721,p1,156,3.77846e-05,3.92613,30
1,1722,p1,120,3.97556e-05,4.09548,30
1,1723,p1,90,3.74895e-05,4.07767,30
1,1724,p1,146,3.78469e-05,3.72109,30
1,1725,p1,144,3.83876e-05,4.08156,30
1,1726,p1,159,3.60992e-05,4.24801,30
1,1727,p1,126,3.39522e-05,4.31163,30
1,1728,p1,127,3.10559e-05,4.46297,30
1,1729,p1,119,2.68053e-05,4.71559,30
1,1730,p1,140,2.93906e-05,4.76129,30
1,1731,p1,159,3.02836e-05,4.48038,30
1,1732,p1,117,3.04456e-05,4.53517,30
1,1733,p1,112,3.22852e-05,4.54623,30
1,1734,p1,136,3.32991e-05,4.56711,30
1,1735,p1,142,3.45963e-05,4.37695,30
1,1736,p1,112,3.90984e-05,4.54237,30
1,1737,p1,117,3.8905e-05,4.71718,30
1,1738,p1,149,3.79566e-05,4.63992,30
1,1739,p1,158,3.66289e-05,4.73026,30
1,1740,p1,134,3.62756e-05,4.65005,30
1,1741,p1,155,3.69829e-05,4.523,30
1,1742,p1,145,3.44212e-05,4.97891,30
1,1743,p1,169,3.82991e-05,4.90898,30
1,1744,p1,148,3.35852e-05,4.93092,30
1,1745,p1,119,3.64558e-05,4.47333,30
1,1746,p1,154,3.68272e-05,4.83956,30
1,1747,p1,165,3.8906e-05,4.51881,30
1,1748,p1,128,3.97629e-05,4.70867,30
1,1749,p1,131,3.68411e-05,4.81347,30
1,581,p1,1367,4.00834e-05,10.0319,10
1,1550,p1,1083,3.23864e-05,20.0219,20
1,1551,p1,968,3.39245e-05,19.7778,20
1,1552,p1,1007,3.27532e-05,20.0164,20
1,1553,p1,1216,3.21852e-05,19.9447,20
1,1554,p1,1138,3.38681e-05,20.0615,20
1,1555,p1,1078,3.47624e-05,19.9606,20
1,582,p1,1415,4.16607e-05,10.0226,10
1,1556,p1,1179,3.44128e-05,20.0087,20
1,1557,p1,1110,3.74402e-05,19.9108,20
1,583,p1,1296,4.05697e-05,10.0404,10
1,584,p1,1190,3.97517e-05,10.0388,10
1,1450,p1,126,5.99276e-05,-9.60623,100
1,1451,p1,139,5.02373e-05,-9.50631,100
1,1452,p1,175,4.80967e-05,-9.90151,100
1,1453,p1,118,5.9638e-05,-9.32279,100
1,1454,p1,115,6.33229e-05,-9.48725,100
1,1455,p1,111,5.59695e-05,-9.83988,100
1,1456,p1,146,4.72605e-05,-9.72474,100
1,1457,p1,128,6.05197e-05,-9.14385,100
1,1458,p1,134,5.30756e-05,-9.51843,100
1,1459,p1,120,4.56101e-05,-9.45832,100
1,1460,p1,142,4.85152e-05,-9.69033,100
1,1461,p1,111,5.56972e-05,-9.93203,100
1,1462,p1,126,5.25551e-05,-10.1993,100
1,1463,p1,156,4.84476e-05,-9.54131,100
1,1464,p1,176,5.63249e-05,-9.45162,100
1,1465,p1,138,6.79697e-05,-9.31692,100
1,1466,p1,143,6.50738e-05,-9.50779,100
1,585,p1,1393,4.0729e-05,10.0316,10
1,1558,p1,1219,3.62732e-05,19.7928,20
1,1467,p1,124,7.2939e-05,-8.65555,100
1,1100,p1,105,2.47773e-05,9.43667,50
1,1101,p1,131,2.80482e-05,9.2624,50
1,1102,p1,120,2.55507e-05,9.39194,50
1,1103,p1,134,2.58212e-05,9.43647,50
1,1104,p1,120,1.97153e-05,9.43758,50
1,1105,p1,153,2.10795e-05,9.45765,50
1,1106,p1,112,2.25801e-05,9.72649,50
1,1107,p1,158,2.68739e-05,9.63098,50
1,1468,p1,127,6.93174e-05,-9.01612,100
1,1469,p1,173,6.48248e-05,-9.1144,100
1,1470,p1,126,5.8699e-05,-9.05945,100
1,1471,p1,110,7.65083e-05,-8.31891,100
1,1472,p1,156,7.14127e-05,-8.17668,100
1,1473,p1,117,7.44233e-05,-8.60565,100
1,1474,p1,121,6.351e-05,-8.43492,100
1,1475,p1,127,6.84512e-05,-8.11089,100
1,1476,p1,132,6.60626e-05,-8.07734,100
1,1477,p1,186,7.80613e-05,-8.35661,100
1,1478,p1,124,6.72548e-05,-8.41655,100
1,1479,p1,146,7.26525e-05,-8.19136,100
1,1480,p1,109,6.53089e-05,-8.16001,100
1,1481,p1,128,7.19003e-05,-8.24332,100
1,1482,p1,137,7.25904e-05,-8.26097,100
1,1483,p1,145,7.6849e-05,-7.59634,100
1,1484,p1,115,8.60193e-05,-7.56859,100
1,1485,p1,142,7.53967e-05,-8.00115,100
1,1559,p1,1180,3.77207e-05,19.9876,20
1,1486,p1,139,8.42829e-05,-7.86042,100
1,1487,p1,125,8.24627e-05,-7.51478,100
1,1488,p1,152,8.81298e-05,-7.67317,100
1,1489,p1,156,8.57781e-05,-7.49275,100
1,1490,p1,126,8.24518e-05,-7.77496,100
1,1491,p1,140,8.28171e-05,-6.98835,100
1,1492,p1,173,8.80348e-05,-6.96119,100
1,1493,p1,109,9.47079e-05,-6.77504,100
1,1560,p1,1091,3.99733e-05,19.9607,20
1,1494,p1,124,8.26106e-05,-6.89071,100
1,1495,p1,146,9.10079e-05,-6.83331,100
1,1496,p1,141,9.18342e-05,-7.33595,100
1,1497,p1,99,9.60218e-05,-6.96045,100
1,1108,p1,86,1.84546e-05,9.35389,50
1,1498,p1,112,9.69208e-05,-6.66166,100
1,1499,p1,108,9.62303e-05,-6.82929,100
1,1109,p1,144,1.70397e-05,9.31932,50
1,1110,p1,138,2.35444e-05,9.20107,50
1,1111,p1,143,2.26111e-05,9.14275,50
1,1112,p1,128,2.57507e-05,8.97479,50
1,1113,p1,127,2.18473e-05,9.44392,50
1,1500,p1,176,9.64468e-05,-6.91913,100
1,586,p1,1387,4.12822e-05,10.0121,10
1,1114,p1,122,1.99446e-05,8.9836,50
1,1501,p1,79,9.35643e-05,-6.74392,100
1,1115,p1,129,2.21847e-05,8.74068,50
1,1502,p1,80,9.57125e-05,-6.81231,100
1,1116,p1,97,2.74519e-05,9.27396,50
1,1503,p1,162,9.50259e-05,-6.83989,100
1,1117,p1,172,3.39141e-05,8.83517,50
1,1118,p1,118,2.77094e-05,8.99293,50
1,1504,p1,176,9.41674e-05,-6.73229,100
1,1119,p1,128,2.95993e-05,8.6714,50
1,1505,p1,117,9.55241e-05,-6.46775,100
1,1506,p1,101,9.44917e-05,-6.36651,100
1,1507,p1,146,0.000100259,-6.49141,100
1,1508,p1,131,9.25144e-05,-6.79525,100
1,1509,p1,177,9.48543e-05,-6.55258,100
1,1510,p1,131,9.50172e-05,-6.62549,100
1,1511,p1,64,8.89636e-05,-6.82402,100
1,587,p1,1150,4.09589e-05,9.9891,10
1,1512,p1,101,9.3908e-05,-7.03783,100
1,1513,p1,199,9.02803e-05,-6.99336,100
1,1514,p1,100,9.8453e-05,-6.70947,100
1,1515,p1,153,8.73004e-05,-7.17776,100
1,588,p1,1234,3.98798e-05,10.0098,10
1,1516,p1,140,9.29406e-05,-7.43245,100
1,1517,p1,164,8.90519e-05,-7.40747,100
1,1518,p1,146,9.21728e-05,-7.26259,100
1,1519,p1,120,8.69688e-05,-7.5191,100
1,1520,p1,171,9.28715e-05,-7.63764,100
1,1521,p1,168,8.39341e-05,-7.5815,100
1,1522,p1,112,7.51981e-05,-7.67881,100
1,1523,p1,118,7.95867e-05,-7.78757,100
1,1524,p1,193,7.64661e-05,-7.76702,100
1,1525,p1,154,7.2555e-05,-7.78081,100
1,1526,p1,142,7.98215e-05,-7.92326,100
1,1527,p1,86,9.03306e-05,-8.01054,100
1,1528,p1,126,8.75879e-05,-7.88986,100
1,1529,p1,156,8.73851e-05,-7.82325,100
1,1530,p1,109,7.71783e-05,-8.1173,100
1,1531,p1,153,8.09419e-05,-8.16713,100
1,1532,p1,85,9.2274e-05,-7.98673,100
1,1533,p1,134,8.89895e-05,-7.88663,100
1,1534,p1,118,8.51257e-05,-8.15502,100
1,1535,p1,143,8.8763e-05,-8.1134,100
1,1536,p1,152,9.47191e-05,-7.78533,100
1,1537,p1,153,9.47249e-05,-7.92716,100
1,1538,p1,145,8.82231e-05,-8.17993,100
1,1539,p1,135,9.48746e-05,-8.50168,100
1,1540,p1,117,9.78932e-05,-8.02598,100
1,1541,p1,174,9.08743e-05,-8.02259,100
1,1542,p1,120,8.89278e-05,-8.14106,100
1,1543,p1,166,9.52018e-05,-8.00133,100
1,1544,p1,101,9.87065e-05,-7.93563,100
1,1545,p1,152,0.000101346,-7.84861,100
1,1546,p1,215,0.000100623,-7.85965,100
1,1547,p1,116,9.14525e-05,-7.8327,100
1,1548,p1,116,8.76367e-05,-7.87892,100
1,1549,p1,165,9.64826e-05,-7.95378,100
1,1561,p1,1173,4.1039e-05,19.9738,20
1,1120,p1,168,3.42051e-05,8.90733,50
1,1121,p1,151,3.47801e-05,8.21569,50
1,1122,p1,146,3.77172e-05,8.36084,50
1,1123,p1,171,3.13245e-05,8.38928,50
1,1124,p1,102,3.83329e-05,8.00347,50
1,1125,p1,127,3.63869e-05,8.3478,50
1,1126,p1,206,3.83766e-05,7.85988,50
1,1127,p1,153,4.00786e-05,7.91687,50
1,1128,p1,114,3.76054e-05,8.48984,50
1,1129,p1,115,4.08945e-05,8.13769,50
1,1130,p1,115,4.41081e-05,8.18614,50
1,1131,p1,131,3.79244e-05,8.4105,50
1,589,p1,1407,4.03458e-05,10.004,10
1,1562,p1,1125,3.82834e-05,19.953,20
1,1563,p1,1108,3.76056e-05,20.0084,20
1,590,p1,1341,4.11465e-05,10.0305,10
1,591,p1,1389,4.03314e-05,10.0184,10
1,1132,p1,114,4.43894e-05,8.62633,50
1,1133,p1,147,4.70348e-05,8.50849,50
1,1134,p1,104,4.88942e-05,7.87169,50
1,1135,p1,106,4.74239e-05,8.16184,50
1,1136,p1,136,5.06453e-05,7.99229,50
1,1137,p1,142,4.54972e-05,8.0321,50
1,1138,p1,118,4.21179e-05,8.20856,50
1,1139,p1,117,4.66521e-05,7.99286,50
1,1140,p1,133,4.60967e-05,7.99132,50
1,1141,p1,160,4.94959e-05,7.9497,50
1,1142,p1,124,4.33819e-05,8.65403,50
1,1143,p1,148,4.63454e-05,8.25541,50
1,1564,p1,1148,4.1684e-05,19.9734,20
1,1565,p1,1034,4.32687e-05,19.9551,20
1,1566,p1,1062,4.34711e-05,19.8744,20
1,1144,p1,140,3.97987e-05,8.4821,50
1,1145,p1,130,4.24601e-05,8.43076,50
1,1146,p1,98,4.02801e-05,8.12821,50
1,1147,p1,173,4.29052e-05,8.08847,50
1,1148,p1,127,4.62202e-05,8.54948,50
1,1149,p1,91,4.69182e-05,8.36065,50
1,592,p1,1271,4.00381e-05,10.0256,10
1,593,p1,1490,4.13929e-05,10.0008,10
1,594,p1,1093,4.02151e-05,10.0093,10
1,1567,p1,1323,4.44378e-05,19.9252,20
1,1568,p1,1178,4.27255e-05,20.007,20
1,1569,p1,1091,4.30511e-05,20.0018,20
1,1750,p1,131,4.0287e-05,4.83394,30
1,1751,p1,153,4.05425e-05,4.68817,30
1,1752,p1,146,4.03216e-05,4.70895,30
1,1753,p1,119,3.95661e-05,4.49939,30
1,595,p1,1294,4.08452e-05,10.0087,10
1,1754,p1,108,4.1752e-05,4.48139,30
1,1755,p1,94,4.2534e-05,4.61039,30
1,1756,p1,167,4.23373e-05,4.60296,30
1,1757,p1,152,4.1469e-05,4.52456,30
1,1758,p1,150,4.48256e-05,4.74972,30
1,1759,p1,108,4.18943e-05,5.15745,30
1,1760,p1,99,4.28778e-05,5.46291,30
1,1761,p1,175,4.1849e-05,5.10397,30
1,1762,p1,104,3.91989e-05,5.04357,30
1,596,p1,1453,4.09311e-05,10.0148,10
1,1570,p1,1061,4.38208e-05,20.1138,20
1,1571,p1,1112,4.54458e-05,19.9585,20
1,1572,p1,1254,4.62042e-05,19.8599,20
1,1573,p1,1073,4.41666e-05,20.0352,20
1,1574,p1,1040,4.66767e-05,19.9046,20
1,1763,p1,107,3.92296e-05,5.36343,30
1,1764,p1,207,3.96635e-05,5.34354,30
1,1765,p1,153,3.81911e-05,5.89783,30
1,1766,p1,142,4.08714e-05,5.02149,30
1,1767,p1,129,4.08894e-05,5.27923,30
1,1768,p1,136,4.1955e-05,5.11143,30
1,1769,p1,154,4.32217e-05,5.40489,30
1,1770,p1,154,4.37757e-05,5.03175,30
1,1771,p1,189,4.16671e-05,4.7755,30
1,1772,p1,130,4.06296e-05,4.27437,30
1,1773,p1,99,4.08897e-05,4.46923,30
1,1774,p1,162,3.9816e-05,4.68367,30
1,1775,p1,152,4.14885e-05,4.81978,30
1,1776,p1,107,3.93004e-05,4.42383,30
1,1777,p1,117,3.77559e-05,4.24859,30
1,1778,p1,154,3.98271e-05,4.26338,30
1,1779,p1,175,3.88397e-05,4.16078,30
1,1780,p1,138,3.99236e-05,4.14331,30
1,1781,p1,134,3.89332e-05,3.87939,30
1,1782,p1,104,4.23354e-05,3.82609,30
1,1783,p1,164,4.09172e-05,3.72388,30
1,1784,p1,144,3.87461e-05,3.72364,30
1,1785,p1,118,4.01734e-05,3.82641,30
1,1786,p1,144,4.26189e-05,3.51959,30
1,1787,p1,129,3.62067e-05,3.7171,30
1,1788,p1,115,3.80302e-05,3.75222,30
1,1789,p1,140,4.04207e-05,3.49799,30
1,1790,p1,133,4.22288e-05,4.20905,30
1,1791,p1,142,4.36778e-05,4.02454,30
1,1792,p1,162,4.47291e-05,3.9309,30
1,1793,p1,124,4.30125e-05,4.35399,30
1,597,p1,1253,3.99858e-05,10.0211,10
1,1575,p1,976,4.60145e-05,20.0069,20
1,1576,p1,1172,4.79305e-05,19.9494,20
1,1577,p1,1204,4.84677e-05,19.8361,20
1,598,p1,1249,3.92564e-05,10.0123,10
1,599,p1,1390,3.89557e-05,10.0261,10
1,1578,p1,1143,4.92515e-05,19.923,20
1,1579,p1,1089,4.80268e-05,19.9582,20
1,1580,p1,1082,4.64402e-05,19.9017,20
1,1550,p1,181,9.14519e-05,-7.89382,100
1,1551,p1,114,0.000101308,-7.46443,100
1,1552,p1,106,9.8058e-05,-7.55599,100
1,1553,p1,181,0.000104967,-7.65448,100
1,1554,p1,134,0.000104252,-7.2198,100
1,1555,p1,113,0.000104368,-7.594,100
1,1556,p1,166,0.0001039,-7.65383,100
1,1557,p1,148,0.000105264,-7.75952,100
1,1558,p1,136,0.000102469,-7.61881,100
1,1559,p1,101,0.000102491,-7.22442,100
1,1560,p1,117,0.000100279,-7.50768,100
1,1561,p1,155,0.000103672,-7.47597,100
1,1562,p1,170,0.000102,-7.59311,100
1,1581,p1,1076,4.68183e-05,19.8363,20
1,1563,p1,142,0.000103055,-7.38325,100
1,1564,p1,123,0.000100817,-7.09,100
1,1565,p1,98,0.00010149,-7.3185,100
1,1566,p1,155,0.000103685,-7.26865,100
1,1567,p1,167,0.000100752,-7.33662,100
1,1794,p1,116,4.38451e-05,4.24246,30
1,1568,p1,115,9.67414e-05,-7.14859,100
1,1795,p1,162,4.42928e-05,4.56782,30
1,1569,p1,112,9.54022e-05,-7.14818,100
1,1796,p1,112,4.4546e-05,4.2098,30
1,1570,p1,181,9.82572e-05,-7.13358,100
1,1797,p1,143,4.76072e-05,3.91335,30
1,1571,p1,131,0.00010053,-7.0755,100
1,1798,p1,126,4.56396e-05,3.99528,30
1,1572,p1,110,9.47736e-05,-7.24791,100
1,1799,p1,164,4.44949e-05,3.83172,30
1,1573,p1,139,0.000100729,-7.28165,100
1,1800,p1,122,4.72501e-05,3.56696,30
1,1574,p1,135,9.73654e-05,-7.66435,100
1,1575,p1,124,0.000102505,-7.28122,100
1,1801,p1,148,4.85722e-05,4.21187,30
1,1802,p1,155,4.89879e-05,3.75021,30
1,1803,p1,144,4.83729e-05,3.9449,30
1,1804,p1,133,5.06349e-05,4.02296,30
1,1805,p1,168,4.83844e-05,4.44043,30
1,1806,p1,106,4.39138e-05,4.47745,30
1,1807,p1,126,4.5679e-05,4.26422,30
1,1808,p1,114,4.70718e-05,4.85148,30
1,1809,p1,169,4.42115e-05,4.77126,30
1,1810,p1,166,4.50205e-05,4.52592,30
1,1811,p1,125,4.19251e-05,4.56554,30
1,1812,p1,104,4.15209e-05,4.35915,30
1,1813,p1,159,4.41859e-05,4.64388,30
1,1814,p1,135,4.43712e-05,4.18011,30
1,1815,p1,131,4.31059e-05,4.4328,30
1,1816,p1,105,4.61751e-05,4.34319,30
1,1817,p1,148,5.05013e-05,4.30998,30
1,1818,p1,107,4.94589e-05,4.16419,30
1,1819,p1,121,4.93378e-05,4.14579,30
1,1820,p1,130,5.09769e-05,3.87491,30
1,1821,p1,153,4.80478e-05,3.91584,30
1,1822,p1,124,4.99067e-05,3.97829,30
1,1823,p1,170,5.29747e-05,4.09192,30
1,1824,p1,128,5.02014e-05,3.99352,30
1,1825,p1,128,5.38766e-05,4.28252,30
1,1826,p1,144,5.34845e-05,3.90074,30
1,1827,p1,169,5.58701e-05,4.14677,30
1,1828,p1,132,5.57016e-05,3.94411,30
1,1829,p1,135,5.80587e-05,4.04382,30
1,1830,p1,187,5.53349e-05,3.93228,30
1,1831,p1,132,5.78682e-05,3.68625,30
1,1832,p1,102,5.24048e-05,3.98088,30
1,1833,p1,134,5.35626e-05,3.95793,30
1,1834,p1,114,5.46103e-05,4.12226,30
1,1835,p1,123,5.83145e-05,4.15736,30
1,1576,p1,96,0.000103566,-7.29406,100
1,1836,p1,154,5.62371e-05,3.97955,30
1,1577,p1,165,0.000101236,-7.40295,100
1,1837,p1,145,5.79115e-05,4.27966,30
1,1578,p1,175,9.9504e-05,-7.38602,100
1,1838,p1,147,5.33148e-05,4.16013,30
1,1579,p1,125,0.000101374,-7.23877,100
1,1839,p1,115,5.74677e-05,4.23351,30
1,1580,p1,124,0.000104015,-7.24996,100
1,1840,p1,83,5.90042e-05,4.09507,30
1,1581,p1,152,0.000103006,-7.3454,100
1,1841,p1,156,5.76165e-05,4.22505,30
1,1582,p1,142,0.000103357,-7.29472,100
1,1842,p1,161,5.9105e-05,4.04855,30
1,1583,p1,132,0.000104018,-7.2974,100
1,1843,p1,161,5.62851e-05,4.10422,30
1,1584,p1,110,0.000104592,-7.00285,100
1,1844,p1,132,5.36105e-05,4.06281,30
1,1585,p1,165,0.000105204,-7.24725,100
1,1845,p1,130,5.18672e-05,4.10807,30
1,1586,p1,124,0.000102501,-7.28099,100
1,1846,p1,147,5.26501e-05,3.84468,30
1,1847,p1,131,5.12033e-05,4.09945,30
1,1848,p1,145,4.87479e-05,4.05657,30
1,1849,p1,139,5.37348e-05,4.40052,30
1,1850,p1,135,4.85759e-05,3.85064,30
1,1851,p1,196,4.34922e-05,3.84831,30
1,1852,p1,124,4.65537e-05,4.14278,30
1,1853,p1,152,4.67977e-05,4.4344,30
1,1854,p1,118,4.95274e-05,4.33751,30
1,1855,p1,122,4.72098e-05,4.04501,30
1,1856,p1,173,4.73678e-05,4.0666,30
1,1857,p1,121,4.78799e-05,4.21775,30
1,1858,p1,108,4.54784e-05,4.35148,30
1,1859,p1,157,5.0885e-05,3.96133,30
1,1860,p1,170,5.1281e-05,4.27642,30
1,1861,p1,116,4.92148e-05,4.29517,30
1,1862,p1,155,5.13467e-05,4.44267,30
1,1587,p1,124,0.000101101,-7.23925,100
1,1588,p1,129,0.000103345,-7.05461,100
1,1589,p1,113,0.000105798,-7.29379,100
1,1590,p1,169,0.000106298,-7.20073,100
1,1591,p1,154,0.000107473,-7.00808,100
1,1592,p1,86,9.40414e-05,-6.60546,100
1,1593,p1,126,0.000103336,-6.74581,100
1,1594,p1,125,9.33722e-05,-6.42231,100
1,1595,p1,161,9.34364e-05,-6.33377,100
1,1596,p1,114,9.28859e-05,-6.48312,100
1,1597,p1,138,8.93352e-05,-5.99093,100
1,1598,p1,152,9.69834e-05,-6.42976,100
1,1599,p1,141,9.16048e-05,-6.20786,100
1,1582,p1,1279,4.75585e-05,19.9458,20
1,1863,p1,175,5.93388e-05,4.79135,30
1,1864,p1,82,5.89894e-05,5.12425,30
1,1865,p1,148,5.86996e-05,4.98044,30
1,1866,p1,166,5.81402e-05,4.33676,30
1,1867,p1,97,6.0541e-05,4.57722,30
1,1868,p1,179,6.28626e-05,4.73066,30
1,1869,p1,128,5.73926e-05,4.35868,30
1,1870,p1,141,6.05543e-05,4.41604,30
1,1871,p1,104,5.3566e-05,4.46936,30
1,1872,p1,147,6.05748e-05,4.26621,30
1,1873,p1,166,5.82922e-05,4.32274,30
1,1874,p1,115,5.81773e-05,4.80706,30
1,1875,p1,75,6.28222e-05,5.15564,30
1,1876,p1,134,5.57349e-05,4.96706,30
1,1877,p1,200,6.3764e-05,5.50993,30
1,1878,p1,88,6.20803e-05,5.50539,30
1,1879,p1,130,6.38639e-05,4.92552,30
1,1880,p1,116,6.25944e-05,4.50528,30
1,1881,p1,166,6.51905e-05,5.02063,30
1,1882,p1,132,6.30909e-05,5.04465,30
1,1883,p1,99,5.67274e-05,4.49236,30
1,1884,p1,184,5.46287e-05,4.565,30
1,1885,p1,143,5.60697e-05,4.27979,30
1,1886,p1,102,5.5358e-05,4.36873,30
1,1887,p1,209,5.63665e-05,4.41783,30
1,1888,p1,144,5.65577e-05,4.49428,30
1,1889,p1,130,6.26266e-05,4.71463,30
1,1890,p1,108,6.60382e-05,4.75115,30
1,1891,p1,162,6.05093e-05,4.17637,30
1,1583,p1,1087,4.87632e-05,19.9225,20
1,1584,p1,965,4.94459e-05,19.9365,20
1,600,p1,1304,3.96471e-05,10.0436,10
1,601,p1,1359,4.03551e-05,10.0295,10
1,1892,p1,156,7.20293e-05,4.46705,30
1,1893,p1,143,7.40936e-05,4.64624,30
1,1150,p1,185,4.48716e-05,8.35404,50
1,1151,p1,118,4.65139e-05,7.84696,50
1,1152,p1,116,4.36036e-05,8.26973,50
1,1153,p1,119,4.63989e-05,7.81602,50
1,1894,p1,101,6.71625e-05,3.86675,30
1,1895,p1,158,7.13027e-05,3.94324,30
1,1154,p1,159,4.83778e-05,8.30067,50
1,1155,p1,145,4.60537e-05,8.80832,50
1,1156,p1,107,4.58717e-05,8.14124,50
1,1157,p1,160,4.6023e-05,8.65459,50
1,602,p1,1291,3.98994e-05,10.03,10
1,1158,p1,137,4.81379e-05,7.21394,50
1,1159,p1,119,5.08304e-05,8.29237,50
1,1160,p1,91,5.06237e-05,7.62783,50
1,1161,p1,182,4.90471e-05,7.59968,50
1,1162,p1,119,5.10183e-05,8.13835,50
1,1163,p1,97,5.01727e-05,8.70733,50
1,1896,p1,119,6.96077e-05,4.27264,30
1,1897,p1,131,7.67991e-05,4.63235,30
1,1898,p1,163,7.54968e-05,4.40646,30
1,1899,p1,136,7.47132e-05,4.68112,30
1,1900,p1,123,7.26271e-05,4.60352,30
1,1901,p1,168,7.53339e-05,4.86102,30
1,1902,p1,114,7.5407e-05,4.72159,30
1,1903,p1,116,7.40547e-05,4.71145,30
1,1904,p1,147,7.60988e-05,5.03941,30
1,1905,p1,129,7.43348e-05,5.09,30
1,1906,p1,146,7.63211e-05,5.25857,30
1,1907,p1,133,7.28888e-05,5.78147,30
1,1908,p1,125,7.43472e-05,5.49457,30
1,1909,p1,160,7.20916e-05,5.35793,30
1,1910,p1,120,6.97427e-05,6.11137,30
1,1911,p1,123,7.31235e-05,5.40948,30
1,1912,p1,109,7.1199e-05,5.58979,30
1,1913,p1,153,7.18491e-05,5.35033,30
1,1914,p1,127,6.86884e-05,5.83536,30
1,1915,p1,150,6.81256e-05,5.79603,30
1,603,p1,1336,4.03979e-05,10.0281,10
1,1164,p1,109,5.13736e-05,8.4028,50
1,1165,p1,129,5.15594e-05,8.97509,50
1,1166,p1,97,5.20332e-05,8.87402,50
1,1167,p1,109,5.18193e-05,9.06382,50
1,1168,p1,144,5.26743e-05,8.94454,50
1,1169,p1,160,5.46428e-05,9.31123,50
1,1170,p1,123,5.08381e-05,9.3326,50
1,1171,p1,96,5.34961e-05,8.58481,50
1,1172,p1,137,5.34437e-05,9.11368,50
1,1173,p1,152,5.02521e-05,10.2027,50
1,1174,p1,122,4.93634e-05,9.97124,50
1,1175,p1,141,5.19531e-05,9.32698,50
1,1916,p1,76,6.66343e-05,5.77196,30
1,1917,p1,130,6.63728e-05,5.755,30
1,1176,p1,134,5.35072e-05,8.20845,50
1,1918,p1,163,6.30517e-05,5.84818,30
1,1177,p1,122,5.34463e-05,9.14508,50
1,1919,p1,117,6.84203e-05,4.93052,30
1,1920,p1,120,6.89708e-05,5.49145,30
1,1178,p1,154,5.43401e-05,9.32272,50
1,1921,p1,116,6.60148e-05,6.41233,30
1,1179,p1,147,5.33266e-05,8.33306,50
1,1922,p1,156,6.95587e-05,5.16242,30
1,1180,p1,100,5.55775e-05,8.54821,50
1,1923,p1,137,6.59747e-05,5.39466,30
1,1181,p1,133,5.63409e-05,8.85794,50
1,1924,p1,128,6.32983e-05,5.96361,30
1,1182,p1,98,5.68945e-05,8.3695,50
1,1925,p1,120,6.39427e-05,5.29312,30
1,1183,p1,137,5.58261e-05,8.23518,50
1,1926,p1,160,6.91516e-05,4.92338,30
1,1184,p1,174,5.32513e-05,7.89861,50
1,1927,p1,151,6.17938e-05,5.20458,30
1,1185,p1,117,5.51834e-05,8.89203,50
1,1928,p1,114,5.90732e-05,5.58045,30
1,1186,p1,111,5.48673e-05,8.23366,50
1,1929,p1,164,6.692e-05,4.95426,30
1,1187,p1,133,5.57728e-05,8.06001,50
1,1930,p1,161,6.59627e-05,5.52182,30
1,1931,p1,113,6.59656e-05,6.00617,30
1,1932,p1,146,6.76475e-05,5.45472,30
1,1933,p1,90,6.1466e-05,5.56087,30
1,1934,p1,109,6.02685e-05,5.70344,30
1,1935,p1,150,6.69398e-05,5.13269,30
1,1936,p1,139,6.03002e-05,5.44419,30
1,1937,p1,97,5.70714e-05,5.62739,30
1,1938,p1,138,5.83079e-05,5.50017,30
1,1939,p1,144,6.63597e-05,5.55131,30
1,1585,p1,1123,5.17025e-05,19.8263,20
1,1940,p1,154,6.15751e-05,5.78788,30
1,1941,p1,131,5.67878e-05,6.08157,30
1,1942,p1,130,5.85879e-05,6.04516,30
1,1943,p1,94,5.74655e-05,6.0462,30
1,1944,p1,138,6.06905e-05,5.73599,30
1,604,p1,1274,4.06338e-05,10.0455,10
1,605,p1,1371,4.07164e-05,10.0276,10
1,1945,p1,178,5.71198e-05,6.1121,30
1,1946,p1,93,5.95693e-05,7.21681,30
1,1947,p1,136,5.89811e-05,7.06291,30
1,1948,p1,165,5.20213e-05,7.31282,30
1,1949,p1,123,4.50889e-05,7.56987,30
1,1188,p1,155,5.2287e-05,8.31874,50
1,1189,p1,157,4.92188e-05,8.70344,50
1,1190,p1,125,5.33466e-05,8.41166,50
1,1191,p1,101,5.23792e-05,8.58045,50
1,1192,p1,118,5.25779e-05,8.42167,50
1,1193,p1,188,5.26931e-05,9.56532,50
1,1194,p1,144,5.49913e-05,8.85868,50
1,1195,p1,87,5.49531e-05,8.59944,50
1,1196,p1,161,5.41731e-05,9.19409,50
1,1197,p1,140,5.4698e-05,8.80215,50
1,1198,p1,169,5.87562e-05,8.65797,50
1,1586,p1,1095,5.22439e-05,19.9213,20
1,1587,p1,1112,5.24103e-05,19.9166,20
1,606,p1,1278,4.13337e-05,10.0146,10
1,607,p1,1302,4.16844e-05,10.041,10
1,1588,p1,1141,5.26222e-05,19.8689,20
1,1589,p1,1100,5.1014e-05,19.8662,20
1,1590,p1,1067,5.18508e-05,19.8342,20
1,608,p1,1320,4.14446e-05,10.0684,10
1,609,p1,1348,4.2334e-05,10.0429,10
1,610,p1,1206,4.19615e-05,10.0316,10
1,611,p1,1286,4.18651e-05,10.0281,10
1,1591,p1,1127,4.97396e-05,19.8979,20
1,1592,p1,1124,5.15067e-05,19.8971,20
1,1593,p1,1146,5.2816e-05,19.9169,20
1,612,p1,1312,4.10526e-05,10.0311,10
1,1594,p1,1030,5.22741e-05,19.9112,20
1,613,p1,1261,4.08191e-05,10.0638,10
1,1595,p1,1033,5.03676e-05,19.903,20
1,1596,p1,1186,5.30667e-05,19.9359,20
1,1597,p1,1192,5.33004e-05,19.7869,20
1,1598,p1,1023,5.36676e-05,19.8215,20
1,614,p1,1382,4.12081e-05,10.0526,10
1,1599,p1,1159,5.21395e-05,19.8408,20
1,615,p1,1260,4.19851e-05,10.0014,10
1,1600,p1,1133,5.06036e-05,19.9852,20
1,1601,p1,1021,5.16524e-05,20.0983,20
1,1602,p1,1213,5.26524e-05,19.9373,20
1,1603,p1,1134,5.46654e-05,19.9343,20
1,1199,p1,132,5.803e-05,8.74932,50
1,1200,p1,129,5.8918e-05,8.61696,50
1,1201,p1,155,5.90466e-05,8.66903,50
1,1202,p1,93,5.49046e-05,8.33281,50
1,1203,p1,153,5.26129e-05,8.50075,50
1,1204,p1,130,5.00639e-05,8.8839,50
1,1205,p1,99,5.02107e-05,7.94765,50
1,1206,p1,117,5.00793e-05,8.04018,50
1,1207,p1,111,4.54488e-05,8.56205,50
1,1208,p1,185,4.58431e-05,8.34891,50
1,1209,p1,152,4.35622e-05,8.71215,50
1,1600,p1,143,8.86774e-05,-6.27291,100
1,1601,p1,158,9.05436e-05,-6.32121,100
1,1602,p1,174,8.08693e-05,-6.01001,100
1,1603,p1,102,8.28225e-05,-6.20975,100
1,1604,p1,158,9.2649e-05,-6.34172,100
1,1605,p1,145,9.49448e-05,-6.25244,100
1,1606,p1,149,8.6468e-05,-6.31799,100
1,1607,p1,228,9.10779e-05,-6.29499,100
1,1608,p1,150,8.0164e-05,-6.28841,100
1,1609,p1,82,9.42527e-05,-6.55586,100
1,1610,p1,124,9.26515e-05,-6.39086,100
1,1210,p1,87,4.35778e-05,9.01329,50
1,1211,p1,173,4.31785e-05,9.07339,50
1,1212,p1,152,4.63744e-05,8.87948,50
1,1213,p1,121,4.0333e-05,9.49036,50
1,1214,p1,98,4.13567e-05,9.75856,50
1,1215,p1,121,4.59784e-05,9.35588,50
1,1216,p1,122,4.44306e-05,9.87705,50
1,1217,p1,160,4.14416e-05,9.82074,50
1,1218,p1,106,4.32538e-05,9.98427,50
1,1219,p1,162,4.09191e-05,9.96349,50
1,1220,p1,158,3.70109e-05,10.2045,50
1,1221,p1,91,4.48007e-05,9.20981,50
1,1611,p1,162,8.86071e-05,-6.7159,100
1,1612,p1,150,9.09467e-05,-6.13606,100
1,1613,p1,168,9.22075e-05,-6.60244,100
1,1614,p1,118,9.41895e-05,-6.49151,100
1,1615,p1,96,9.71984e-05,-6.85942,100
1,1616,p1,155,9.3826e-05,-6.7357,100
1,1617,p1,152,9.29497e-05,-6.48209,100
1,1618,p1,117,9.7273e-05,-6.755,100
1,1619,p1,114,9.7737e-05,-6.99198,100
1,1620,p1,125,9.79008e-05,-6.46713,100
1,1621,p1,136,9.864e-05,-6.56001,100
1,1622,p1,107,9.72522e-05,-6.30005,100
1,1222,p1,161,3.94005e-05,9.78874,50
1,1223,p1,155,3.79746e-05,10.3969,50
1,1224,p1,180,4.2129e-05,9.84086,50
1,1225,p1,95,3.47457e-05,10.8464,50
1,1226,p1,194,3.76797e-05,10.6833,50
1,1227,p1,61,3.6548e-05,10.7289,50
1,1228,p1,93,3.6673e-05,11.0046,50
1,1229,p1,145,4.38942e-05,10.2189,50
1,1230,p1,116,3.8698e-05,10.6067,50
1,1231,p1,97,4.49166e-05,10.0437,50
1,1232,p1,122,4.42562e-05,10.226,50
1,1233,p1,195,4.3825e-05,10.0678,50
1,1234,p1,116,4.32521e-05,10.0755,50
1,1604,p1,1095,5.49389e-05,19.9379,20
1,1605,p1,1053,5.31749e-05,19.9471,20
1,1606,p1,1145,5.0127e-05,19.8648,20
1,1607,p1,1194,5.50078e-05,20.0179,20
1,1608,p1,977,5.52343e-05,19.9529,20
1,1235,p1,151,4.44099e-05,10.0764,50
1,1236,p1,127,4.31546e-05,10.3275,50
1,1237,p1,215,4.09809e-05,10.6677,50
1,1238,p1,120,4.80413e-05,10.1524,50
1,1239,p1,146,4.80991e-05,10.3038,50
1,1240,p1,98,4.48907e-05,10.4381,50
1,1241,p1,170,4.90965e-05,10.4234,50
1,1242,p1,133,4.65445e-05,10.4686,50
1,1243,p1,115,5.02011e-05,10.1521,50
1,1244,p1,127,4.84438e-05,10.1998,50
1,1245,p1,175,5.66439e-05,9.4925,50
1,1623,p1,142,9.66425e-05,-6.77749,100
1,1624,p1,137,9.61751e-05,-6.51233,100
1,1625,p1,170,9.39308e-05,-6.73076,100
1,1626,p1,121,9.4762e-05,-6.4341,100
1,1627,p1,123,8.08656e-05,-6.79716,100
1,1628,p1,92,8.69099e-05,-7.06327,100
1,1629,p1,135,9.45561e-05,-7.06448,100
1,1630,p1,161,9.77129e-05,-6.8825,100
1,1631,p1,130,9.36639e-05,-6.97739,100
1,1632,p1,102,9.87884e-05,-6.95259,100
1,1633,p1,166,9.03108e-05,-7.42277,100
1,1634,p1,139,9.14132e-05,-7.33408,100
1,1635,p1,151,8.64995e-05,-6.84864,100
1,1609,p1,1220,5.19834e-05,19.9089,20
1,1610,p1,1129,5.30166e-05,19.9459,20
1,1636,p1,149,8.87836e-05,-6.95798,100
1,1637,p1,129,9.51974e-05,-6.41567,100
1,1638,p1,138,0.000102195,-6.46697,100
1,1639,p1,179,9.48321e-05,-6.33562,100
1,1640,p1,93,9.48011e-05,-6.56921,100
1,1641,p1,117,8.85576e-05,-6.60665,100
1,1642,p1,143,9.42283e-05,-6.42541,100
1,1643,p1,95,9.24493e-05,-6.28989,100
1,1644,p1,152,9.60673e-05,-6.00645,100
1,1645,p1,162,0.000100387,-6.30871,100
1,1646,p1,124,8.66575e-05,-6.82273,100
1,1647,p1,103,9.22632e-05,-6.36411,100
1,1611,p1,970,5.41188e-05,19.9737,20
1,1246,p1,96,5.82199e-05,9.01212,50
1,1247,p1,164,5.82473e-05,9.21509,50
1,1248,p1,112,5.48011e-05,10.1674,50
1,1249,p1,118,5.42183e-05,10.4806,50
1,1648,p1,147,8.96414e-05,-6.13808,100
1,1649,p1,172,0.000100653,-6.47422,100
1,616,p1,1275,4.01405e-05,10.0359,10
1,1612,p1,1133,5.16265e-05,19.9849,20
1,1613,p1,1082,5.09648e-05,19.9526,20
1,617,p1,1449,4.01292e-05,10.0267,10
1,618,p1,1263,4.05372e-05,10.0192,10
1,619,p1,1420,3.97093e-05,10.0175,10
1,1614,p1,1172,5.33593e-05,19.954,20
1,1615,p1,1060,5.18147e-05,19.9165,20
1,1616,p1,1085,5.1253e-05,19.8907,20
1,1617,p1,1054,5.04452e-05,19.9777,20
1,1618,p1,1036,5.18865e-05,19.8873,20
1,1950,p1,112,4.35989e-05,7.85847,30
1,1951,p1,189,4.98294e-05,7.91115,30
1,1952,p1,179,4.23979e-05,8.32823,30
1,1953,p1,132,4.26036e-05,8.72254,30
1,1954,p1,122,4.11008e-05,8.35252,30
1,1955,p1,153,4.08683e-05,8.60576,30
1,1956,p1,117,4.25871e-05,8.67517,30
1,1957,p1,118,4.70203e-05,8.57265,30
1,1958,p1,131,4.53581e-05,8.61109,30
1,1959,p1,130,4.36583e-05,8.8277,30
1,1960,p1,161,4.16207e-05,8.90429,30
1,1961,p1,157,3.97369e-05,8.75668,30
1,1962,p1,120,3.97854e-05,8.53225,30
1,1963,p1,120,3.89021e-05,8.0783,30
1,1964,p1,181,4.0757e-05,7.73368,30
1,1965,p1,142,4.03082e-05,8.29232,30
1,1966,p1,114,3.74958e-05,8.31205,30
1,1967,p1,161,3.76972e-05,8.43057,30
1,1968,p1,125,4.04954e-05,7.98869,30
1,1969,p1,154,3.91124e-05,8.21168,30
1,1970,p1,125,3.74237e-05,8.39839,30
1,1971,p1,126,4.21312e-05,8.26542,30
1,620,p1,1158,3.93603e-05,10.0286,10
1,1619,p1,1091,4.94452e-05,19.9626,20
1,621,p1,1379,3.98366e-05,10.0361,10
1,1972,p1,150,4.08289e-05,8.31092,30
1,1973,p1,131,3.77571e-05,8.28421,30
1,1974,p1,110,4.0555e-05,8.31388,30
1,1975,p1,140,3.98306e-05,8.06758,30
1,1976,p1,118,4.16199e-05,7.82409,30
1,1977,p1,122,3.89385e-05,8.34112,30
1,1978,p1,177,3.88646e-05,7.94758,30
1,1979,p1,165,4.0685e-05,7.63047,30
1,1980,p1,118,4.14694e-05,8.02007,30
1,1981,p1,139,4.00241e-05,8.03948,30
1,1982,p1,112,4.24741e-05,7.74861,30
1,1983,p1,145,4.04226e-05,8.15257,30
1,622,p1,1282,3.88107e-05,10.0542,10
1,623,p1,1305,4.01355e-05,10.045,10
1,1620,p1,1148,4.96401e-05,19.8667,20
1,624,p1,1353,3.96459e-05,10.0608,10
1,625,p1,1261,4.01682e-05,10.0322,10
1,626,p1,1303,3.97621e-05,10.0559,10
1,1984,p1,115,4.15769e-05,8.29277,30
1,627,p1,1329,3.89455e-05,10.0376,10
1,1985,p1,115,4.32476e-05,8.38536,30
1,1986,p1,143,3.9531e-05,8.46934,30
1,1987,p1,158,3.93733e-05,8.56663,30
1,1988,p1,135,3.64686e-05,8.67245,30
1,1989,p1,128,3.72668e-05,8.79849,30
1,1990,p1,149,4.04943e-05,8.63156,30
1,1991,p1,112,3.21361e-05,9.19962,30
1,1992,p1,79,3.81493e-05,8.6169,30
1,1993,p1,125,3.25254e-05,8.9877,30
1,1994,p1,128,3.36209e-05,8.91996,30
1,1995,p1,99,3.34063e-05,9.07942,30
1,628,p1,1374,3.81993e-05,10.0324,10
1,1996,p1,142,3.03881e-05,9.20665,30
1,1997,p1,135,3.14768e-05,9.20995,30
1,1621,p1,1121,4.86967e-05,19.8966,20
1,1622,p1,1101,4.64132e-05,19.953,20
1,1998,p1,116,2.87504e-05,9.40239,30
1,1999,p1,147,3.09008e-05,9.30994,30
1,1623,p1,1258,4.60265e-05,19.8667,20
1,1624,p1,1234,4.79671e-05,19.9272,20
1,1625,p1,1023,4.49803e-05,19.9654,20
1,629,p1,1266,3.89667e-05,10.025,10
1,1626,p1,1237,4.24698e-05,20.0417,20
1,630,p1,1352,3.9232e-05,10.0323,10
1,631,p1,1320,3.88403e-05,10.0296,10
1,1627,p1,1166,4.42658e-05,19.9156,20
1,1628,p1,1103,4.50838e-05,19.9149,20
1,1629,p1,1211,4.58363e-05,20.0062,20
1,632,p1,1360,3.97777e-05,10.046,10
1,633,p1,1283,3.88626e-05,10.0329,10
1,1650,p1,124,0.000101956,-7.50055,100
1,1651,p1,90,9.37735e-05,-7.31158,100
1,1652,p1,140,9.41959e-05,-7.22626,100
1,1653,p1,139,9.38683e-05,-6.91216,100
1,1654,p1,133,9.46218e-05,-7.05929,100
1,1655,p1,146,8.69291e-05,-6.4559,100
1,1656,p1,118,8.98391e-05,-5.98224,100
1,1657,p1,85,9.36332e-05,-6.29151,100
1,1658,p1,182,8.82748e-05,-6.56399,100
1,1659,p1,137,7.63243e-05,-5.4895,100
1,1660,p1,146,7.91572e-05,-6.39888,100
1,1661,p1,138,8.03369e-05,-6.41048,100
1,1662,p1,96,9.07579e-05,-6.5615,100
1,1250,p1,146,5.87582e-05,10.1535,50
1,1251,p1,128,5.83664e-05,9.48815,50
1,1252,p1,147,5.70936e-05,9.90861,50
1,1253,p1,136,5.51152e-05,10.4726,50
1,1254,p1,149,5.57459e-05,10.0124,50
1,1255,p1,176,5.76359e-05,9.34266,50
1,1256,p1,129,5.89703e-05,9.34542,50
1,1257,p1,127,5.8529e-05,9.84084,50
1,1258,p1,110,6.19492e-05,8.90055,50
1,1259,p1,154,6.07044e-05,8.45376,50
1,1260,p1,151,6.06022e-05,8.9344,50
1,1261,p1,132,5.21436e-05,9.44294,50
1,1262,p1,163,5.22874e-05,9.78424,50
1,1263,p1,149,5.11141e-05,9.55225,50
1,1264,p1,144,5.02286e-05,10.1044,50
1,1265,p1,140,4.31855e-05,11.043,50
1,1266,p1,152,4.33663e-05,11.5875,50
1,1267,p1,144,4.72039e-05,11.0193,50
1,1268,p1,107,5.4534e-05,11.079,50
1,1269,p1,149,5.03317e-05,11.5994,50
1,1270,p1,155,4.95988e-05,11.7489,50
1,1271,p1,122,4.51586e-05,12.0885,50
1,1272,p1,152,4.9987e-05,11.6977,50
1,1273,p1,166,5.16454e-05,11.9217,50
1,1274,p1,154,5.52469e-05,11.4288,50
1,1275,p1,117,5.278e-05,11.7937,50
1,1276,p1,154,5.46601e-05,11.5006,50
1,1277,p1,148,5.64381e-05,12.1026,50
1,1630,p1,1059,4.50137e-05,19.8964,20
1,1278,p1,139,5.65737e-05,12.4191,50
1,1279,p1,109,4.99781e-05,12.928,50
1,1280,p1,120,4.70403e-05,12.4988,50
1,1281,p1,116,5.12303e-05,11.8036,50
1,1282,p1,166,4.85119e-05,12.8608,50
1,1283,p1,141,5.34342e-05,11.8906,50
1,1284,p1,69,6.12298e-05,11.4894,50
1,1285,p1,87,6.09123e-05,11.317,50
1,1286,p1,161,5.95459e-05,11.6093,50
1,1287,p1,147,6.47985e-05,11.192,50
1,1288,p1,143,6.62573e-05,10.7741,50
1,1289,p1,140,6.78934e-05,10.7197,50
1,1290,p1,133,6.83631e-05,9.66963,50
1,1663,p1,134,9.84153e-05,-6.96174,100
1,1664,p1,145,9.57422e-05,-7.1507,100
1,1665,p1,153,9.78991e-05,-6.93767,100
1,1666,p1,133,8.52612e-05,-7.43847,100
1,1667,p1,142,8.51282e-05,-6.49257,100
1,1668,p1,119,9.36911e-05,-6.95595,100
1,1669,p1,146,9.10194e-05,-7.52072,100
1,1670,p1,170,9.46268e-05,-7.06585,100
1,1671,p1,109,9.06355e-05,-7.28474,100
1,1672,p1,141,9.09303e-05,-7.3089,100
1,1673,p1,175,8.07825e-05,-6.11214,100
1,2000,p1,129,2.47374e-05,9.52203,30
1,2001,p1,146,2.36702e-05,9.54733,30
1,1631,p1,1132,4.63141e-05,19.9283,20
1,2002,p1,136,2.42636e-05,9.50656,30
1,2003,p1,129,2.68509e-05,9.36547,30
1,2004,p1,95,2.72654e-05,9.35701,30
1,2005,p1,161,2.46385e-05,9.40949,30
1,2006,p1,87,2.26516e-05,9.77321,30
1,2007,p1,119,2.7915e-05,9.42858,30
1,2008,p1,131,2.45501e-05,9.75131,30
1,2009,p1,143,2.16981e-05,9.66303,30
1,2010,p1,121,2.39079e-05,9.8742,30
1,2011,p1,134,2.25546e-05,9.71217,30
1,1632,p1,1083,4.29454e-05,19.9375,20
1,2012,p1,123,2.39837e-05,9.62089,30
1,1674,p1,114,7.64916e-05,-6.27092,100
1,1675,p1,144,7.64205e-05,-6.69632,100
1,1676,p1,123,8.143e-05,-5.93553,100
1,1677,p1,155,6.69707e-05,-6.65615,100
1,1678,p1,124,7.19804e-05,-7.64262,100
1,1679,p1,119,8.02267e-05,-7.03932,100
1,1680,p1,140,7.36013e-05,-6.70637,100
1,1681,p1,140,8.11497e-05,-6.69491,100
1,1682,p1,81,8.67269e-05,-6.42479,100
1,1683,p1,136,7.84326e-05,-6.51234,100
1,1684,p1,143,8.63817e-05,-6.87899,100
1,1685,p1,124,7.38401e-05,-6.74659,100
1,2013,p1,135,2.47748e-05,9.71015,30
1,2014,p1,155,2.62389e-05,9.5701,30
1,2015,p1,91,2.3723e-05,9.63309,30
1,2016,p1,116,2.27623e-05,9.68229,30
1,2017,p1,201,2.75334e-05,9.40405,30
1,2018,p1,106,3.39743e-05,9.14611,30
1,2019,p1,138,3.45069e-05,9.08096,30
1,2020,p1,183,3.13579e-05,9.14794,30
1,2021,p1,139,3.06532e-05,9.33919,30
1,2022,p1,123,3.03239e-05,9.6205,30
1,2023,p1,90,2.92333e-05,9.60841,30
1,1633,p1,1196,4.76877e-05,19.9227,20
1,1634,p1,1078,4.43736e-05,20.0434,20
1,634,p1,1398,3.77568e-05,10.0152,10
1,635,p1,1318,3.90394e-05,10.0462,10
1,1291,p1,172,7.02253e-05,9.47194,50
1,1292,p1,142,6.87153e-05,9.87809,50
1,1293,p1,117,6.56056e-05,9.91868,50
1,1294,p1,159,6.22873e-05,10.0121,50
1,1295,p1,129,6.58948e-05,10.262,50
1,1296,p1,158,6.28325e-05,10.0168,50
1,1297,p1,135,6.34096e-05,10.0238,50
1,1298,p1,129,6.93874e-05,10.4705,50
1,1299,p1,170,6.70367e-05,10.8655,50
1,1686,p1,137,7.86672e-05,-5.88723,100
1,1687,p1,138,8.99139e-05,-5.88261,100
1,1688,p1,132,8.16274e-05,-5.88862,100
1,1689,p1,141,7.66498e-05,-5.90642,100
1,1690,p1,114,6.52712e-05,-6.92954,100
1,1691,p1,170,6.60488e-05,-6.97672,100
1,1692,p1,140,8.22046e-05,-6.33487,100
1,1693,p1,136,8.27592e-05,-7.68957,100
1,1694,p1,103,9.45051e-05,-7.56775,100
1,1695,p1,161,9.07666e-05,-6.99144,100
1,1696,p1,130,8.83101e-05,-6.99152,100
1,1697,p1,123,8.74013e-05,-7.24254,100
1,2024,p1,147,3.44912e-05,9.38281,30
1,2025,p1,202,3.02367e-05,9.73988,30
1,2026,p1,114,3.65924e-05,9.15768,30
1,2027,p1,116,3.90331e-05,9.28966,30
1,2028,p1,121,3.51305e-05,9.38497,30
1,2029,p1,161,3.28882e-05,9.76678,30
1,2030,p1,105,3.57728e-05,9.50737,30
1,2031,p1,122,3.73243e-05,9.33551,30
1,2032,p1,109,3.1685e-05,9.82184,30
1,2033,p1,129,3.31458e-05,9.53007,30
1,2034,p1,117,3.56399e-05,9.57315,30
1,2035,p1,116,3.2824e-05,9.63458,30
1,2036,p1,168,3.31115e-05,9.52656,30
1,2037,p1,131,3.13035e-05,10.1281,30
1,2038,p1,130,3.00325e-05,10.1583,30
1,1635,p1,1087,4.4891e-05,20.0016,20
1,1636,p1,1133,4.47268e-05,19.9864,20
1,1698,p1,169,9.21759e-05,-7.50707,100
1,1699,p1,168,8.89006e-05,-6.71005,100
1,1700,p1,105,9.65311e-05,-6.54075,100
1,1701,p1,105,8.98771e-05,-5.97587,100
1,1702,p1,181,7.45316e-05,-5.82996,100
1,1703,p1,93,9.31611e-05,-5.7603,100
1,1704,p1,148,9.04926e-05,-5.65391,100
1,1705,p1,172,9.3462e-05,-5.76116,100
1,1637,p1,1172,4.0845e-05,20.0975,20
1,1706,p1,121,9.69797e-05,-6.30978,100
1,1707,p1,131,9.90595e-05,-5.84519,100
1,1708,p1,106,8.57222e-05,-6.3796,100
1,1709,p1,133,8.75742e-05,-6.38547,100
1,1710,p1,183,9.13028e-05,-7.34704,100
1,1711,p1,146,9.76947e-05,-7.8808,100
1,1712,p1,101,9.82477e-05,-7.32819,100
1,1638,p1,1126,3.87664e-05,20.0483,20
1,1713,p1,144,0.000102638,-7.4153,100
1,1714,p1,141,0.000100927,-7.35342,100
1,1715,p1,179,0.00010091,-7.93634,100
1,2039,p1,137,2.86717e-05,10.2948,30
1,2040,p1,102,2.75644e-05,10.3568,30
1,2041,p1,158,2.94196e-05,10.3871,30
1,2042,p1,143,2.93239e-05,10.4773,30
1,2043,p1,140,3.30247e-05,10.149,30
1,2044,p1,135,3.44543e-05,9.73426,30
1,2045,p1,141,3.18835e-05,10.3302,30
1,2046,p1,103,3.5476e-05,10.5379,30
1,2047,p1,164,3.837e-05,10.4272,30
1,2048,p1,139,3.64564e-05,10.1966,30
1,2049,p1,140,3.41278e-05,10.7298,30
1,636,p1,1241,3.85918e-05,10.0485,10
1,637,p1,1413,3.89028e-05,10.0495,10
1,1716,p1,108,0.000110519,-7.4822,100
1,1717,p1,85,0.000110183,-7.90972,100
1,1718,p1,148,0.000102747,-6.41519,100
1,1719,p1,138,0.000105911,-7.41619,100
1,1720,p1,146,0.00010906,-6.65293,100
1,1721,p1,193,0.000103448,-5.46707,100
1,1722,p1,108,0.000110364,-6.24725,100
1,1723,p1,115,0.000113064,-6.73965,100
1,1724,p1,133,0.000116351,-6.93829,100
1,1725,p1,190,0.000113069,-6.08527,100
1,1726,p1,105,0.000113249,-5.86085,100
1,638,p1,1306,4.04793e-05,10.0359,10
1,1727,p1,143,0.000117777,-6.37866,100
1,1728,p1,129,0.000113271,-5.71111,100
1,1729,p1,145,0.000111874,-5.16997,100
1,1730,p1,177,0.000110414,-5.4339,100
1,1639,p1,1213,3.90526e-05,19.9713,20
1,1731,p1,104,0.000109793,-5.57632,100
1,1732,p1,126,0.000109082,-5.32907,100
1,639,p1,1281,3.75103e-05,10.0268,10
1,1733,p1,133,0.00011129,-5.76491,100
1,1734,p1,129,0.000103802,-5.28611,100
1,1735,p1,142,0.00010877,-4.97767,100
1,1736,p1,126,0.000111407,-6.06691,100
1,1737,p1,122,0.000115794,-6.04523,100
1,1738,p1,136,0.000110858,-5.5916,100
1,1739,p1,163,0.000110023,-5.40871,100
1,1740,p1,151,0.000111878,-5.82668,100
1,1741,p1,121,0.000113806,-5.78183,100
1,1742,p1,167,0.000116617,-6.52655,100
1,1743,p1,150,0.000111478,-5.7679,100
1,1744,p1,125,0.000112272,-5.87854,100
1,1745,p1,125,0.000116247,-7.24214,100
1,640,p1,1405,3.86085e-05,10.0374,10
1,1746,p1,159,0.000117238,-6.94419,100
1,1747,p1,103,0.000115344,-6.17409,100
1,1748,p1,130,0.000112245,-5.31581,100
1,1749,p1,109,0.000108833,-5.11274,100
1,1750,p1,119,0.00011482,-5.40796,100
1,1751,p1,121,0.000111561,-4.98205,100
1,1752,p1,152,0.000112958,-4.85515,100
1,641,p1,1286,3.90975e-05,10.0493,10
1,1753,p1,143,0.000113561,-5.18029,100
1,1754,p1,131,0.000114899,-5.52769,100
1,1755,p1,114,0.000116679,-5.4317,100
1,1756,p1,140,0.000119313,-5.84844,100
1,1757,p1,179,0.000119923,-5.30492,100
1,1758,p1,123,0.000115716,-6.08431,100
1,1759,p1,128,0.000113955,-5.86453,100
1,1760,p1,197,0.000112024,-6.29972,100
1,1761,p1,99,0.000115959,-5.90563,100
1,1762,p1,134,0.000114906,-6.04827,100
1,1763,p1,192,0.000116653,-6.91598,100
1,1764,p1,112,0.00011077,-5.71858,100
1,1765,p1,124,0.000110227,-5.84887,100
1,1766,p1,161,9.97099e-05,-5.20327,100
1,1767,p1,199,9.47231e-05,-4.48524,100
1,1768,p1,103,0.000106828,-4.80902,100
1,1769,p1,140,0.000102704,-5.04825,100
1,1770,p1,150,0.000101008,-5.16722,100
1,1771,p1,147,0.00011085,-5.03837,100
1,1772,p1,144,0.000105584,-4.46204,100
1,1640,p1,1076,4.10957e-05,19.9786,20
1,1641,p1,1132,4.19515e-05,19.9897,20
1,1642,p1,1122,3.97742e-05,20.0326,20
1,1300,p1,115,6.55766e-05,10.6313,50
1,1301,p1,127,6.57843e-05,10.2557,50
1,1302,p1,131,7.0162e-05,10.43,50
1,1303,p1,151,7.11401e-05,10.0578,50
1,1304,p1,142,7.25456e-05,10.183,50
1,1305,p1,113,6.8958e-05,10.6018,50
1,1306,p1,136,6.76414e-05,9.55012,50
1,1307,p1,122,7.0471e-05,9.7715,50
1,1308,p1,107,6.53996e-05,10.5027,50
1,1309,p1,169,6.25594e-05,10.4809,50
1,1310,p1,123,6.08884e-05,10.3277,50
1,1311,p1,139,6.63193e-05,10.1144,50
1,1312,p1,166,6.54872e-05,9.74391,50
1,1313,p1,144,6.58635e-05,10.5247,50
1,1314,p1,107,6.52026e-05,11.5078,50
1,1315,p1,156,6.91089e-05,11.0047,50
1,1316,p1,154,6.17615e-05,9.97652,50
1,1317,p1,109,6.68513e-05,11.4731,50
1,1773,p1,159,0.000113865,-4.66347,100
1,1774,p1,135,0.000117074,-4.88658,100
1,1775,p1,104,0.000116408,-5.1701,100
1,1643,p1,1051,4.07811e-05,19.953,20
1,1776,p1,175,0.000114591,-5.18353,100
1,1777,p1,128,0.000112184,-5.46466,100
1,1778,p1,138,0.000114055,-5.04507,100
1,1779,p1,144,0.000120279,-5.21803,100
1,1780,p1,111,0.000120899,-5.18164,100
1,1781,p1,160,0.00012211,-5.26984,100
1,1782,p1,108,0.000120162,-5.13666,100
1,1783,p1,131,0.000124655,-5.02165,100
1,1784,p1,158,0.000121744,-5.24698,100
1,1318,p1,114,6.72261e-05,10.952,50
1,1785,p1,164,0.000122754,-5.57889,100
1,1319,p1,188,6.29128e-05,10.5476,50
1,1320,p1,122,6.15305e-05,10.9092,50
1,1321,p1,121,6.2826e-05,11.1824,50
1,1322,p1,148,6.37591e-05,11.1429,50
1,1323,p1,129,6.50144e-05,10.549,50
1,1324,p1,134,6.26852e-05,10.1941,50
1,1325,p1,138,6.21912e-05,10.6478,50
1,1326,p1,127,6.46277e-05,10.9734,50
1,1327,p1,135,6.61602e-05,10.8965,50
1,1328,p1,158,7.18889e-05,11.1707,50
1,1329,p1,141,6.94517e-05,11.2405,50
1,1330,p1,100,7.242e-05,10.8027,50
1,1331,p1,190,7.2609e-05,10.7779,50
1,1332,p1,155,7.0021e-05,10.4516,50
1,1333,p1,100,7.21975e-05,10.4129,50
1,1334,p1,167,7.05032e-05,10.54,50
1,1335,p1,118,7.19621e-05,10.4971,50
1,1336,p1,116,6.91279e-05,10.8677,50
1,1337,p1,140,7.07497e-05,11.0846,50
1,1338,p1,160,7.26449e-05,11.5227,50
1,1339,p1,165,7.40375e-05,11.3971,50
1,1340,p1,148,7.20499e-05,11.2747,50
1,1341,p1,135,7.04949e-05,11.2171,50
1,1342,p1,146,7.37108e-05,11.5028,50
1,1343,p1,80,7.63414e-05,11.5514,50
1,1344,p1,127,7.18975e-05,11.6261,50
1,1345,p1,183,7.32558e-05,11.8178,50
1,1346,p1,101,7.13734e-05,10.941,50
1,1347,p1,132,6.94307e-05,11.2843,50
1,1348,p1,135,7.20818e-05,10.9542,50
1,1349,p1,118,6.92506e-05,11.4143,50
1,642,p1,1353,3.8769e-05,10.0569,10
1,643,p1,1342,4.00492e-05,10.0629,10
1,1786,p1,154,0.000127254,-5.50315,100
1,1787,p1,115,0.000128003,-5.72838,100
1,1788,p1,130,0.000127738,-5.6397,100
1,1789,p1,132,0.000124293,-5.69696,100
1,1790,p1,105,0.000129841,-5.80884,100
1,1791,p1,174,0.000127226,-5.70893,100
1,1792,p1,138,0.000128019,-5.77702,100
1,1793,p1,128,0.00012799,-5.67814,100
1,1794,p1,119,0.000122634,-5.74935,100
1,1795,p1,125,0.000130832,-5.81476,100
1,1796,p1,154,0.000133167,-6.03407,100
1,1797,p1,144,0.00013076,-5.70756,100
1,1644,p1,1094,4.10585e-05,20.103,20
1,1798,p1,138,0.000131523,-5.78091,100
1,1799,p1,89,0.00012702,-5.66644,100
1,644,p1,1165,3.90998e-05,10.0501,10
1,1645,p1,1165,4.18516e-05,19.9199,20
1,1646,p1,1113,4.24663e-05,19.9375,20
1,1647,p1,1175,4.38428e-05,20.0634,20
1,1648,p1,1119,4.68237e-05,19.9925,20
1,1649,p1,1099,4.72841e-05,19.9406,20
1,645,p1,1347,3.89285e-05,10.0617,10
1,1650,p1,1058,4.67843e-05,19.9427,20
1,646,p1,1393,3.99362e-05,10.035,10
1,647,p1,1231,4.08098e-05,10.0368,10
1,1651,p1,1087,4.61066e-05,20.0514,20
1,648,p1,1304,4.06292e-05,10.0326,10
1,1652,p1,1045,4.8672e-05,19.8311,20
1,1653,p1,1190,5.12764e-05,20.0037,20
1,1654,p1,959,4.97783e-05,19.9753,20
1,649,p1,1429,4.04839e-05,10.0496,10
1,1655,p1,1058,4.93871e-05,19.971,20
1,1800,p1,125,0.000131844,-5.83433,100
1,1801,p1,144,0.000131112,-5.75197,100
1,1802,p1,175,0.000129525,-5.93339,100
1,1803,p1,118,0.00011874,-5.67383,100
1,1804,p1,125,0.000126588,-5.72438,100
1,1805,p1,154,0.000120364,-5.66845,100
1,1806,p1,146,0.000121568,-5.43353,100
1,1807,p1,120,0.000117537,-5.60558,100
1,1808,p1,123,0.000104965,-5.61396,100
1,1809,p1,144,0.000106996,-5.57824,100
1,1810,p1,116,8.79667e-05,-5.58354,100
1,1811,p1,143,6.26828e-05,-5.69809,100
1,1812,p1,167,5.7996e-05,-5.64854,100
1,1813,p1,167,5.7124e-05,-5.64724,100
1,1814,p1,132,6.04741e-05,-5.67044,100
1,1815,p1,138,5.78082e-05,-5.56665,100
1,1816,p1,140,5.66462e-05,-5.64857,100
1,1817,p1,145,5.69006e-05,-5.65342,100
1,1818,p1,157,5.94687e-05,-5.6203,100
1,1819,p1,143,8.86652e-05,-5.26157,100
1,2050,p1,115,3.08764e-05,10.6394,30
1,2051,p1,166,3.4411e-05,10.5938,30
1,1820,p1,119,6.36283e-05,-5.62992,100
1,2052,p1,132,3.82725e-05,10.3924,30
1,2053,p1,161,3.58171e-05,10.247,30
1,1821,p1,168,6.0622e-05,-5.72085,100
1,2054,p1,127,4.22177e-05,10.2841,30
1,1822,p1,144,6.53631e-05,-5.52108,100
1,2055,p1,128,4.23428e-05,10.5464,30
1,1823,p1,148,7.3824e-05,-5.52925,100
1,2056,p1,158,4.21152e-05,10.5015,30
1,1824,p1,134,9.60487e-05,-5.36052,100
1,1825,p1,131,8.67921e-05,-5.28703,100
1,1826,p1,140,7.77191e-05,-5.22643,100
1,1827,p1,110,7.73087e-05,-5.29223,100
1,1828,p1,120,9.57639e-05,-5.13145,100
1,1829,p1,160,0.000100433,-4.96635,100
1,1830,p1,122,7.80906e-05,-5.2091,100
1,1831,p1,163,0.000102791,-4.95315,100
1,1832,p1,118,0.00010492,-5.2365,100
1,1833,p1,133,7.28571e-05,-5.27885,100
1,1656,p1,1075,4.98571e-05,20.0122,20
1,1834,p1,137,6.34733e-05,-5.25486,100
1,1835,p1,139,5.53331e-05,-5.30211,100
1,1836,p1,160,7.18596e-05,-5.45689,100
1,1837,p1,134,8.42574e-05,-5.64474,100
1,1838,p1,124,6.81878e-05,-5.49353,100
1,1839,p1,187,5.31359e-05,-5.50749,100
1,1840,p1,135,4.52988e-05,-5.33946,100
1,1657,p1,1120,4.94231e-05,19.9516,20
1,1658,p1,1060,5.52682e-05,19.9906,20
1,2057,p1,147,4.05063e-05,9.87604,30
1,2058,p1,138,3.98829e-05,10.0465,30
1,2059,p1,122,4.02627e-05,10.2098,30
1,2060,p1,127,3.9615e-05,10.0326,30
1,2061,p1,198,3.75999e-05,10.1285,30
1,2062,p1,114,3.91097e-05,10.401,30
1,2063,p1,137,3.87724e-05,10.4813,30
1,2064,p1,154,4.27089e-05,10.2967,30
1,2065,p1,138,4.26202e-05,10.0998,30
1,2066,p1,117,4.03346e-05,10.2333,30
1,1841,p1,137,3.80468e-05,-5.53052,100
1,2067,p1,164,3.90809e-05,10.3505,30
1,1842,p1,140,3.03064e-05,-5.60056,100
1,2068,p1,96,4.14448e-05,10.4958,30
1,2069,p1,164,4.22325e-05,10.3878,30
1,1843,p1,135,3.669e-05,-5.63621,100
1,1844,p1,164,4.34851e-05,-5.46498,100
1,1845,p1,113,3.61136e-05,-4.91044,100
1,1846,p1,175,3.86085e-05,-4.85678,100
1,1847,p1,163,5.68412e-05,-5.11611,100
1,1848,p1,91,5.23542e-05,-4.9633,100
1,1849,p1,136,5.08678e-05,-4.92349,100
1,2070,p1,167,4.08925e-05,10.3031,30
1,1350,p1,161,7.09701e-05,11.3217,50
1,1351,p1,127,7.00443e-05,10.4767,50
1,1352,p1,138,6.63679e-05,10.9902,50
1,1353,p1,95,6.39429e-05,11.208,50
1,1354,p1,169,6.87336e-05,10.4615,50
1,1355,p1,162,6.68267e-05,10.8104,50
1,1356,p1,153,6.88857e-05,10.722,50
1,1357,p1,143,6.95144e-05,11.1933,50
1,1358,p1,122,7.01874e-05,10.5964,50
1,1359,p1,166,7.40198e-05,10.46,50
1,1360,p1,161,6.75788e-05,11.3366,50
1,1361,p1,143,6.81041e-05,10.7119,50
1,1362,p1,110,6.26281e-05,10.9524,50
1,1363,p1,106,6.82463e-05,11.134,50
1,650,p1,1239,4.0591e-05,10.0394,10
1,2071,p1,100,3.99565e-05,10.1959,30
1,2072,p1,148,4.30782e-05,10.1297,30
1,2073,p1,188,3.91416e-05,10.1236,30
1,2074,p1,131,4.13149e-05,10.3177,30
1,2075,p1,122,4.00128e-05,10.4263,30
1,2076,p1,141,4.27622e-05,10.3201,30
1,2077,p1,154,4.02536e-05,10.2585,30
1,2078,p1,151,3.78858e-05,10.3523,30
1,651,p1,1313,4.15057e-05,10.0309,10
1,2079,p1,148,3.86792e-05,10.3633,30
1,2080,p1,152,3.6746e-05,10.3961,30
1,1364,p1,155,7.03288e-05,10.9796,50
1,1365,p1,142,6.73552e-05,11.2339,50
1,1366,p1,133,6.55888e-05,11.0958,50
1,1367,p1,158,6.95349e-05,11.0149,50
1,1368,p1,120,6.59993e-05,10.9825,50
1,1369,p1,140,6.35569e-05,10.9774,50
1,1370,p1,139,6.14642e-05,10.9251,50
1,1371,p1,126,5.79696e-05,10.9627,50
1,1372,p1,178,5.97862e-05,11.3038,50
1,1373,p1,109,6.08429e-05,10.6739,50
1,1374,p1,155,5.82839e-05,11.1586,50
1,1375,p1,152,6.10743e-05,10.935,50
1,1376,p1,114,6.29786e-05,10.613,50
1,1377,p1,127,6.54414e-05,10.5623,50
1,1378,p1,157,6.42992e-05,10.2904,50
1,1379,p1,165,5.98738e-05,10.6574,50
1,1380,p1,103,5.41088e-05,11.4256,50
1,1381,p1,137,5.48133e-05,11.0729,50
1,1382,p1,143,5.39454e-05,11.2435,50
1,1383,p1,87,5.67096e-05,11.7009,50
1,1384,p1,105,6.40045e-05,11.246,50
1,1385,p1,185,6.45519e-05,11.2783,50
1,1386,p1,114,6.61454e-05,11.3841,50
1,1387,p1,133,6.43931e-05,10.9609,50
1,1388,p1,147,6.73176e-05,10.746,50
1,1389,p1,127,6.80876e-05,9.96093,50
1,652,p1,1481,4.22494e-05,10.0322,10
1,2081,p1,140,3.88679e-05,10.3943,30
1,2082,p1,157,3.86523e-05,10.43,30
1,2083,p1,118,4.08493e-05,10.205,30
1,2084,p1,116,3.8559e-05,10.3805,30
1,2085,p1,123,4.03252e-05,10.4151,30
1,2086,p1,171,4.28638e-05,10.0314,30
1,2087,p1,144,4.06354e-05,10.6284,30
1,2088,p1,159,3.76435e-05,10.5095,30
1,2089,p1,105,3.67379e-05,10.3038,30
1,2090,p1,115,3.77096e-05,10.387,30
1,2091,p1,166,3.94208e-05,10.3125,30
1,2092,p1,147,3.94778e-05,10.4904,30
1,2093,p1,143,3.89349e-05,10.414,30
1,653,p1,1164,4.19032e-05,10.041,10
1,2094,p1,173,3.95828e-05,10.3273,30
1,2095,p1,127,3.88623e-05,10.6572,30
1,2096,p1,149,4.03205e-05,10.43,30
1,2097,p1,105,3.60857e-05,10.5933,30
1,2098,p1,153,3.73081e-05,10.5347,30
1,2099,p1,137,3.93569e-05,10.6971,30
1,1390,p1,129,6.88141e-05,10.13,50
1,1391,p1,181,6.74286e-05,10.6262,50
1,1392,p1,106,6.95848e-05,10.7821,50
1,1393,p1,151,7.15368e-05,10.1991,50
1,1394,p1,188,7.12641e-05,10.4837,50
1,1395,p1,141,7.04127e-05,11.0378,50
1,1396,p1,190,7.07e-05,10.8412,50
1,1397,p1,140,6.95e-05,11.3006,50
1,1398,p1,120,6.64358e-05,12.2206,50
1,1399,p1,134,6.6906e-05,11.9454,50
1,1400,p1,161,6.72011e-05,11.9872,50
1,1401,p1,126,6.87969e-05,11.4957,50
1,1402,p1,118,6.90391e-05,11.5627,50
1,1403,p1,170,6.94272e-05,11.9625,50
1,1404,p1,95,6.88698e-05,11.8286,50
1,1405,p1,119,6.97779e-05,11.8784,50
1,1406,p1,147,7.16727e-05,11.727,50
1,1407,p1,135,7.13652e-05,11.6593,50
1,1408,p1,126,7.33242e-05,11.3679,50
1,1409,p1,104,7.14737e-05,11.5421,50
1,1410,p1,125,7.2239e-05,11.8499,50
1,1411,p1,180,7.23199e-05,11.4995,50
1,1412,p1,131,7.35721e-05,11.2579,50
1,1413,p1,99,7.14218e-05,11.0938,50
1,1414,p1,116,7.17654e-05,11.4435,50
1,1415,p1,130,7.29627e-05,11.3024,50
1,1416,p1,161,7.24536e-05,11.2629,50
1,1417,p1,112,6.68168e-05,12.0282,50
1,1418,p1,107,6.57961e-05,11.9649,50
1,654,p1,1261,4.20251e-05,10.0467,10
1,655,p1,1385,4.21559e-05,10.0342,10
1,1419,p1,182,6.73377e-05,11.8709,50
1,1420,p1,152,6.8645e-05,11.5557,50
1,1421,p1,80,6.80547e-05,11.5292,50
1,1422,p1,135,6.82694e-05,11.9697,50
1,1423,p1,153,7.08552e-05,11.2524,50
1,1424,p1,139,6.76212e-05,11.0162,50
1,1425,p1,118,7.24756e-05,10.6809,50
1,1426,p1,143,7.32268e-05,10.6811,50
1,1427,p1,124,7.23953e-05,10.7324,50
1,1428,p1,154,7.62093e-05,10.6773,50
1,1429,p1,127,6.85405e-05,10.6663,50
1,1430,p1,103,6.64926e-05,10.5924,50
1,1431,p1,142,7.0889e-05,10.9426,50
1,1432,p1,121,6.51066e-05,10.4567,50
1,1433,p1,165,6.77888e-05,11.2019,50
1,1434,p1,100,6.51175e-05,10.5357,50
1,1435,p1,175,6.60204e-05,10.8409,50
1,1436,p1,128,6.68124e-05,11.1842,50
1,1437,p1,101,6.22243e-05,12.0719,50
1,1438,p1,91,6.87924e-05,12.0728,50
1,1439,p1,167,6.51936e-05,12.0384,50
1,1440,p1,163,5.91046e-05,12.8754,50
1,1441,p1,126,5.77784e-05,12.7912,50
1,1442,p1,88,5.47282e-05,13.3078,50
1,1443,p1,127,6.02802e-05,13.1508,50
1,1444,p1,133,6.23274e-05,12.4924,50
1,1445,p1,141,6.23118e-05,12.0823,50
1,1446,p1,137,6.65944e-05,12.2379,50
1,1447,p1,100,6.62165e-05,11.767,50
1,1448,p1,152,6.22645e-05,11.7831,50
1,1449,p1,169,6.01057e-05,12.7003,50
1,1450,p1,86,5.97593e-05,12.384,50
1,1451,p1,92,5.73169e-05,12.2804,50
1,1452,p1,173,6.16984e-05,12.1388,50
1,1453,p1,150,5.78996e-05,12.067,50
1,1454,p1,125,5.11754e-05,11.2786,50
1,1455,p1,110,4.97636e-05,10.9444,50
1,1456,p1,159,5.01574e-05,11.3414,50
1,1457,p1,137,5.07803e-05,12.1026,50
1,1458,p1,78,5.25567e-05,12.4563,50
1,1659,p1,1075,5.28072e-05,20.013,20
1,1459,p1,133,5.76938e-05,12.8283,50
1,1460,p1,141,5.79448e-05,12.531,50
1,1461,p1,127,6.34097e-05,12.6407,50
1,1462,p1,107,6.72854e-05,13.3687,50
1,1463,p1,141,6.69139e-05,13.9259,50
1,1464,p1,146,6.34533e-05,12.8381,50
1,1465,p1,134,6.30664e-05,12.2114,50
1,1466,p1,111,7.07126e-05,13.3509,50
1,1467,p1,138,7.42145e-05,14.0343,50
1,1660,p1,1180,5.35907e-05,19.9492,20
1,1468,p1,188,7.19831e-05,14.3547,50
1,1469,p1,145,6.96045e-05,13.7949,50
1,1470,p1,160,7.52275e-05,14.4695,50
1,1471,p1,146,7.59089e-05,13.9578,50
1,1472,p1,132,7.09407e-05,13.6283,50
1,1473,p1,135,7.19671e-05,14.3622,50
1,1474,p1,156,7.30673e-05,14.7659,50
1,1475,p1,124,7.31013e-05,13.5658,50
1,1476,p1,147,7.21778e-05,13.2754,50
1,1477,p1,112,7.35088e-05,13.7974,50
1,1478,p1,136,7.49716e-05,14.6682,50
1,1479,p1,165,7.87552e-05,14.6219,50
1,1480,p1,122,7.41713e-05,13.8116,50
1,1481,p1,109,7.55951e-05,13.7888,50
1,1482,p1,128,7.92798e-05,14.13,50
1,1483,p1,140,7.34753e-05,14.1185,50
1,1484,p1,135,7.34069e-05,14.03,50
1,1485,p1,131,7.58356e-05,14.013,50
1,1486,p1,186,7.56225e-05,14.1327,50
1,1487,p1,102,7.30277e-05,13.5123,50
1,1488,p1,109,7.43271e-05,13.8541,50
1,1489,p1,128,7.7905e-05,14.1737,50
1,1490,p1,151,7.89507e-05,14.1917,50
1,1491,p1,158,7.60539e-05,14.4409,50
1,1492,p1,119,7.58982e-05,14.5852,50
1,1493,p1,148,7.92456e-05,14.6407,50
1,1494,p1,113,7.84556e-05,14.2995,50
1,1495,p1,144,7.87666e-05,14.4581,50
1,1496,p1,141,8.02852e-05,14.2121,50
1,1497,p1,163,7.79036e-05,14.0646,50
1,1498,p1,158,7.51422e-05,13.6101,50
1,1499,p1,119,7.71715e-05,13.9709,50
1,1661,p1,1048,5.37329e-05,20.0348,20
1,656,p1,1170,4.17194e-05,10.0366,10
1,657,p1,1403,4.27198e-05,10.055,10
1,658,p1,1153,4.39932e-05,10.0352,10
1,1662,p1,1067,5.30603e-05,20.0066,20
1,1850,p1,141,5.44216e-05,-4.76276,100
1,1851,p1,129,4.08007e-05,-5.02853,100
1,1852,p1,107,3.80142e-05,-4.94358,100
1,1853,p1,163,3.99983e-05,-4.64857,100
1,1854,p1,102,4.01663e-05,-4.35064,100
1,1855,p1,115,3.79391e-05,-5.08766,100
1,1856,p1,114,3.32341e-05,-5.13166,100
1,1857,p1,124,3.51024e-05,-4.87278,100
1,1858,p1,126,3.66361e-05,-4.52515,100
1,1859,p1,137,3.44757e-05,-4.52837,100
1,1860,p1,171,3.40517e-05,-5.12397,100
1,1861,p1,139,3.42045e-05,-5.01563,100
1,1862,p1,109,3.58526e-05,-4.39194,100
1,1863,p1,113,3.72261e-05,-4.29244,100
1,1864,p1,134,3.73368e-05,-4.19442,100
1,1663,p1,1023,5.42035e-05,19.9452,20
1,659,p1,1248,4.35848e-05,10.0391,10
1,1664,p1,1040,5.58917e-05,19.9295,20
1,1665,p1,1165,5.54047e-05,20.0329,20
1,1865,p1,169,3.78546e-05,-4.62232,100
1,1866,p1,88,3.95319e-05,-4.58254,100
1,1867,p1,100,3.85525e-05,-4.31087,100
1,1868,p1,151,4.04631e-05,-4.30358,100
1,1869,p1,155,3.93917e-05,-4.63481,100
1,1870,p1,117,4.21539e-05,-4.77031,100
1,1871,p1,111,4.27518e-05,-4.82561,100
1,1872,p1,115,4.01962e-05,-4.16436,100
1,1873,p1,215,4.29458e-05,-4.37357,100
1,1874,p1,120,4.25642e-05,-4.05234,100
1,1875,p1,132,3.87666e-05,-4.793,100
1,1876,p1,164,3.8956e-05,-5.26717,100
1,1877,p1,139,4.07588e-05,-4.5358,100
1,1878,p1,104,3.51572e-05,-4.58599,100
1,1879,p1,168,3.56718e-05,-5.03438,100
1,1880,p1,120,3.5009e-05,-5.18436,100
1,1881,p1,126,3.47046e-05,-4.90285,100
1,660,p1,1266,4.39267e-05,10.0561,10
1,661,p1,1377,4.46178e-05,10.0295,10
1,1666,p1,1102,5.37368e-05,19.8948,20
1,1882,p1,147,3.19281e-05,-5.61705,100
1,1883,p1,132,2.81807e-05,-5.906,100
1,1884,p1,143,2.98144e-05,-6.17291,100
1,1885,p1,170,3.06839e-05,-5.98339,100
1,1886,p1,101,3.00588e-05,-6.22851,100
1,1887,p1,154,3.24365e-05,-6.23354,100
1,1888,p1,158,2.98007e-05,-7.20552,100
1,1889,p1,131,3.18207e-05,-6.69919,100
1,1890,p1,129,2.90052e-05,-6.81978,100
1,1891,p1,152,3.4486e-05,-6.5471,100
1,1892,p1,154,3.32908e-05,-6.40723,100
1,1500,p1,122,7.86926e-05,14.3263,50
1,1501,p1,134,7.95392e-05,14.6169,50
1,1502,p1,162,7.94393e-05,14.2471,50
1,1503,p1,187,7.84388e-05,14.4951,50
1,1504,p1,122,8.31494e-05,13.7225,50
1,1505,p1,118,8.4573e-05,14.1109,50
1,1506,p1,160,8.53846e-05,14.1064,50
1,1507,p1,174,8.3335e-05,14.7687,50
1,1508,p1,120,7.90531e-05,14.5932,50
1,1509,p1,152,8.16101e-05,15.1443,50
1,1510,p1,96,7.71989e-05,15.7187,50
1,1511,p1,180,7.83909e-05,15.2068,50
1,1512,p1,94,7.45852e-05,16.116,50
1,1513,p1,140,7.56362e-05,16.0613,50
1,1514,p1,142,6.89365e-05,16.6795,50
1,1515,p1,124,7.50306e-05,15.8678,50
1,1516,p1,169,7.15154e-05,15.9788,50
1,1517,p1,138,7.06275e-05,15.9717,50
1,1518,p1,107,7.50284e-05,15.511,50
1,1519,p1,149,7.42185e-05,16.0031,50
1,1520,p1,134,7.52495e-05,15.8589,50
1,1521,p1,116,7.70723e-05,15.2059,50
1,1522,p1,139,7.22931e-05,15.6629,50
1,1523,p1,163,7.3387e-05,15.7081,50
1,1524,p1,114,7.47349e-05,15.3121,50
1,1525,p1,97,7.13864e-05,14.9079,50
1,1526,p1,143,7.34505e-05,14.942,50
1,1527,p1,140,7.48809e-05,14.9005,50
1,1528,p1,103,7.51579e-05,14.4675,50
1,1529,p1,119,7.47278e-05,14.8774,50
1,1530,p1,178,7.01674e-05,14.9934,50
1,1531,p1,139,7.14197e-05,15.1614,50
1,1532,p1,131,7.22487e-05,15.4618,50
1,1533,p1,139,6.97826e-05,15.5022,50
1,1534,p1,128,6.51279e-05,15.3502,50
1,1535,p1,125,7.44077e-05,14.7514,50
1,1536,p1,119,7.17937e-05,15.0726,50
1,1537,p1,160,7.10359e-05,15.0936,50
1,1538,p1,116,7.05652e-05,14.9457,50
1,1539,p1,94,7.50668e-05,14.8146,50
1,1540,p1,156,6.98736e-05,15.1077,50
1,1541,p1,114,7.36415e-05,14.8231,50
1,1542,p1,132,7.14807e-05,15.0032,50
1,1893,p1,150,3.89991e-05,-6.29766,100
1,1894,p1,130,3.38657e-05,-6.82201,100
1,1895,p1,144,3.54376e-05,-6.23109,100
1,1896,p1,131,3.44828e-05,-6.10223,100
1,1897,p1,138,3.24055e-05,-6.40675,100
1,1898,p1,99,4.01189e-05,-5.84864,100
1,1899,p1,148,3.78312e-05,-5.3518,100
1,1667,p1,1105,5.13798e-05,20.0633,20
1,1668,p1,1159,5.32842e-05,19.8556,20
1,662,p1,1325,4.41587e-05,10.0305,10
1,1543,p1,145,7.62768e-05,14.6538,50
1,1544,p1,137,7.3188e-05,14.9684,50
1,1545,p1,122,7.44733e-05,14.8016,50
1,1546,p1,147,7.33042e-05,14.7427,50
1,1547,p1,138,7.65225e-05,14.6418,50
1,1548,p1,130,7.62814e-05,14.8619,50
1,1549,p1,133,7.61725e-05,14.5639,50
1,1669,p1,1036,5.28595e-05,19.9803,20
1,663,p1,1255,4.3189e-05,10.0483,10
1,1670,p1,1068,5.67372e-05,20.0302,20
1,1671,p1,1094,5.47617e-05,19.9717,20
1,664,p1,1374,4.40684e-05,10.0828,10
1,2100,p1,168,4.22662e-05,10.5251,30
1,2101,p1,86,3.62696e-05,10.9483,30
1,2102,p1,105,3.59175e-05,10.7274,30
1,2103,p1,176,3.75449e-05,10.7492,30
1,2104,p1,184,3.77865e-05,10.5206,30
1,2105,p1,135,3.81377e-05,10.3969,30
1,2106,p1,101,3.84516e-05,10.3712,30
1,2107,p1,189,3.97779e-05,10.2293,30
1,2108,p1,151,3.80314e-05,10.8134,30
1,2109,p1,131,3.56279e-05,11.0219,30
1,2110,p1,149,3.51212e-05,11.0016,30
1,2111,p1,107,3.60966e-05,10.7992,30
1,2112,p1,178,3.79889e-05,10.5266,30
1,1672,p1,1102,5.39536e-05,19.9904,20
1,665,p1,1310,4.47487e-05,10.0408,10
1,666,p1,1320,4.35043e-05,10.0283,10
1,2113,p1,106,3.98839e-05,10.3129,30
1,2114,p1,110,3.9457e-05,10.2617,30
1,2115,p1,154,4.28864e-05,10.0535,30
1,2116,p1,143,4.05687e-05,10.0851,30
1,2117,p1,99,4.20263e-05,10.1223,30
1,2118,p1,112,3.88612e-05,10.4694,30
1,2119,p1,168,3.71794e-05,10.5198,30
1,2120,p1,154,3.72308e-05,10.5321,30
1,2121,p1,115,3.669e-05,10.3519,30
1,2122,p1,125,3.6208e-05,10.6192,30
1,2123,p1,165,3.42821e-05,10.4455,30
1,2124,p1,140,4.12378e-05,9.99558,30
1,2125,p1,111,4.02402e-05,10.6411,30
1,1673,p1,1178,5.17946e-05,20.0425,20
1,667,p1,1307,4.50992e-05,10.0222,10
1,2126,p1,129,3.63752e-05,10.5806,30
1,2127,p1,177,3.76536e-05,10.5886,30
1,2128,p1,118,4.31693e-05,10.0042,30
1,2129,p1,116,4.25033e-05,9.79843,30
1,2130,p1,142,4.24013e-05,10.4929,30
1,2131,p1,147,4.36133e-05,10.5243,30
1,2132,p1,142,4.60338e-05,9.71943,30
1,2133,p1,124,4.35711e-05,9.91764,30
1,2134,p1,118,4.69732e-05,9.82628,30
1,2135,p1,126,4.45792e-05,10.232,30
1,2136,p1,114,4.50631e-05,9.99115,30
1,2137,p1,124,4.62945e-05,9.78778,30
1,2138,p1,112,4.52934e-05,9.79852,30
1,1674,p1,1021,5.4469e-05,19.978,20
1,1675,p1,1036,5.31215e-05,20.082,20
1,668,p1,1261,4.48942e-05,10.0104,10
1,669,p1,1260,4.50997e-05,10.0135,10
1,2139,p1,140,4.97408e-05,9.49479,30
1,2140,p1,99,4.81966e-05,9.24303,30
1,2141,p1,137,4.72132e-05,9.57092,30
1,2142,p1,153,4.84363e-05,9.38174,30
1,2143,p1,106,5.18174e-05,9.35086,30
1,2144,p1,144,5.03648e-05,9.38726,30
1,2145,p1,133,4.99197e-05,9.55762,30
1,2146,p1,106,4.99964e-05,9.7169,30
1,2147,p1,146,4.8985e-05,10.1041,30
1,2148,p1,138,4.92441e-05,9.73226,30
1,2149,p1,93,5.08192e-05,9.6236,30
1,1676,p1,1070,5.26708e-05,19.9558,20
1,670,p1,1318,4.33148e-05,10.019,10
1,1677,p1,1238,5.37978e-05,20.0614,20
1,1678,p1,1090,5.70009e-05,19.964,20
1,671,p1,1327,4.39793e-05,10.0157,10
1,1679,p1,1068,5.66556e-05,20.0652,20
1,672,p1,1369,4.3587e-05,10.0378,10
1,1680,p1,1283,5.50102e-05,20.0079,20
1,673,p1,1302,4.47232e-05,10.0414,10
1,674,p1,1259,4.40716e-05,10.031,10
1,1681,p1,1112,5.42335e-05,20.044,20
1,1682,p1,1155,6.00248e-05,19.9818,20
1,675,p1,1335,4.44721e-05,10.0561,10
1,1683,p1,1252,6.06795e-05,19.9472,20
1,676,p1,1337,4.43381e-05,10.0568,10
1,677,p1,1359,4.39295e-05,10.0496,10
1,678,p1,1318,4.38243e-05,10.0591,10
1,1684,p1,1068,5.57487e-05,20.027,20
1,1685,p1,1110,6.08576e-05,19.8583,20
1,1686,p1,1234,5.8159e-05,19.9573,20
1,1687,p1,1043,5.79024e-05,19.9017,20
1,679,p1,1278,4.35795e-05,10.0428,10
1,680,p1,1148,4.32613e-05,10.0385,10
1,1688,p1,1115,5.80786e-05,19.9764,20
1,1689,p1,1166,5.81149e-05,19.9979,20
1,1690,p1,1181,5.75408e-05,19.9913,20
1,2150,p1,174,4.8908e-05,9.88476,30
1,2151,p1,98,4.56794e-05,9.91899,30
1,2152,p1,114,4.98342e-05,9.8227,30
1,2153,p1,143,4.51203e-05,10.2366,30
1,2154,p1,136,4.79158e-05,10.2748,30
1,2155,p1,95,4.34537e-05,10.8107,30
1,2156,p1,149,3.72956e-05,11.2017,30
1,2157,p1,170,4.01666e-05,11.2146,30
1,2158,p1,79,4.43158e-05,10.9122,30
1,2159,p1,142,3.99484e-05,11.0931,30
1,2160,p1,113,3.58474e-05,11.312,30
1,2161,p1,112,2.84857e-05,12.1025,30
1,2162,p1,98,3.6907e-05,11.8367,30
1,2163,p1,166,3.63433e-05,11.6722,30
1,2164,p1,106,4.03965e-05,11.5189,30
1,2165,p1,77,4.03458e-05,11.6205,30
1,2166,p1,124,4.13271e-05,11.4388,30
1,1900,p1,141,3.6508e-05,-5.72333,100
1,1901,p1,135,3.78283e-05,-4.99886,100
1,1902,p1,119,3.38151e-05,-5.21418,100
1,1903,p1,134,3.43815e-05,-5.16436,100
1,1904,p1,124,3.48647e-05,-5.48521,100
1,1905,p1,137,3.55181e-05,-5.02777,100
1,1906,p1,154,3.89929e-05,-5.07361,100
1,1907,p1,134,3.80188e-05,-5.38859,100
1,1908,p1,153,3.37426e-05,-5.41769,100
1,1909,p1,142,3.48956e-05,-4.89107,100
1,1910,p1,141,3.6099e-05,-5.28563,100
1,1911,p1,85,3.54367e-05,-4.70047,100
1,1550,p1,177,7.57973e-05,14.6747,50
1,1551,p1,108,7.47287e-05,14.5079,50
1,1552,p1,131,7.61465e-05,14.3842,50
1,1553,p1,147,7.51423e-05,14.8191,50
1,1554,p1,143,7.91195e-05,14.449,50
1,1555,p1,124,8.18532e-05,13.7423,50
1,1556,p1,173,8.1071e-05,13.6707,50
1,1557,p1,111,8.12949e-05,13.1685,50
1,2167,p1,153,3.85034e-05,11.6716,30
1,1558,p1,155,8.23478e-05,13.1443,50
1,2168,p1,120,4.72323e-05,11.1127,30
1,1559,p1,149,8.47662e-05,13.6105,50
1,2169,p1,165,4.35436e-05,11.3443,30
1,1560,p1,120,8.56392e-05,13.3981,50
1,2170,p1,137,4.86241e-05,10.7536,30
1,1561,p1,151,8.30994e-05,14.0025,50
1,2171,p1,169,4.90053e-05,10.8736,30
1,2172,p1,116,4.7885e-05,10.5781,30
1,2173,p1,120,5.08944e-05,10.5615,30
1,2174,p1,116,5.16554e-05,10.5127,30
1,2175,p1,127,5.04796e-05,10.7127,30
1,2176,p1,127,5.27106e-05,10.5281,30
1,2177,p1,142,5.30473e-05,10.1873,30
1,2178,p1,144,4.55987e-05,10.931,30
1,2179,p1,129,5.14494e-05,10.6281,30
1,2180,p1,142,5.79334e-05,10.3643,30
1,2181,p1,149,5.60511e-05,10.4379,30
1,2182,p1,132,5.83827e-05,10.3418,30
1,2183,p1,154,5.93669e-05,10.0977,30
1,2184,p1,112,5.89971e-05,9.68347,30
1,1912,p1,125,3.81046e-05,-4.98135,100
1,1913,p1,144,3.47683e-05,-4.93238,100
1,1914,p1,113,3.40614e-05,-5.11573,100
1,1915,p1,96,3.50369e-05,-4.24402,100
1,1916,p1,132,3.20478e-05,-4.83184,100
1,1917,p1,126,3.00444e-05,-4.85835,100
1,1918,p1,140,3.03281e-05,-5.16589,100
1,1919,p1,154,3.05207e-05,-5.30297,100
1,1920,p1,124,2.78037e-05,-5.17671,100
1,1921,p1,105,2.06884e-05,-6.07606,100
1,1922,p1,126,2.40952e-05,-5.71542,100
1,1923,p1,120,2.44823e-05,-5.81009,100
1,1562,p1,136,8.34507e-05,13.6055,50
1,1563,p1,128,8.56149e-05,13.9615,50
1,1564,p1,146,8.58372e-05,13.3753,50
1,1565,p1,186,8.65341e-05,13.4885,50
1,1566,p1,107,8.28623e-05,14.6449,50
1,1567,p1,156,8.92827e-05,13.935,50
1,1568,p1,178,7.96292e-05,12.7896,50
1,1691,p1,1068,5.85401e-05,19.8565,20
1,1569,p1,112,8.2954e-05,12.5978,50
1,1570,p1,111,8.40654e-05,12.9849,50
1,1571,p1,130,8.27322e-05,12.9059,50
1,1572,p1,164,8.27813e-05,13.2526,50
1,1573,p1,140,7.40508e-05,12.4377,50
1,1574,p1,78,8.35388e-05,13.4242,50
1,1575,p1,192,8.44023e-05,13.6378,50
1,1576,p1,165,8.64751e-05,13.6239,50
1,1692,p1,1064,5.71002e-05,20.0227,20
1,1577,p1,125,8.40429e-05,14.263,50
1,1578,p1,130,8.41447e-05,14.6344,50
1,1579,p1,154,8.17579e-05,14.7794,50
1,1580,p1,139,8.55918e-05,14.5477,50
1,2185,p1,160,5.87564e-05,10.3824,30
1,2186,p1,140,5.94661e-05,10.3264,30
1,2187,p1,162,5.91543e-05,9.79836,30
1,2188,p1,124,5.8485e-05,10.0443,30
1,2189,p1,154,5.97656e-05,9.76795,30
1,2190,p1,176,6.14213e-05,10.0511,30
1,2191,p1,85,6.0982e-05,10.2897,30
1,2192,p1,108,6.20495e-05,9.75405,30
1,2193,p1,181,6.16843e-05,10.4051,30
1,2194,p1,111,6.19515e-05,10.1112,30
1,2195,p1,104,6.4063e-05,9.96938,30
1,2196,p1,111,6.31986e-05,10.6716,30
1,2197,p1,135,6.39451e-05,10.3854,30
1,1693,p1,1130,5.77909e-05,19.9641,20
1,1581,p1,128,7.0885e-05,16.1634,50
1,1582,p1,132,7.32361e-05,16.2334,50
1,1583,p1,145,7.12576e-05,16.3993,50
1,1584,p1,141,7.32473e-05,16.1726,50
1,1585,p1,163,8.13354e-05,15.6835,50
1,1586,p1,123,7.60493e-05,15.868,50
1,1587,p1,130,7.40817e-05,16.1808,50
1,1588,p1,182,7.75054e-05,15.8287,50
1,1589,p1,136,7.94839e-05,14.7384,50
1,1924,p1,160,2.53461e-05,-6.16355,100
1,1925,p1,213,2.45446e-05,-6.32124,100
1,1926,p1,118,2.83945e-05,-5.57301,100
1,1927,p1,115,2.75868e-05,-6.0035,100
1,1694,p1,1100,5.63853e-05,19.9517,20
1,1928,p1,142,2.88809e-05,-6.04103,100
1,1929,p1,189,2.70435e-05,-5.84196,100
1,681,p1,1389,4.33452e-05,10.0284,10
1,1930,p1,121,2.82778e-05,-5.80773,100
1,1931,p1,130,2.82192e-05,-5.06821,100
1,1932,p1,124,3.05265e-05,-5.80709,100
1,1933,p1,188,2.93048e-05,-5.88923,100
1,1695,p1,1067,5.58034e-05,19.8743,20
1,1696,p1,1108,5.75726e-05,19.9169,20
1,1590,p1,68,7.49373e-05,15.8733,50
1,1591,p1,146,7.78697e-05,15.8202,50
1,1592,p1,163,7.53291e-05,16.2752,50
1,1593,p1,107,6.43371e-05,16.7396,50
1,1594,p1,118,6.39001e-05,16.4115,50
1,1595,p1,151,5.28521e-05,17.0415,50
1,1596,p1,112,5.44216e-05,17.6306,50
1,1597,p1,125,4.99226e-05,17.5572,50
1,1598,p1,122,4.40974e-05,17.3835,50
1,1599,p1,131,4.48969e-05,17.3832,50
1,682,p1,1297,4.28882e-05,10.0341,10
1,683,p1,1373,4.29937e-05,10.0573,10
1,1600,p1,157,4.47126e-05,17.1501,50
1,1601,p1,139,4.51812e-05,17.2746,50
1,1602,p1,134,4.72803e-05,17.3402,50
1,1603,p1,125,4.15222e-05,17.2544,50
1,1604,p1,173,5.03378e-05,17.1395,50
1,1605,p1,153,5.20926e-05,17.4285,50
1,1606,p1,96,4.52279e-05,17.4579,50
1,1607,p1,159,5.26724e-05,17.2387,50
1,1608,p1,169,5.17818e-05,17.2939,50
1,1609,p1,156,4.2687e-05,17.5332,50
1,1610,p1,123,4.78488e-05,17.4894,50
1,1611,p1,134,5.44038e-05,17.2156,50
1,1612,p1,125,5.06893e-05,17.3812,50
1,1613,p1,142,4.5546e-05,17.3753,50
1,1614,p1,146,4.87561e-05,17.279,50
1,1615,p1,153,5.62057e-05,17.4375,50
1,1616,p1,133,5.93256e-05,17.0812,50
1,1617,p1,130,5.31382e-05,17.6194,50
1,1618,p1,109,6.23437e-05,16.9118,50
1,1619,p1,138,6.3221e-05,17.4094,50
1,1620,p1,146,5.7655e-05,17.2444,50
1,1934,p1,139,2.7517e-05,-6.41582,100
1,1935,p1,94,3.18945e-05,-6.03519,100
1,1936,p1,190,3.15208e-05,-6.21567,100
1,1937,p1,117,3.31942e-05,-6.271,100
1,1938,p1,151,2.98947e-05,-6.488,100
1,1939,p1,100,2.82555e-05,-6.31702,100
1,1940,p1,162,3.23251e-05,-6.27296,100
1,1941,p1,134,3.15457e-05,-6.16247,100
1,1942,p1,139,3.31585e-05,-5.40678,100
1,1943,p1,158,3.32152e-05,-5.69696,100
1,1944,p1,147,3.35407e-05,-5.13976,100
1,1945,p1,149,3.36462e-05,-5.21208,100
1,1946,p1,120,3.35233e-05,-5.50418,100
1,1947,p1,133,3.13822e-05,-6.03204,100
1,2198,p1,118,6.48941e-05,10.2249,30
1,2199,p1,106,6.20012e-05,9.61205,30
1,1621,p1,158,5.29342e-05,18.1076,50
1,1622,p1,123,7.14317e-05,17.3564,50
1,1623,p1,169,6.02349e-05,17.3069,50
1,1624,p1,162,5.15293e-05,17.7542,50
1,1625,p1,161,4.99456e-05,17.4857,50
1,1626,p1,137,5.62864e-05,16.8248,50
1,1627,p1,76,5.69261e-05,17.6905,50
1,1628,p1,140,6.67972e-05,17.3104,50
1,1629,p1,117,5.55709e-05,17.5925,50
1,1630,p1,157,6.52998e-05,17.8122,50
1,1631,p1,105,6.48118e-05,17.5141,50
1,1632,p1,117,4.86686e-05,17.9189,50
1,1633,p1,152,4.95276e-05,18.0426,50
1,1634,p1,157,4.8704e-05,17.9626,50
1,1635,p1,117,4.13365e-05,17.9893,50
1,1636,p1,183,4.48732e-05,17.7267,50
1,1637,p1,110,5.8343e-05,17.3982,50
1,1638,p1,123,6.35855e-05,17.1556,50
1,1639,p1,175,5.26731e-05,17.5436,50
1,1640,p1,169,6.61875e-05,17.3766,50
1,1641,p1,118,8.59265e-05,17.1683,50
1,1642,p1,106,7.81315e-05,17,50
1,1643,p1,192,8.97928e-05,16.4302,50
1,1644,p1,163,7.00864e-05,16.9851,50
1,1645,p1,108,7.57986e-05,17.1377,50
1,1646,p1,138,8.33528e-05,16.9913,50
1,1647,p1,130,8.34536e-05,16.8977,50
1,1648,p1,135,7.18027e-05,17.2976,50
1,1649,p1,156,7.79931e-05,16.718,50
1,1697,p1,979,5.87625e-05,19.879,20
1,1698,p1,1271,5.74332e-05,19.9444,20
1,684,p1,1287,4.39307e-05,10.0609,10
1,685,p1,1313,4.28193e-05,10.0314,10
1,686,p1,1403,4.27369e-05,10.0427,10
1,687,p1,1328,4.32301e-05,10.0544,10
1,1948,p1,140,3.31171e-05,-5.36016,100
1,1949,p1,114,3.21376e-05,-6.13988,100
1,688,p1,1212,4.24283e-05,10.0537,10
1,1699,p1,1029,6.07193e-05,19.8825,20
1,689,p1,1317,4.30563e-05,10.0684,10
1,690,p1,1473,4.24556e-05,10.0507,10
1,691,p1,1254,4.32452e-05,10.0775,10
1,1700,p1,1103,5.83342e-05,19.9577,20
1,692,p1,1295,4.39662e-05,10.0656,10
1,693,p1,1224,4.27794e-05,10.0581,10
1,694,p1,1379,4.37475e-05,10.0602,10
1,695,p1,1192,4.39068e-05,10.0398,10
1,1701,p1,1069,6.02917e-05,19.8718,20
1,1702,p1,1057,6.09616e-05,20.0339,20
1,1703,p1,1227,6.10657e-05,19.9841,20
1,1704,p1,1040,6.36073e-05,19.9662,20
1,1705,p1,1102,6.39643e-05,19.9433,20
1,696,p1,1288,4.58219e-05,10.0509,10
1,1706,p1,1178,6.4086e-05,19.909,20
1,1650,p1,84,9.57759e-05,16.1518,50
1,1651,p1,129,9.12953e-05,16.6521,50
1,1652,p1,147,8.51444e-05,16.8115,50
1,1653,p1,143,8.04802e-05,16.7132,50
1,1654,p1,108,8.88443e-05,16.8328,50
1,1655,p1,137,8.17385e-05,17.2908,50
1,1656,p1,128,7.61081e-05,16.9601,50
1,1657,p1,146,9.06125e-05,15.9669,50
1,1658,p1,139,8.70594e-05,16.4319,50
1,1659,p1,149,8.07074e-05,16.9037,50
1,1660,p1,109,8.29408e-05,16.1803,50
1,1661,p1,172,8.75673e-05,16.1434,50
1,1662,p1,145,7.54989e-05,16.39,50
1,1663,p1,100,8.3709e-05,15.7982,50
1,1664,p1,165,8.04878e-05,16.0263,50
1,1665,p1,112,9.25211e-05,15.4829,50
1,1666,p1,121,9.96151e-05,15.0533,50
1,1667,p1,115,8.46363e-05,15.8819,50
1,1668,p1,178,0.000105628,14.3834,50
1,1669,p1,135,0.000101458,14.4042,50
1,1670,p1,115,9.36212e-05,15.2199,50
1,1671,p1,142,0.000104346,14.3048,50
1,1672,p1,125,9.90755e-05,14.6278,50
1,1673,p1,150,0.000100959,15.0928,50
1,1674,p1,188,0.000102802,14.7028,50
1,1675,p1,122,0.000101516,14.4338,50
1,1707,p1,1037,6.63219e-05,19.9068,20
1,1676,p1,122,9.46496e-05,15.0471,50
1,1677,p1,144,0.000102866,14.4749,50
1,1678,p1,158,0.00010019,14.9542,50
1,1679,p1,144,0.00010392,14.4353,50
1,1680,p1,136,0.00010204,15.0794,50
1,1681,p1,140,9.97189e-05,15.065,50
1,1682,p1,166,9.47064e-05,15.0153,50
1,1683,p1,123,0.000103801,14.7574,50
1,1708,p1,1175,6.82333e-05,19.9457,20
1,1684,p1,153,0.000101782,14.7844,50
1,1685,p1,107,0.000102074,14.3453,50
1,1686,p1,135,0.000102882,13.9348,50
1,697,p1,1329,4.52579e-05,10.0401,10
1,698,p1,1272,4.49504e-05,10.0363,10
1,1709,p1,1096,6.52407e-05,20.0143,20
1,1710,p1,1114,6.44003e-05,20.0373,20
1,1687,p1,130,0.000106443,14.1216,50
1,1688,p1,98,0.000100071,14.3728,50
1,1689,p1,164,9.76794e-05,14.7482,50
1,1690,p1,177,0.000109607,13.9403,50
1,1691,p1,170,0.000108869,14.1288,50
1,1692,p1,122,0.000105382,14.3769,50
1,1711,p1,1083,6.42801e-05,19.9566,20
1,1693,p1,167,9.66058e-05,14.7024,50
1,1694,p1,156,9.71754e-05,14.975,50
1,1695,p1,106,0.000106671,14.6817,50
1,1696,p1,166,0.000102888,14.5704,50
1,1697,p1,146,0.000105375,14.3964,50
1,1712,p1,1141,7.06306e-05,19.9003,20
1,1713,p1,1045,7.23841e-05,19.8742,20
1,1714,p1,1198,6.84127e-05,19.9513,20
1,1715,p1,1088,7.24614e-05,19.8821,20
1,1716,p1,1099,7.05947e-05,20.0297,20
1,1717,p1,1269,7.27946e-05,19.9089,20
1,699,p1,1417,4.40136e-05,10.0373,10
1,1718,p1,1135,7.49885e-05,19.9224,20
1,1719,p1,1112,7.50657e-05,19.9085,20
1,1720,p1,1243,7.4622e-05,19.8323,20
1,1721,p1,1184,6.91718e-05,20,20
1,1722,p1,1030,6.88538e-05,19.9345,20
1,1723,p1,1066,7.01401e-05,19.9563,20
1,1724,p1,1090,7.11429e-05,19.9188,20
1,1698,p1,108,0.000109544,14.5255,50
1,1699,p1,131,0.000114012,13.8229,50
1,1725,p1,1178,6.98469e-05,19.952,20
1,1726,p1,1162,6.93818e-05,19.9647,20
1,1950,p1,130,2.97612e-05,-6.33595,100
1,1951,p1,156,3.13386e-05,-6.38245,100
1,1952,p1,131,2.93663e-05,-6.19036,100
1,1953,p1,128,2.80502e-05,-6.33943,100
1,1954,p1,169,2.59446e-05,-6.68597,100
1,1955,p1,189,3.03853e-05,-6.28066,100
1,1956,p1,130,2.71249e-05,-6.76435,100
1,1957,p1,118,2.20152e-05,-7.29852,100
1,1958,p1,135,2.42269e-05,-7.00024,100
1,1959,p1,133,2.66872e-05,-6.53405,100
1,1960,p1,157,2.82778e-05,-6.08204,100
1,1961,p1,128,2.50723e-05,-6.84755,100
1,1727,p1,962,6.82979e-05,20.0135,20
1,1728,p1,1071,6.62978e-05,20.0344,20
1,1729,p1,1232,6.80512e-05,19.9664,20
1,1962,p1,153,2.53808e-05,-6.5547,100
1,1963,p1,129,2.9476e-05,-5.98301,100
1,1964,p1,127,2.84884e-05,-6.48272,100
1,1965,p1,95,2.80765e-05,-5.82055,100
1,1730,p1,1084,7.02866e-05,19.9552,20
1,1966,p1,160,2.83043e-05,-6.30859,100
1,1967,p1,122,2.66118e-05,-6.58889,100
1,1968,p1,160,2.69617e-05,-6.95226,100
1,1969,p1,136,2.7586e-05,-6.84093,100
1,1970,p1,153,2.44378e-05,-7.77259,100
1,1971,p1,130,2.81059e-05,-7.012,100
1,1972,p1,112,3.37911e-05,-6.34079,100
1,1731,p1,1192,6.96326e-05,19.9998,20
1,1732,p1,1137,7.03439e-05,19.8796,20
1,1733,p1,1040,6.92041e-05,19.8608,20
1,1973,p1,125,2.98374e-05,-7.07159,100
1,1974,p1,204,2.98626e-05,-6.88811,100
1,1975,p1,152,2.99098e-05,-7.0255,100
1,1976,p1,181,3.08802e-05,-7.0391,100
1,1977,p1,133,2.8291e-05,-7.49935,100
1,1734,p1,1086,7.07327e-05,20.0018,20
1,1978,p1,94,2.79765e-05,-7.51395,100
1,1979,p1,144,3.01473e-05,-7.49738,100
1,1980,p1,161,2.88505e-05,-7.40656,100
1,1981,p1,145,2.87936e-05,-7.10241,100
1,1982,p1,115,2.87958e-05,-7.61357,100
1,1983,p1,151,2.79931e-05,-7.98895,100
1,1984,p1,154,2.85792e-05,-7.64248,100
1,2200,p1,145,6.13922e-05,9.85573,30
1,2201,p1,154,6.22694e-05,10.3063,30
1,2202,p1,125,6.11648e-05,9.5931,30
1,2203,p1,112,6.16163e-05,9.61172,30
1,2204,p1,130,6.08328e-05,10.1375,30
1,2205,p1,153,6.20071e-05,9.57282,30
1,2206,p1,140,5.99051e-05,9.40319,30
1,2207,p1,141,6.09084e-05,9.5638,30
1,2208,p1,137,6.15851e-05,9.67682,30
1,1735,p1,1247,7.29546e-05,19.8532,20
1,1736,p1,1163,7.27755e-05,19.9285,20
1,2209,p1,155,5.97259e-05,9.33955,30
1,2210,p1,135,5.77951e-05,9.19392,30
1,2211,p1,140,6.06357e-05,9.44767,30
1,2212,p1,124,6.06887e-05,9.99061,30
1,1737,p1,1182,7.12774e-05,19.9023,20
1,2213,p1,139,5.75778e-05,9.30914,30
1,2214,p1,113,5.71239e-05,8.86719,30
1,2215,p1,182,5.90499e-05,8.67787,30
1,2216,p1,137,5.43503e-05,8.41927,30
1,2217,p1,111,4.66845e-05,8.02506,30
1,2218,p1,172,5.15524e-05,8.39507,30
1,2219,p1,168,4.31714e-05,7.49504,30
1,2220,p1,117,5.15995e-05,8.29383,30
1,2221,p1,128,5.1763e-05,8.32065,30
1,2222,p1,146,5.82063e-05,8.85298,30
1,2223,p1,148,5.82882e-05,9.07589,30
1,2224,p1,109,6.27052e-05,9.46233,30
1,2225,p1,148,5.77625e-05,8.50801,30
1,2226,p1,153,5.45292e-05,8.13901,30
1,2227,p1,133,5.69651e-05,8.54683,30
1,2228,p1,83,6.3208e-05,9.2497,30
1,2229,p1,120,6.06274e-05,8.40879,30
1,1985,p1,112,3.3404e-05,-6.44561,100
1,1986,p1,164,3.19663e-05,-6.72495,100
1,1987,p1,121,3.08002e-05,-7.01285,100
1,1988,p1,121,2.95584e-05,-7.23795,100
1,1989,p1,157,3.03812e-05,-6.86925,100
1,1990,p1,175,2.86263e-05,-6.95402,100
1,1991,p1,135,2.91333e-05,-7.10199,100
1,1992,p1,169,2.91534e-05,-7.12128,100
1,1993,p1,109,3.35064e-05,-6.58484,100
1,1994,p1,124,3.23842e-05,-6.13858,100
1,1995,p1,159,3.01558e-05,-6.65027,100
1,1996,p1,124,2.85799e-05,-6.88856,100
1,1997,p1,146,3.10211e-05,-7.2424,100
1,1998,p1,150,2.82573e-05,-7.22491,100
1,1999,p1,136,2.9255e-05,-7.11292,100
1,2230,p1,150,6.50047e-05,9.17384,30
1,2231,p1,168,6.37093e-05,8.82784,30
1,2232,p1,111,6.28285e-05,8.98271,30
1,2233,p1,104,6.36067e-05,8.82882,30
1,2234,p1,165,6.36077e-05,9.02025,30
1,2235,p1,108,6.45345e-05,9.16525,30
1,2236,p1,130,5.98592e-05,8.64844,30
1,2237,p1,136,6.39811e-05,9.31277,30
1,2238,p1,167,6.56556e-05,9.0997,30
1,2239,p1,166,6.42092e-05,9.27712,30
1,2240,p1,114,6.24419e-05,9.33659,30
1,2241,p1,106,5.82004e-05,8.58956,30
1,2242,p1,170,5.49055e-05,8.28019,30
1,1738,p1,1003,7.10044e-05,20.0214,20
1,700,p1,1163,4.46594e-05,10.0279,10
1,2243,p1,186,5.89201e-05,8.88967,30
1,2244,p1,75,5.3264e-05,8.86167,30
1,2245,p1,117,5.81171e-05,9.21537,30
1,2246,p1,181,5.15879e-05,8.20531,30
1,2247,p1,85,5.98339e-05,9.01029,30
1,701,p1,1283,4.56456e-05,10.0294,10
1,2248,p1,135,5.24173e-05,8.48529,30
1,2249,p1,112,4.09758e-05,7.31201,30
1,702,p1,1394,4.48381e-05,10.0491,10
1,703,p1,1360,4.48986e-05,10.0388,10
1,704,p1,1306,4.53492e-05,10.0598,10
1,1739,p1,1226,6.87929e-05,19.9349,20
1,1740,p1,1099,6.74012e-05,19.9844,20
1,705,p1,1269,4.45522e-05,10.0396,10
1,1700,p1,157,0.000112327,13.9543,50
1,1701,p1,107,0.000117163,14.2277,50
1,1702,p1,123,0.000117754,14.3112,50
1,1703,p1,155,0.000115066,14.6685,50
1,1704,p1,96,0.000120184,13.9327,50
1,1705,p1,146,0.000120225,14.0211,50
1,1706,p1,150,0.000114735,14.529,50
1,1707,p1,90,0.000111131,14.6059,50
1,1708,p1,128,0.000112558,14.8308,50
1,1709,p1,147,0.000112297,14.8264,50
1,1710,p1,122,0.000116848,14.4846,50
1,1711,p1,121,0.000111044,13.9284,50
1,1712,p1,167,0.000114534,14.2383,50
1,1713,p1,156,0.000100439,12.7615,50
1,1714,p1,135,0.000107484,12.6352,50
1,1715,p1,119,0.00011167,13.0824,50
1,1716,p1,168,0.000110117,13.5761,50
1,1717,p1,187,0.000111476,13.5814,50
1,1718,p1,116,0.000112876,12.8378,50
1,1719,p1,113,0.000113826,13.0411,50
1,1720,p1,118,0.000107549,13.51,50
1,1721,p1,199,0.000105654,13.3368,50
1,1722,p1,121,0.000107703,12.6119,50
1,1723,p1,128,0.000111474,12.9769,50
1,1741,p1,1073,6.67676e-05,20.0567,20
1,706,p1,1381,4.5174e-05,10.0208,10
1,1742,p1,1066,6.76348e-05,19.9423,20
1,1743,p1,1162,6.85593e-05,20.0399,20
1,1744,p1,1038,6.87741e-05,20.0213,20
1,707,p1,1280,4.59422e-05,10.0074,10
1,1724,p1,151,0.000111216,13.0239,50
1,1725,p1,115,0.000104216,12.4272,50
1,1726,p1,140,0.000104677,11.952,50
1,1727,p1,129,9.30713e-05,11.655,50
1,1728,p1,168,9.88547e-05,12.3185,50
1,1729,p1,146,9.93404e-05,12.7732,50
1,1730,p1,108,0.000101055,12.5183,50
1,1731,p1,116,0.000104197,12.7862,50
1,1732,p1,152,0.000103418,12.9733,50
1,1733,p1,126,0.000105285,13.5856,50
1,1734,p1,105,0.000105676,13.3385,50
1,1735,p1,101,0.000105536,13.3087,50
1,1736,p1,173,0.000103517,13.1118,50
1,1737,p1,157,0.000101186,13.5316,50
1,1738,p1,125,0.00010627,14.0346,50
1,1739,p1,140,0.000113389,13.429,50
1,1740,p1,153,0.000108058,13.559,50
1,1741,p1,148,0.000104016,14.3123,50
1,1742,p1,141,0.000108645,14.6483,50
1,1743,p1,101,0.000110463,14.1902,50
1,1745,p1,1169,7.03216e-05,19.9813,20
1,1744,p1,164,0.000109328,13.8629,50
1,1745,p1,150,0.000103657,13.7864,50
1,1746,p1,176,0.000109384,13.9861,50
1,1747,p1,125,0.000105255,14.4185,50
1,1748,p1,103,0.000101202,14.4691,50
1,1749,p1,104,0.000102488,14.5639,50
1,1746,p1,1174,7.02308e-05,20.0083,20
1,1747,p1,987,7.23942e-05,19.9989,20
1,1748,p1,1215,7.0115e-05,19.9931,20
1,1749,p1,1144,7.37351e-05,19.9233,20
1,2000,p1,182,3.30108e-05,-6.74461,100
1,2001,p1,98,3.50161e-05,-6.69784,100
1,2002,p1,128,3.33585e-05,-6.847,100
1,2003,p1,169,3.27109e-05,-7.49572,100
1,2004,p1,124,3.22239e-05,-7.60369,100
1,2005,p1,115,3.00934e-05,-8.03996,100
1,2006,p1,176,3.34114e-05,-7.5877,100
1,2007,p1,124,2.811e-05,-8.08236,100
1,2008,p1,169,3.20586e-05,-7.71879,100
1,2009,p1,115,3.36491e-05,-7.81083,100
1,2010,p1,124,2.91422e-05,-8.03818,100
1,2011,p1,114,2.81075e-05,-8.01807,100
1,2012,p1,146,2.82755e-05,-7.97722,100
1,2013,p1,126,2.76827e-05,-8.33431,100
1,2014,p1,135,3.18653e-05,-8.02313,100
1,2015,p1,161,2.8389e-05,-8.54661,100
1,2016,p1,149,2.73488e-05,-8.20802,100
1,2017,p1,133,2.87812e-05,-8.17475,100
1,2018,p1,123,2.71531e-05,-8.14232,100
1,2019,p1,123,2.87468e-05,-8.36158,100
1,2020,p1,118,2.84189e-05,-8.39608,100
1,2021,p1,110,2.65066e-05,-8.5237,100
1,2022,p1,186,2.89656e-05,-8.6978,100
1,2023,p1,98,2.90291e-05,-8.60378,100
1,2024,p1,122,2.74358e-05,-8.63892,100
1,2025,p1,129,2.56289e-05,-8.50544,100
1,2026,p1,165,2.61028e-05,-8.64387,100
1,2027,p1,142,2.75719e-05,-8.17149,100
1,2028,p1,95,2.61978e-05,-8.63028,100
1,2029,p1,145,2.6014e-05,-8.59779,100
1,2030,p1,116,2.69872e-05,-8.07486,100
1,2031,p1,161,2.72542e-05,-8.45616,100
1,2032,p1,128,2.74423e-05,-7.75567,100
1,2033,p1,108,2.99751e-05,-7.75658,100
1,2034,p1,146,2.78678e-05,-7.82615,100
1,2035,p1,113,2.63039e-05,-8.23843,100
1,2036,p1,145,2.62264e-05,-8.11662,100
1,2037,p1,138,2.62453e-05,-7.84673,100
1,2038,p1,91,2.62698e-05,-8.04762,100
1,2039,p1,162,2.87403e-05,-7.81638,100
1,2040,p1,170,2.81407e-05,-7.51505,100
1,2041,p1,149,3.03721e-05,-7.09648,100
1,708,p1,1298,4.51341e-05,10.0161,10
1,709,p1,1293,4.55106e-05,10.019,10
1,2042,p1,157,3.2777e-05,-7.21498,100
1,2043,p1,141,3.24146e-05,-6.92127,100
1,2044,p1,98,3.32007e-05,-6.94425,100
1,2045,p1,163,3.27664e-05,-7.16555,100
1,2046,p1,129,3.15396e-05,-6.73969,100
1,2047,p1,125,3.22115e-05,-7.30142,100
1,2048,p1,84,3.28727e-05,-6.76169,100
1,2049,p1,126,3.24291e-05,-7.07715,100
1,710,p1,1308,4.52499e-05,9.98462,10
1,711,p1,1326,4.60062e-05,10.011,10
1,2250,p1,158,4.3335e-05,7.50722,30
1,2251,p1,97,4.83011e-05,7.93363,30
1,2252,p1,117,5.38067e-05,8.1173,30
1,2253,p1,149,4.73918e-05,7.56288,30
1,2254,p1,150,4.36204e-05,7.19756,30
1,2255,p1,142,4.65674e-05,7.58459,30
1,2256,p1,113,4.39721e-05,7.15311,30
1,2257,p1,143,4.01971e-05,6.80954,30
1,2258,p1,157,5.53738e-05,8.15592,30
1,2259,p1,102,5.93075e-05,8.53601,30
1,2260,p1,131,6.67557e-05,9.61401,30
1,2261,p1,130,5.9058e-05,8.75319,30
1,712,p1,1281,4.54715e-05,9.99331,10
1,2262,p1,128,6.61057e-05,9.7377,30
1,2263,p1,124,6.53554e-05,9.59362,30
1,2264,p1,102,6.3491e-05,9.11407,30
1,2265,p1,159,6.31132e-05,8.72762,30
1,2266,p1,158,6.49912e-05,8.7487,30
1,2267,p1,146,6.46353e-05,8.594,30
1,2268,p1,103,5.77387e-05,7.93509,30
1,2269,p1,124,6.07557e-05,7.6862,30
1,2270,p1,129,5.57445e-05,7.01209,30
1,2271,p1,136,5.10591e-05,6.83112,30
1,2272,p1,77,5.40546e-05,7.34717,30
1,2273,p1,118,5.77539e-05,7.60157,30
1,2274,p1,159,5.10692e-05,6.48019,30
1,2275,p1,109,5.22889e-05,5.97954,30
1,713,p1,1183,4.44556e-05,9.99086,10
1,2276,p1,141,5.60799e-05,6.4204,30
1,2277,p1,146,5.56167e-05,7.09629,30
1,2278,p1,95,5.83213e-05,6.36467,30
1,2279,p1,114,5.69425e-05,6.39826,30
1,2280,p1,190,5.29476e-05,6.31979,30
1,2281,p1,99,6.01979e-05,6.79464,30
1,2282,p1,127,6.26542e-05,6.82463,30
1,2283,p1,94,6.70049e-05,7.14063,30
1,2284,p1,112,6.27192e-05,6.65825,30
1,2285,p1,162,5.37353e-05,5.52001,30
1,2286,p1,162,7.07987e-05,6.94348,30
1,2287,p1,116,6.0696e-05,5.85244,30
1,714,p1,1301,4.50299e-05,9.9849,10
1,715,p1,1356,4.55062e-05,10.0085,10
1,716,p1,1172,4.5909e-05,10.0538,10
1,717,p1,1447,4.62318e-05,10.0477,10
1,2288,p1,157,6.29709e-05,5.88432,30
1,2289,p1,111,6.10011e-05,5.77505,30
1,2290,p1,146,6.87132e-05,6.40828,30
1,2291,p1,173,4.64439e-05,4.30981,30
1,2292,p1,137,5.97653e-05,5.25752,30
1,2293,p1,156,6.51436e-05,5.61944,30
1,2294,p1,137,4.99539e-05,4.0938,30
1,2295,p1,160,5.58443e-05,4.69117,30
1,2296,p1,119,4.63993e-05,4.0569,30
1,2297,p1,174,4.33129e-05,3.29583,30
1,2298,p1,119,3.57567e-05,2.73477,30
1,2299,p1,125,4.13971e-05,3.07467,30
1,718,p1,1201,4.51024e-05,10.0205,10
1,719,p1,1239,4.50171e-05,10.0241,10
1,1750,p1,141,0.000109617,14.3568,50
1,1751,p1,106,0.000108041,14.2829,50
1,1752,p1,108,0.0001088,13.7495,50
1,1753,p1,171,0.000109748,14.3643,50
1,1754,p1,190,0.000103561,14.7924,50
1,1755,p1,144,0.000100082,14.5942,50
1,1756,p1,94,9.26766e-05,14.4046,50
1,1757,p1,151,9.6539e-05,14.4663,50
1,1758,p1,148,9.90011e-05,14.2548,50
1,1759,p1,108,8.70705e-05,14.3568,50
1,1760,p1,123,7.43327e-05,14.9607,50
1,1761,p1,147,8.08161e-05,14.8139,50
1,1762,p1,170,6.93458e-05,15.2488,50
1,1763,p1,167,7.31661e-05,15.2543,50
1,1764,p1,103,7.82873e-05,15.3446,50
1,1765,p1,152,8.21715e-05,15.134,50
1,1766,p1,145,7.04961e-05,15.4548,50
1,1767,p1,144,6.29234e-05,15.4915,50
1,1768,p1,112,8.41155e-05,15.1695,50
1,1750,p1,978,7.45524e-05,19.9293,20
1,1751,p1,1084,7.30345e-05,20.0047,20
1,1752,p1,1295,7.14482e-05,19.8516,20
1,1753,p1,1069,7.10274e-05,19.9038,20
1,1769,p1,116,5.31183e-05,15.5998,50
1,1770,p1,103,5.09266e-05,15.4638,50
1,1771,p1,172,3.99833e-05,15.8834,50
1,1772,p1,124,3.84687e-05,15.9095,50
1,1773,p1,120,4.35865e-05,15.9024,50
1,1774,p1,167,3.9913e-05,16.1668,50
1,1775,p1,136,3.39819e-05,16.1686,50
1,1776,p1,147,2.95981e-05,16.2058,50
1,1777,p1,217,3.74034e-05,16.2993,50
1,1778,p1,147,4.52874e-05,16.241,50
1,1779,p1,113,2.98739e-05,16.1905,50
1,1780,p1,167,2.22486e-05,16.1419,50
1,1781,p1,201,2.62918e-05,15.8837,50
1,1782,p1,114,3.34503e-05,15.9614,50
1,1783,p1,129,3.27976e-05,16.0889,50
1,1784,p1,117,2.74925e-05,15.9134,50
1,1785,p1,144,2.77305e-05,16.1993,50
1,1786,p1,147,2.99843e-05,15.772,50
1,1787,p1,138,2.49236e-05,15.8154,50
1,1788,p1,76,4.57531e-05,15.7482,50
1,1789,p1,151,3.06807e-05,16.002,50
1,1790,p1,161,2.53104e-05,16.0362,50
1,1791,p1,147,2.93669e-05,15.8795,50
1,1792,p1,131,4.04044e-05,15.8769,50
1,1793,p1,141,2.74232e-05,16.0389,50
1,1794,p1,128,2.33844e-05,15.9263,50
1,1795,p1,107,1.86523e-05,15.9407,50
1,1796,p1,161,1.95016e-05,16.0377,50
1,1797,p1,165,1.85636e-05,16.1637,50
1,1798,p1,153,1.91375e-05,16.0674,50
1,1799,p1,97,1.84233e-05,15.8549,50
1,1754,p1,1150,6.81676e-05,20.0418,20
1,720,p1,1403,4.5321e-05,10.0392,10
1,1755,p1,1128,7.06983e-05,19.9749,20
1,721,p1,1321,4.54344e-05,10.0332,10
1,722,p1,1218,4.53607e-05,10.03,10
1,2050,p1,109,3.11539e-05,-7.356,100
1,2051,p1,180,3.33844e-05,-6.86656,100
1,2052,p1,139,3.48766e-05,-6.84221,100
1,2053,p1,96,3.4719e-05,-7.14171,100
1,2054,p1,164,3.14695e-05,-7.17349,100
1,2055,p1,147,3.44456e-05,-6.86155,100
1,2056,p1,139,3.29587e-05,-6.9915,100
1,2057,p1,75,3.28516e-05,-7.21214,100
1,2058,p1,133,3.17225e-05,-7.21388,100
1,2059,p1,144,2.93752e-05,-6.89362,100
1,2060,p1,141,3.30401e-05,-6.8133,100
1,2061,p1,149,3.5457e-05,-6.72593,100
1,2300,p1,169,4.18497e-05,3.13361,30
1,2301,p1,159,4.51495e-05,3.62742,30
1,2302,p1,95,3.91269e-05,3.06252,30
1,2303,p1,149,3.96036e-05,3.31653,30
1,2304,p1,142,4.24194e-05,3.34893,30
1,2305,p1,107,3.19919e-05,3.23296,30
1,2062,p1,166,3.19544e-05,-6.94722,100
1,2306,p1,154,3.21707e-05,3.34075,30
1,2063,p1,141,3.2011e-05,-6.8782,100
1,2307,p1,137,3.40231e-05,3.55344,30
1,2064,p1,140,3.39306e-05,-6.79714,100
1,2308,p1,120,3.34858e-05,3.41725,30
1,2065,p1,114,3.4154e-05,-6.81533,100
1,2309,p1,111,3.84502e-05,3.97711,30
1,2066,p1,144,3.37008e-05,-6.35448,100
1,2310,p1,126,3.53023e-05,3.5687,30
1,2067,p1,140,3.53064e-05,-6.72064,100
1,2311,p1,149,4.42415e-05,4.41361,30
1,2312,p1,101,5.04857e-05,4.61221,30
1,2068,p1,159,3.6441e-05,-6.60689,100
1,2313,p1,165,4.04522e-05,4.12116,30
1,2069,p1,124,3.46895e-05,-7.00368,100
1,2070,p1,150,3.77809e-05,-7.0651,100
1,2314,p1,191,4.74861e-05,4.34868,30
1,2315,p1,138,3.9555e-05,3.81054,30
1,2071,p1,158,3.67746e-05,-6.79993,100
1,1756,p1,1017,7.20806e-05,19.9849,20
1,2316,p1,97,4.72627e-05,4.476,30
1,2317,p1,150,4.70676e-05,4.56694,30
1,2318,p1,131,4.84736e-05,4.67811,30
1,2319,p1,95,3.13939e-05,3.8112,30
1,2320,p1,128,3.02628e-05,3.54969,30
1,2321,p1,164,3.81003e-05,3.54869,30
1,2322,p1,128,4.2037e-05,4.54399,30
1,2323,p1,134,2.70107e-05,4.18333,30
1,2324,p1,159,2.52059e-05,3.69436,30
1,2325,p1,127,3.12794e-05,4.11317,30
1,2326,p1,106,2.96218e-05,4.18784,30
1,2327,p1,120,2.76458e-05,4.20293,30
1,2328,p1,110,2.69169e-05,3.81981,30
1,2329,p1,149,2.76688e-05,4.09109,30
1,2330,p1,113,2.6997e-05,4.0625,30
1,2331,p1,117,2.40069e-05,3.82728,30
1,2332,p1,148,2.54837e-05,4.10079,30
1,2333,p1,128,2.14267e-05,3.81481,30
1,2334,p1,130,2.12926e-05,3.85804,30
1,1757,p1,1204,7.25091e-05,19.9564,20
1,2335,p1,153,2.1333e-05,3.88344,30
1,2336,p1,135,2.01281e-05,4.02742,30
1,2337,p1,161,1.53567e-05,4.21024,30
1,2338,p1,118,1.63383e-05,4.23366,30
1,2339,p1,107,1.83239e-05,4.12226,30
1,2340,p1,138,1.61258e-05,4.26239,30
1,2341,p1,139,1.83321e-05,4.16537,30
1,1758,p1,1123,6.48368e-05,20.0857,20
1,2342,p1,149,1.84582e-05,4.2381,30
1,2343,p1,133,2.30219e-05,3.8112,30
1,1759,p1,997,6.61725e-05,19.9823,20
1,2072,p1,136,3.84175e-05,-6.34177,100
1,2073,p1,186,3.83627e-05,-6.32814,100
1,2074,p1,140,3.91875e-05,-6.43323,100
1,2075,p1,154,3.95712e-05,-6.21392,100
1,2076,p1,113,4.00486e-05,-6.27689,100
1,2077,p1,124,4.37659e-05,-6.52849,100
1,2078,p1,196,4.58733e-05,-6.10556,100
1,2079,p1,96,4.38493e-05,-6.18664,100
1,2344,p1,158,2.04805e-05,3.92645,30
1,2345,p1,125,1.58019e-05,4.2606,30
1,2346,p1,106,1.57707e-05,3.9455,30
1,2347,p1,153,1.879e-05,3.92794,30
1,2348,p1,189,1.91063e-05,3.82119,30
1,2349,p1,92,2.2588e-05,3.89465,30
1,2080,p1,139,4.2622e-05,-6.36592,100
1,2081,p1,112,4.11635e-05,-6.51483,100
1,2082,p1,133,4.80946e-05,-6.14532,100
1,2083,p1,121,4.61379e-05,-6.13385,100
1,2084,p1,161,4.45639e-05,-6.46217,100
1,2085,p1,137,4.4164e-05,-6.50778,100
1,2086,p1,98,4.22741e-05,-6.30465,100
1,2087,p1,191,4.30642e-05,-6.09586,100
1,2088,p1,160,4.26168e-05,-6.02896,100
1,2089,p1,119,3.99167e-05,-5.82533,100
1,2090,p1,123,4.44507e-05,-5.57354,100
1,2091,p1,162,4.27728e-05,-5.5789,100
1,723,p1,1419,4.50695e-05,10.0509,10
1,1760,p1,1143,6.94663e-05,19.9951,20
1,724,p1,1326,4.53921e-05,10.0417,10
1,1761,p1,1159,6.84882e-05,19.9658,20
1,1762,p1,983,6.90476e-05,19.9031,20
1,725,p1,1386,4.53406e-05,10.0288,10
1,2092,p1,150,4.03724e-05,-5.81806,100
1,2093,p1,103,3.94151e-05,-5.70297,100
1,2094,p1,117,3.9066e-05,-5.60238,100
1,2095,p1,131,3.71429e-05,-5.93959,100
1,2096,p1,143,4.04279e-05,-5.93943,100
1,2097,p1,143,4.33312e-05,-5.73754,100
1,2098,p1,125,4.38662e-05,-5.58389,100
1,2099,p1,129,4.32747e-05,-5.60849,100
1,2100,p1,153,4.37387e-05,-5.47357,100
1,2101,p1,139,3.85208e-05,-5.68639,100
1,2102,p1,103,3.96772e-05,-5.49383,100
1,2103,p1,182,3.7817e-05,-5.80889,100
1,2104,p1,110,3.6431e-05,-5.32082,100
1,1800,p1,151,1.8067e-05,16.0738,50
1,2105,p1,122,3.92959e-05,-5.65473,100
1,1801,p1,134,1.7764e-05,15.8069,50
1,2106,p1,158,3.90743e-05,-5.27784,100
1,1802,p1,126,2.15772e-05,16.0668,50
1,2107,p1,107,3.33169e-05,-5.89996,100
1,1803,p1,144,2.1264e-05,16.3575,50
1,2108,p1,124,3.90677e-05,-5.51669,100
1,1804,p1,137,2.03402e-05,16.3005,50
1,2109,p1,165,3.89278e-05,-5.51303,100
1,2110,p1,108,3.9384e-05,-5.3223,100
1,1805,p1,160,2.10658e-05,16.3754,50
1,1806,p1,135,2.27775e-05,16.4827,50
1,2111,p1,174,3.9679e-05,-5.57605,100
1,1807,p1,97,1.97396e-05,16.1416,50
1,2112,p1,149,3.79758e-05,-5.60059,100
1,1808,p1,146,2.24876e-05,16.4169,50
1,2113,p1,143,3.34126e-05,-5.58346,100
1,1809,p1,122,2.22575e-05,16.2181,50
1,2114,p1,114,3.2121e-05,-5.99452,100
1,1810,p1,145,2.45184e-05,16.2301,50
1,2115,p1,160,3.14002e-05,-6.0308,100
1,1811,p1,154,2.1631e-05,16.1378,50
1,2116,p1,123,3.26842e-05,-5.56864,100
1,1812,p1,154,2.37409e-05,15.9963,50
1,2117,p1,126,3.37415e-05,-5.40842,100
1,1813,p1,136,2.48192e-05,15.7437,50
1,2118,p1,142,3.63651e-05,-5.02804,100
1,2119,p1,136,3.8068e-05,-4.8411,100
1,1814,p1,179,2.38707e-05,15.7973,50
1,1815,p1,102,2.41104e-05,15.7783,50
1,2120,p1,139,3.48949e-05,-4.89257,100
1,1763,p1,1099,6.95771e-05,19.9952,20
1,1764,p1,1106,6.73323e-05,19.9542,20
1,1816,p1,147,2.55912e-05,15.7525,50
1,1817,p1,144,2.4904e-05,15.4854,50
1,1818,p1,89,2.6294e-05,15.3904,50
1,1819,p1,134,2.65903e-05,15.7409,50
1,1820,p1,139,2.68889e-05,15.6096,50
1,1821,p1,127,1.97647e-05,15.0777,50
1,1822,p1,112,2.63058e-05,15.7552,50
1,1823,p1,99,2.56474e-05,15.9443,50
1,1824,p1,131,2.59562e-05,15.6353,50
1,1825,p1,166,2.34448e-05,15.2501,50
1,1826,p1,142,2.41202e-05,15.7155,50
1,1827,p1,97,2.04044e-05,16.0193,50
1,2350,p1,128,2.29193e-05,3.88792,30
1,2351,p1,126,2.09688e-05,3.68111,30
1,2352,p1,129,1.95541e-05,3.64064,30
1,2353,p1,98,1.7564e-05,3.67119,30
1,2354,p1,146,1.85342e-05,3.96098,30
1,2355,p1,134,1.6504e-05,3.80324,30
1,2356,p1,114,1.70526e-05,3.6254,30
1,2357,p1,120,1.58635e-05,3.65231,30
1,2358,p1,154,1.69019e-05,3.76074,30
1,2359,p1,117,1.89126e-05,3.77045,30
1,2360,p1,117,1.72653e-05,3.79811,30
1,2361,p1,137,1.84011e-05,3.55609,30
1,1828,p1,161,2.41241e-05,15.9375,50
1,1829,p1,118,2.14148e-05,15.8313,50
1,2362,p1,150,1.94902e-05,3.68139,30
1,2363,p1,130,2.05414e-05,3.76762,30
1,1830,p1,186,2.35202e-05,15.4475,50
1,2364,p1,140,2.4876e-05,3.86305,30
1,1831,p1,143,2.00731e-05,15.4157,50
1,2365,p1,105,2.18998e-05,3.50544,30
1,1832,p1,128,2.31448e-05,15.8555,50
1,2366,p1,121,2.07906e-05,3.63861,30
1,1833,p1,198,2.22533e-05,15.5711,50
1,2367,p1,149,2.51804e-05,3.73709,30
1,1834,p1,127,2.14232e-05,15.3238,50
1,2368,p1,161,2.50772e-05,3.86578,30
1,1835,p1,141,2.03088e-05,15.038,50
1,2369,p1,100,2.2288e-05,3.64177,30
1,1836,p1,164,2.21789e-05,15.0845,50
1,2370,p1,169,2.50562e-05,3.75937,30
1,1837,p1,140,2.81645e-05,14.9814,50
1,2371,p1,108,2.36887e-05,4.08,30
1,1838,p1,117,2.35718e-05,15.3404,50
1,2372,p1,145,2.39848e-05,3.91524,30
1,2373,p1,126,2.5571e-05,4.07789,30
1,2374,p1,137,2.90194e-05,4.0639,30
1,2375,p1,133,2.94044e-05,3.98091,30
1,2376,p1,139,2.40032e-05,4.10817,30
1,2377,p1,125,2.55328e-05,4.02536,30
1,2378,p1,110,2.46967e-05,3.95667,30
1,2379,p1,180,2.33606e-05,3.74683,30
1,2380,p1,143,2.32112e-05,3.99844,30
1,2381,p1,119,2.17033e-05,4.22172,30
1,2382,p1,127,2.18526e-05,4.32643,30
1,2383,p1,175,2.13084e-05,4.35301,30
1,2384,p1,134,2.31836e-05,4.42637,30
1,726,p1,1440,4.52142e-05,10.0284,10
1,727,p1,1300,4.44681e-05,10.0234,10
1,2121,p1,137,3.27356e-05,-4.88774,100
1,2122,p1,117,3.67415e-05,-5.11984,100
1,2123,p1,169,3.67622e-05,-5.10916,100
1,2124,p1,140,3.10977e-05,-4.76946,100
1,2125,p1,129,3.36596e-05,-4.75401,100
1,2126,p1,190,3.33033e-05,-5.11394,100
1,2127,p1,135,3.6977e-05,-5.19159,100
1,2128,p1,113,3.93519e-05,-4.59075,100
1,2129,p1,131,3.26563e-05,-4.94138,100
1,2130,p1,160,3.38084e-05,-4.98426,100
1,2131,p1,134,3.44111e-05,-5.14867,100
1,1839,p1,155,2.53555e-05,15.1772,50
1,1840,p1,130,2.77604e-05,15.5276,50
1,1841,p1,133,2.75352e-05,15.8385,50
1,1842,p1,116,3.08472e-05,15.5662,50
1,1843,p1,136,2.68755e-05,15.3378,50
1,1844,p1,129,2.58125e-05,15.4881,50
1,1845,p1,110,2.70306e-05,15.8093,50
1,1846,p1,151,2.57294e-05,15.5775,50
1,1847,p1,142,3.19773e-05,15.3926,50
1,1848,p1,119,3.0382e-05,15.5757,50
1,1849,p1,184,3.16279e-05,15.1436,50
1,1850,p1,129,3.55667e-05,15.2934,50
1,2385,p1,127,2.24927e-05,4.12822,30
1,2386,p1,187,2.39506e-05,4.04407,30
1,2387,p1,141,2.30192e-05,4.30784,30
1,2388,p1,151,2.30457e-05,4.69874,30
1,2389,p1,118,2.27718e-05,4.08863,30
1,2390,p1,137,2.28131e-05,3.98739,30
1,2391,p1,167,2.19483e-05,4.37905,30
1,2392,p1,91,2.21121e-05,4.76685,30
1,2393,p1,121,2.33488e-05,4.3963,30
1,2394,p1,170,2.41621e-05,4.20337,30
1,2395,p1,134,2.37673e-05,4.50565,30
1,2396,p1,98,2.45762e-05,3.9613,30
1,2397,p1,142,2.60062e-05,4.47352,30
1,1765,p1,1132,6.70384e-05,19.9335,20
1,1766,p1,1141,7.00028e-05,19.9937,20
1,2132,p1,187,3.35011e-05,-5.1964,100
1,2133,p1,112,3.41478e-05,-5.54014,100
1,2134,p1,161,3.47722e-05,-5.59553,100
1,2135,p1,125,3.31997e-05,-6.00508,100
1,2136,p1,158,3.25961e-05,-6.22482,100
1,2137,p1,151,3.32817e-05,-6.09531,100
1,2138,p1,82,3.3634e-05,-6.10102,100
1,2139,p1,124,3.62676e-05,-6.1107,100
1,2140,p1,160,3.50277e-05,-5.9348,100
1,2141,p1,146,3.36454e-05,-6.15911,100
1,2142,p1,123,3.28488e-05,-6.44955,100
1,2143,p1,125,3.79075e-05,-6.50912,100
1,728,p1,1331,4.51835e-05,9.99741,10
1,1851,p1,98,3.53655e-05,15.9331,50
1,1852,p1,175,3.33833e-05,15.2948,50
1,1853,p1,144,3.67371e-05,15.2778,50
1,1854,p1,122,3.82773e-05,15.0767,50
1,1855,p1,135,3.82579e-05,14.2674,50
1,1856,p1,134,3.66181e-05,14.5406,50
1,1857,p1,137,3.65129e-05,15.0469,50
1,1858,p1,110,3.78231e-05,15.0287,50
1,1859,p1,125,3.56797e-05,14.826,50
1,1860,p1,130,3.24997e-05,15.2404,50
1,1861,p1,126,3.59136e-05,15.6497,50
1,2398,p1,163,2.67372e-05,4.18536,30
1,2399,p1,125,2.78579e-05,3.49288,30
1,2144,p1,143,4.27121e-05,-6.35203,100
1,2145,p1,166,3.61869e-05,-6.57313,100
1,2146,p1,117,3.87369e-05,-6.86936,100
1,2147,p1,146,3.88004e-05,-6.87287,100
1,2148,p1,108,3.8894e-05,-7.38867,100
1,2149,p1,134,3.4914e-05,-7.46305,100
1,2150,p1,132,3.2766e-05,-7.69695,100
1,2151,p1,121,3.44819e-05,-7.76864,100
1,2152,p1,113,3.15287e-05,-7.7541,100
1,2153,p1,159,3.17857e-05,-7.66794,100
1,2154,p1,141,3.36203e-05,-7.48542,100
1,1862,p1,164,3.50915e-05,15.7138,50
1,1863,p1,158,3.57313e-05,15.1123,50
1,1864,p1,142,3.41363e-05,15.2079,50
1,1865,p1,117,3.44525e-05,14.9584,50
1,1866,p1,179,3.65143e-05,15.0039,50
1,1867,p1,147,3.29946e-05,15.3025,50
1,1868,p1,99,3.4321e-05,15.3809,50
1,1869,p1,149,3.40944e-05,15.5675,50
1,729,p1,1280,4.49215e-05,10.0114,10
1,1870,p1,137,3.62116e-05,15.6734,50
1,1871,p1,132,3.85098e-05,15.3606,50
1,1872,p1,131,3.69862e-05,15.2647,50
1,1767,p1,913,7.05954e-05,19.9529,20
1,1768,p1,1140,6.85253e-05,19.9446,20
1,1769,p1,1113,6.85332e-05,19.9921,20
1,1873,p1,156,3.78797e-05,15.5809,50
1,1874,p1,111,3.59098e-05,15.566,50
1,1875,p1,108,3.89202e-05,15.7702,50
1,1876,p1,107,3.87357e-05,15.5744,50
1,1877,p1,140,3.82974e-05,15.5835,50
1,1878,p1,146,3.75866e-05,15.6375,50
1,1879,p1,111,3.78537e-05,15.9824,50
1,1880,p1,136,3.63079e-05,16.116,50
1,1881,p1,154,3.68606e-05,16.0508,50
1,1882,p1,133,4.04407e-05,16.4337,50
1,1883,p1,150,4.07147e-05,16.155,50
1,1884,p1,183,3.95085e-05,16.0339,50
1,2155,p1,118,3.43536e-05,-7.56657,100
1,2156,p1,219,3.32036e-05,-7.52814,100
1,2157,p1,146,3.61782e-05,-7.79715,100
1,2158,p1,93,3.24552e-05,-7.67377,100
1,2159,p1,140,3.07038e-05,-7.73451,100
1,2160,p1,194,2.99859e-05,-8.08937,100
1,2161,p1,161,3.00338e-05,-8.0436,100
1,2162,p1,100,2.9327e-05,-8.25667,100
1,2163,p1,139,2.82001e-05,-8.16129,100
1,2164,p1,145,3.00017e-05,-8.13052,100
1,2165,p1,163,2.85517e-05,-8.16212,100
1,730,p1,1398,4.49444e-05,10.0019,10
1,1770,p1,1077,7.04708e-05,19.8722,20
1,1885,p1,119,3.99008e-05,15.908,50
1,1886,p1,126,4.04312e-05,16.0251,50
1,1887,p1,121,3.95878e-05,16.0344,50
1,1888,p1,136,3.9784e-05,15.9985,50
1,1889,p1,151,4.32624e-05,15.832,50
1,1890,p1,146,4.0612e-05,15.9406,50
1,731,p1,1291,4.42971e-05,10.0247,10
1,1891,p1,119,4.01582e-05,15.8071,50
1,1892,p1,183,4.06474e-05,15.816,50
1,1893,p1,145,4.11422e-05,15.7358,50
1,1894,p1,120,4.27701e-05,15.6592,50
1,1895,p1,121,4.07797e-05,15.6588,50
1,1771,p1,1114,6.81983e-05,20.0385,20
1,1772,p1,1113,6.77459e-05,19.9318,20
1,1896,p1,144,4.19326e-05,15.8089,50
1,1897,p1,97,4.40174e-05,15.5659,50
1,1898,p1,95,4.06244e-05,15.4547,50
1,1899,p1,176,4.43708e-05,15.4987,50
1,1900,p1,155,4.27952e-05,15.5139,50
1,1901,p1,117,4.06838e-05,15.5538,50
1,1902,p1,160,4.39443e-05,15.5164,50
1,1903,p1,142,4.11719e-05,15.5338,50
1,1904,p1,122,3.9831e-05,15.447,50
1,1905,p1,126,4.21573e-05,15.7602,50
1,732,p1,1219,4.48788e-05,10.0105,10
1,733,p1,1342,4.46093e-05,10.0046,10
1,1906,p1,135,4.51018e-05,15.3487,50
1,1907,p1,138,4.44295e-05,15.4144,50
1,1908,p1,161,4.21531e-05,15.3972,50
1,1909,p1,106,4.67408e-05,15.2947,50
1,1910,p1,119,4.55169e-05,15.1276,50
1,1911,p1,178,4.33069e-05,15.5776,50
1,1912,p1,129,4.48182e-05,15.3842,50
1,1913,p1,138,4.32834e-05,15.2112,50
1,1914,p1,141,4.12658e-05,15.218,50
1,1915,p1,128,4.00092e-05,14.9451,50
1,1916,p1,128,4.14203e-05,15.2836,50
1,1917,p1,163,4.26727e-05,15.1066,50
1,734,p1,1315,4.5056e-05,10.003,10
1,2166,p1,105,3.02104e-05,-8.36109,100
1,2167,p1,160,2.94697e-05,-8.38877,100
1,2168,p1,127,3.0306e-05,-8.50205,100
1,2169,p1,109,3.11283e-05,-8.22219,100
1,2170,p1,126,3.06885e-05,-8.42216,100
1,2171,p1,141,2.83011e-05,-8.62557,100
1,2172,p1,118,3.03469e-05,-8.56454,100
1,2173,p1,143,2.99203e-05,-8.49615,100
1,2174,p1,125,2.82624e-05,-8.59364,100
1,2175,p1,129,2.57235e-05,-8.50006,100
1,2176,p1,167,2.43922e-05,-8.61839,100
1,735,p1,1350,4.5141e-05,9.9996,10
1,736,p1,1364,4.42716e-05,9.98136,10
1,737,p1,1263,4.48929e-05,9.98511,10
1,1918,p1,115,4.34922e-05,15.1084,50
1,1919,p1,143,4.20989e-05,15.1087,50
1,1920,p1,124,4.33344e-05,14.8536,50
1,1921,p1,105,4.54712e-05,15.0875,50
1,1922,p1,136,4.99676e-05,14.8613,50
1,1923,p1,130,4.8053e-05,15.1842,50
1,1924,p1,140,4.74696e-05,15.0841,50
1,1925,p1,190,4.65762e-05,15.4209,50
1,1926,p1,112,4.56393e-05,15.23,50
1,1927,p1,151,4.43717e-05,15.1429,50
1,1928,p1,148,4.53093e-05,14.9944,50
1,1929,p1,141,4.8524e-05,14.7054,50
1,1930,p1,106,4.79539e-05,14.5598,50
1,1931,p1,153,4.63975e-05,14.6817,50
1,1932,p1,162,4.5827e-05,14.3038,50
1,738,p1,1246,4.427e-05,10.0334,10
1,2400,p1,110,2.84041e-05,3.29162,30
1,2401,p1,150,2.92104e-05,3.63058,30
1,2402,p1,124,2.86346e-05,4.32399,30
1,2403,p1,126,3.02242e-05,3.9808,30
1,2404,p1,131,3.09664e-05,3.68849,30
1,2405,p1,124,3.16015e-05,3.64078,30
1,2406,p1,154,2.86144e-05,4.44854,30
1,2407,p1,122,2.73317e-05,4.59745,30
1,2408,p1,158,2.78355e-05,3.86271,30
1,2409,p1,127,2.63091e-05,4.61041,30
1,2410,p1,98,2.81685e-05,4.46388,30
1,739,p1,1209,4.35419e-05,10.0101,10
1,740,p1,1490,4.31254e-05,10.004,10
1,741,p1,1281,4.3803e-05,10.0177,10
1,742,p1,1318,4.39975e-05,10.0219,10
1,2411,p1,163,2.71909e-05,4.39956,30
1,2412,p1,160,2.74658e-05,4.17081,30
1,2413,p1,123,2.82976e-05,4.35597,30
1,2414,p1,98,2.58106e-05,4.55985,30
1,2415,p1,147,2.78426e-05,4.29812,30
1,2416,p1,145,2.82392e-05,3.9653,30
1,2417,p1,153,2.79642e-05,4.15189,30
1,2418,p1,136,2.61094e-05,4.41393,30
1,2419,p1,138,2.6041e-05,4.33384,30
1,2420,p1,126,2.40993e-05,4.78084,30
1,2421,p1,136,2.38127e-05,4.77086,30
1,743,p1,1305,4.41603e-05,9.99756,10
1,2177,p1,94,2.32011e-05,-8.71719,100
1,2178,p1,117,2.54153e-05,-8.52564,100
1,2179,p1,119,2.3731e-05,-8.65907,100
1,2180,p1,170,2.54848e-05,-8.63854,100
1,2181,p1,121,2.80104e-05,-8.50184,100
1,2182,p1,124,2.52179e-05,-8.67154,100
1,2183,p1,115,3.05282e-05,-8.62419,100
1,2184,p1,148,2.89863e-05,-8.60166,100
1,2185,p1,119,2.37882e-05,-8.83867,100
1,2186,p1,149,1.97079e-05,-8.99458,100
1,744,p1,1273,4.39351e-05,9.99566,10
1,2187,p1,153,1.97025e-05,-8.79918,100
1,2188,p1,166,2.01462e-05,-9.04239,100
1,745,p1,1216,4.40506e-05,10.002,10
1,1773,p1,1015,6.79685e-05,19.961,20
1,1774,p1,1160,6.77906e-05,20.0066,20
1,1775,p1,1080,6.9249e-05,20.0101,20
1,2422,p1,148,1.97802e-05,5.43369,30
1,2423,p1,124,1.99655e-05,5.36572,30
1,2424,p1,119,1.74264e-05,5.52589,30
1,2425,p1,158,1.9417e-05,5.30624,30
1,2426,p1,127,1.72218e-05,5.5834,30
1,2427,p1,102,1.65571e-05,5.72799,30
1,2428,p1,145,1.7298e-05,5.49101,30
1,2429,p1,189,1.55066e-05,5.69376,30
1,2430,p1,94,1.80942e-05,5.3817,30
1,2431,p1,118,2.10967e-05,4.96266,30
1,2432,p1,159,2.66576e-05,4.68822,30
1,2433,p1,117,2.56728e-05,4.59423,30
1,2434,p1,119,2.422e-05,5.23806,30
1,746,p1,1346,4.36408e-05,9.98812,10
1,1933,p1,153,4.67786e-05,14.516,50
1,1934,p1,103,4.49793e-05,14.2184,50
1,1935,p1,122,4.50685e-05,14.0272,50
1,1936,p1,146,4.80325e-05,13.8639,50
1,1937,p1,153,4.81687e-05,13.7656,50
1,1938,p1,149,4.62711e-05,13.9471,50
1,1939,p1,109,4.41146e-05,13.8471,50
1,1940,p1,107,4.78745e-05,13.5202,50
1,1941,p1,134,4.61475e-05,13.7372,50
1,1942,p1,149,4.62475e-05,13.7466,50
1,1943,p1,124,4.2046e-05,14.3396,50
1,1944,p1,100,3.86935e-05,14.5177,50
1,2435,p1,167,2.43922e-05,5.12895,30
1,2436,p1,103,2.64869e-05,4.93528,30
1,2437,p1,145,2.84007e-05,4.78612,30
1,2438,p1,127,3.07992e-05,4.36507,30
1,2439,p1,177,2.98327e-05,4.62864,30
1,2440,p1,132,3.1687e-05,4.56903,30
1,2441,p1,124,3.53213e-05,4.06072,30
1,2442,p1,142,3.58287e-05,3.89284,30
1,2443,p1,131,3.49709e-05,4.20777,30
1,2444,p1,124,2.79562e-05,5.33193,30
1,2445,p1,122,2.8325e-05,5.2642,30
1,747,p1,1284,4.42259e-05,10.0119,10
1,2189,p1,147,2.36975e-05,-8.85122,100
1,2190,p1,102,2.20978e-05,-9.08726,100
1,2191,p1,141,1.85358e-05,-9.30099,100
1,2192,p1,115,1.79267e-05,-9.00219,100
1,2193,p1,154,1.94124e-05,-9.23654,100
1,2194,p1,165,2.41543e-05,-9.09284,100
1,2195,p1,65,2.86213e-05,-9.05515,100
1,2196,p1,129,1.89995e-05,-9.1245,100
1,2197,p1,141,1.8069e-05,-9.10587,100
1,2198,p1,177,1.87823e-05,-9.11206,100
1,2199,p1,97,1.99261e-05,-9.06536,100
1,1945,p1,135,3.84422e-05,14.5894,50
1,1946,p1,145,3.79548e-05,14.5846,50
1,1947,p1,177,3.72422e-05,14.2784,50
1,1948,p1,118,3.74138e-05,14.7251,50
1,1949,p1,163,3.6552e-05,14.5004,50
1,2446,p1,141,3.04834e-05,4.62819,30
1,2447,p1,125,3.07917e-05,4.9781,30
1,2448,p1,149,3.08585e-05,4.89065,30
1,2449,p1,154,2.46652e-05,5.7476,30
1,1776,p1,1160,6.74038e-05,20.0238,20
1,748,p1,1232,4.45817e-05,10.0191,10
1,749,p1,1222,4.4046e-05,10.0249,10
1,1777,p1,1000,6.71818e-05,20.0135,20
1,1778,p1,1154,6.84657e-05,20.0107,20
1,1779,p1,1230,6.72149e-05,19.9845,20
1,1780,p1,967,7.00382e-05,19.9025,20
1,1781,p1,1078,7.06924e-05,19.9566,20
1,1782,p1,1135,6.94244e-05,19.8785,20
1,1783,p1,1183,6.97111e-05,19.9041,20
1,1784,p1,1026,7.01165e-05,19.8462,20
1,1950,p1,114,3.87008e-05,14.1932,50
1,1951,p1,146,3.7306e-05,14.584,50
1,1952,p1,143,3.89848e-05,14.3863,50
1,1953,p1,151,3.85334e-05,14.3116,50
1,1954,p1,85,4.51792e-05,14.3027,50
1,1955,p1,144,4.49973e-05,14.2715,50
1,1956,p1,171,4.50757e-05,14.5054,50
1,1957,p1,175,4.51489e-05,14.5516,50
1,1958,p1,117,4.64537e-05,14.5916,50
1,1959,p1,126,4.96888e-05,14.581,50
1,1960,p1,228,4.45207e-05,14.4845,50
1,2450,p1,112,2.56995e-05,5.59848,30
1,2451,p1,154,2.29193e-05,5.66647,30
1,2452,p1,101,2.37163e-05,5.53519,30
1,2453,p1,157,2.62603e-05,5.06825,30
1,2454,p1,133,2.3555e-05,5.54058,30
1,2455,p1,129,2.84902e-05,5.07908,30
1,2456,p1,144,2.92892e-05,5.24771,30
1,2457,p1,130,2.70509e-05,5.531,30
1,2458,p1,136,3.12365e-05,5.2737,30
1,2459,p1,108,2.91534e-05,5.79045,30
1,2460,p1,118,2.77718e-05,5.61653,30
1,2461,p1,119,3.29221e-05,5.3864,30
1,2462,p1,139,3.41191e-05,5.08217,30
1,2463,p1,170,3.45012e-05,5.39455,30
1,2464,p1,104,3.2016e-05,5.6962,30
1,2465,p1,117,3.31456e-05,6.26662,30
1,2466,p1,174,3.25623e-05,6.25447,30
1,2200,p1,134,2.09482e-05,-9.07235,100
1,2467,p1,181,3.44094e-05,6.05766,30
1,2468,p1,97,3.57254e-05,5.84003,30
1,2201,p1,149,1.90068e-05,-9.02985,100
1,2469,p1,151,3.64216e-05,5.95846,30
1,2202,p1,163,2.12584e-05,-9.01311,100
1,1785,p1,1026,6.79214e-05,19.9379,20
1,2470,p1,147,3.94729e-05,6.10874,30
1,2203,p1,152,2.42521e-05,-8.97315,100
1,2471,p1,151,3.73302e-05,6.51222,30
1,2204,p1,126,2.41566e-05,-8.75182,100
1,1961,p1,153,4.58631e-05,14.3164,50
1,1962,p1,69,4.59399e-05,14.5718,50
1,1963,p1,139,4.69303e-05,15.2106,50
1,1964,p1,162,4.06217e-05,14.7602,50
1,1965,p1,89,4.26026e-05,14.8651,50
1,1966,p1,137,4.27151e-05,15.025,50
1,1967,p1,172,4.39503e-05,14.6579,50
1,1968,p1,139,4.52621e-05,14.9389,50
1,1969,p1,113,4.94749e-05,15.2059,50
1,1970,p1,119,4.91794e-05,15.0732,50
1,1971,p1,156,4.61091e-05,14.8509,50
1,2205,p1,124,2.43155e-05,-8.67003,100
1,2206,p1,161,2.68445e-05,-8.80197,100
1,2207,p1,128,2.39703e-05,-8.86129,100
1,2208,p1,90,2.40864e-05,-8.83001,100
1,2209,p1,115,2.68945e-05,-8.79722,100
1,1786,p1,1227,6.66399e-05,19.923,20
1,2210,p1,175,2.65824e-05,-8.81721,100
1,2211,p1,129,2.71246e-05,-8.86484,100
1,2212,p1,130,3.24479e-05,-8.74003,100
1,2213,p1,102,3.31632e-05,-8.71303,100
1,2214,p1,145,2.90152e-05,-8.75548,100
1,2215,p1,153,3.29021e-05,-8.74928,100
1,2216,p1,108,3.52332e-05,-8.81636,100
1,2217,p1,141,3.44211e-05,-8.81623,100
1,2218,p1,107,2.902e-05,-8.98541,100
1,1787,p1,1106,6.83931e-05,19.9324,20
1,2219,p1,162,3.39272e-05,-8.76863,100
1,2220,p1,122,3.48586e-05,-8.59444,100
1,2221,p1,139,3.18576e-05,-8.65922,100
1,2222,p1,133,3.50712e-05,-8.76544,100
1,2223,p1,174,3.8133e-05,-8.74667,100
1,2224,p1,128,3.72922e-05,-8.45075,100
1,2225,p1,140,3.61477e-05,-8.57234,100
1,1788,p1,1002,7.09397e-05,19.9289,20
1,2472,p1,103,3.96263e-05,5.87824,30
1,2473,p1,130,3.81367e-05,6.39934,30
1,1972,p1,163,5.04279e-05,14.946,50
1,1973,p1,119,5.18389e-05,15.0387,50
1,1974,p1,111,5.3783e-05,15.1972,50
1,1975,p1,125,5.41027e-05,15.2351,50
1,1976,p1,121,4.87252e-05,15.3758,50
1,1977,p1,160,5.05797e-05,14.9463,50
1,1978,p1,108,4.99944e-05,14.4875,50
1,1979,p1,125,5.07459e-05,14.3252,50
1,1980,p1,173,4.71633e-05,14.5669,50
1,1981,p1,168,4.34853e-05,14.2422,50
1,1982,p1,119,4.50579e-05,14.6156,50
1,1983,p1,149,5.46237e-05,14.3057,50
1,2474,p1,150,4.03107e-05,6.15368,30
1,2475,p1,111,4.30521e-05,6.25497,30
1,2476,p1,105,4.16376e-05,6.3531,30
1,2477,p1,140,4.19196e-05,6.41846,30
1,2478,p1,160,4.36086e-05,6.62783,30
1,2479,p1,117,4.56381e-05,6.94995,30
1,2480,p1,150,4.82378e-05,6.86652,30
1,2481,p1,139,4.72452e-05,7.15365,30
1,2482,p1,90,4.8279e-05,7.30897,30
1,2483,p1,164,4.71141e-05,7.19107,30
1,2484,p1,159,4.57233e-05,7.03754,30
1,750,p1,1269,4.29475e-05,10.0012,10
1,751,p1,1335,4.3336e-05,9.99951,10
1,752,p1,1315,4.41831e-05,10.0007,10
1,2485,p1,134,4.60492e-05,7.08222,30
1,2486,p1,143,4.59027e-05,7.05874,30
1,2487,p1,99,4.07652e-05,7.52737,30
1,2488,p1,141,4.38735e-05,7.26325,30
1,2489,p1,122,4.5953e-05,7.04787,30
1,753,p1,1478,4.46702e-05,10.0208,10
1,2490,p1,134,3.79798e-05,7.49797,30
1,2491,p1,118,3.88347e-05,7.53626,30
1,2492,p1,146,4.05294e-05,7.57937,30
1,2493,p1,127,3.86546e-05,7.68209,30
1,2494,p1,134,4.03951e-05,7.74557,30
1,2495,p1,166,4.26183e-05,7.57713,30
1,2496,p1,111,4.42391e-05,7.59915,30
1,2497,p1,124,4.56484e-05,7.41863,30
1,754,p1,1201,4.53638e-05,10.0095,10
1,2226,p1,117,3.4089e-05,-8.912,100
1,2227,p1,166,3.65367e-05,-8.79488,100
1,2228,p1,164,3.59308e-05,-8.77033,100
1,2229,p1,142,3.68144e-05,-8.67031,100
1,2230,p1,135,3.3515e-05,-8.4567,100
1,2231,p1,116,3.59405e-05,-8.2838,100
1,2232,p1,118,3.63847e-05,-8.27555,100
1,2233,p1,125,3.44915e-05,-8.18398,100
1,2234,p1,174,3.68568e-05,-8.16831,100
1,2235,p1,123,3.82342e-05,-8.1496,100
1,2236,p1,108,3.95113e-05,-8.02313,100
1,2237,p1,133,3.8146e-05,-8.17479,100
1,1984,p1,121,4.43829e-05,14.1574,50
1,1985,p1,190,4.08668e-05,14.227,50
1,1986,p1,95,4.49501e-05,14.4678,50
1,1987,p1,135,4.19844e-05,14.5121,50
1,1988,p1,162,4.75391e-05,14.5646,50
1,1989,p1,144,4.42368e-05,14.2478,50
1,1990,p1,150,4.33229e-05,14.5527,50
1,1991,p1,143,4.3443e-05,14.5785,50
1,755,p1,1367,4.45552e-05,10.0134,10
1,1992,p1,91,4.4587e-05,14.5821,50
1,1993,p1,144,4.91322e-05,14.6878,50
1,1994,p1,131,4.57829e-05,14.6532,50
1,756,p1,1424,4.61234e-05,10.0024,10
1,2498,p1,191,4.37159e-05,7.48278,30
1,2499,p1,164,4.65805e-05,7.39418,30
1,757,p1,1205,4.67839e-05,9.96602,10
1,1789,p1,1163,7.0764e-05,19.9927,20
1,758,p1,1253,4.64965e-05,9.97929,10
1,1995,p1,127,4.67162e-05,15.115,50
1,1996,p1,142,5.08835e-05,15.347,50
1,1997,p1,161,4.67345e-05,14.9703,50
1,1998,p1,151,4.64607e-05,14.6025,50
1,759,p1,1245,4.71278e-05,9.99844,10
1,1999,p1,143,4.58162e-05,14.278,50
1,760,p1,1593,4.73545e-05,10.0047,10
1,2238,p1,156,3.86668e-05,-8.09138,100
1,2239,p1,140,4.11694e-05,-7.9558,100
1,2240,p1,107,3.96449e-05,-8.11435,100
1,2241,p1,144,4.16028e-05,-7.88684,100
1,2242,p1,152,4.1625e-05,-7.74521,100
1,2243,p1,152,3.98003e-05,-8.0915,100
1,2244,p1,183,4.10687e-05,-7.82006,100
1,2245,p1,136,4.35992e-05,-7.55191,100
1,2246,p1,132,4.20957e-05,-7.95897,100
1,2247,p1,184,4.09436e-05,-7.82629,100
1,2248,p1,125,4.04134e-05,-7.44768,100
1,2249,p1,136,3.78476e-05,-7.61946,100
1,1790,p1,1126,7.47358e-05,19.8755,20
1,1791,p1,1161,7.32916e-05,19.9836,20
1,761,p1,1283,4.77542e-05,10.0133,10
1,762,p1,1298,4.7936e-05,10.0106,10
1,1792,p1,1191,7.62729e-05,19.8825,20
1,1793,p1,1041,7.43261e-05,19.8572,20
1,763,p1,1333,4.8425e-05,9.98353,10
1,764,p1,1331,4.79044e-05,9.98548,10
1,765,p1,1234,4.82003e-05,9.98506,10
1,766,p1,1322,4.85664e-05,9.97673,10
1,767,p1,1379,4.8018e-05,9.98853,10
1,768,p1,1173,4.85119e-05,9.97825,10
1,769,p1,1252,4.98623e-05,9.99744,10
1,770,p1,1298,4.94318e-05,9.98736,10
1,771,p1,1242,4.94853e-05,9.97603,10
1,1794,p1,1032,7.33698e-05,19.7923,20
1,1795,p1,1086,7.23113e-05,20.0174,20
1,1796,p1,1104,7.3921e-05,19.9178,20
1,1797,p1,1082,7.31756e-05,19.9228,20
1,772,p1,1377,5.05584e-05,9.9739,10
1,773,p1,1337,5.06343e-05,9.92128,10
1,1798,p1,1181,7.2098e-05,19.9114,20
1,2000,p1,101,4.16812e-05,14.5782,50
1,2001,p1,154,4.47287e-05,14.5197,50
1,2002,p1,165,4.08577e-05,14.6097,50
1,2003,p1,120,3.93431e-05,14.4564,50
1,2004,p1,148,3.90737e-05,14.8623,50
1,2005,p1,153,3.71285e-05,14.4662,50
1,2006,p1,105,3.4185e-05,14.3539,50
1,2007,p1,129,3.27507e-05,14.1758,50
1,2008,p1,150,3.75716e-05,14.4478,50
1,2009,p1,150,3.71758e-05,14.2728,50
1,2010,p1,120,3.84865e-05,14.176,50
1,2011,p1,193,3.50491e-05,14.1323,50
1,2012,p1,144,3.29627e-05,14.0188,50
1,2013,p1,131,3.36309e-05,14.1544,50
1,2014,p1,86,3.41029e-05,14.0199,50
1,2015,p1,145,3.60602e-05,13.8213,50
1,2016,p1,137,3.61375e-05,13.856,50
1,2017,p1,106,3.57387e-05,13.5087,50
1,2018,p1,117,3.30115e-05,13.7116,50
1,2019,p1,150,3.60976e-05,13.8081,50
1,2020,p1,152,3.62569e-05,13.4271,50
1,2021,p1,109,3.29088e-05,13.4797,50
1,2022,p1,129,3.66862e-05,13.8921,50
1,2023,p1,122,3.43332e-05,13.4269,50
1,774,p1,1241,5.0912e-05,9.96478,10
1,775,p1,1275,5.15607e-05,9.99715,10
1,776,p1,1419,5.12221e-05,10.0045,10
1,777,p1,1184,5.15724e-05,9.97678,10
1,778,p1,1343,5.05704e-05,9.98057,10
1,779,p1,1426,5.05749e-05,10.0068,10
1,780,p1,1334,5.14362e-05,10.013,10
1,781,p1,1269,5.19667e-05,10.0171,10
1,782,p1,1375,5.07638e-05,10.0154,10
1,783,p1,1419,5.15693e-05,10.0006,10
1,784,p1,1298,5.13131e-05,9.99979,10
1,785,p1,1302,5.18032e-05,9.9952,10
1,786,p1,1450,5.15402e-05,9.99142,10
1,787,p1,1216,5.07605e-05,9.99221,10
1,788,p1,1416,5.17654e-05,9.99949,10
1,789,p1,1173,5.25619e-05,9.99077,10
1,790,p1,1372,5.35156e-05,9.96163,10
1,791,p1,1399,5.30744e-05,9.98024,10
1,792,p1,1362,5.186e-05,10.0112,10
1,793,p1,1343,5.20546e-05,9.96768,10
1,794,p1,1203,5.11267e-05,9.97395,10
1,2024,p1,141,3.50314e-05,13.4974,50
1,795,p1,1310,5.03859e-05,9.9938,10
1,796,p1,1285,5.12967e-05,9.98088,10
1,797,p1,1370,5.22989e-05,9.9752,10
1,2025,p1,148,3.77826e-05,13.6065,50
1,2026,p1,126,3.14683e-05,12.705,50
1,2027,p1,133,2.884e-05,12.5995,50
1,2028,p1,101,2.60406e-05,12.5045,50
1,2029,p1,144,2.6066e-05,12.3321,50
1,2030,p1,153,2.5745e-05,12.3509,50
1,798,p1,1276,5.17723e-05,9.98621,10
1,2031,p1,122,2.86479e-05,12.3976,50
1,2032,p1,130,2.56414e-05,12.246,50
1,2033,p1,153,2.42543e-05,12.2686,50
1,2034,p1,157,2.71538e-05,12.2082,50
1,2035,p1,115,2.6104e-05,12.0411,50
1,799,p1,1177,5.26981e-05,9.9712,10
1,2036,p1,117,2.72376e-05,12.2441,50
1,2500,p1,134,4.80892e-05,7.39075,30
1,2501,p1,134,4.97761e-05,7.39226,30
1,2502,p1,98,4.84559e-05,7.02201,30
1,2503,p1,137,4.97688e-05,7.02177,30
1,2504,p1,183,5.04428e-05,7.05677,30
1,2505,p1,90,5.23272e-05,6.8778,30
1,2506,p1,117,4.93458e-05,6.88791,30
1,2507,p1,124,4.78057e-05,6.90784,30
1,2508,p1,165,4.77928e-05,6.50636,30
1,2509,p1,109,4.85056e-05,6.38178,30
1,2510,p1,139,4.60825e-05,6.42677,30
1,2511,p1,115,4.25081e-05,6.44983,30
1,2512,p1,112,4.61085e-05,6.66639,30
1,2513,p1,178,4.33383e-05,6.61314,30
1,2514,p1,126,4.51546e-05,6.54258,30
1,2515,p1,112,4.08092e-05,6.67445,30
1,2516,p1,150,4.15313e-05,6.79293,30
1,2517,p1,135,4.1966e-05,6.8935,30
1,2518,p1,132,3.91813e-05,6.64811,30
1,2519,p1,114,3.81371e-05,6.65388,30
1,2520,p1,159,4.11283e-05,6.86143,30
1,2521,p1,124,4.18496e-05,6.96195,30
1,2522,p1,125,3.67229e-05,6.48022,30
1,2523,p1,136,4.01654e-05,6.83928,30
1,2524,p1,112,4.32976e-05,6.47087,30
1,2525,p1,162,4.42623e-05,6.49317,30
1,2526,p1,111,4.52415e-05,6.4757,30
1,2527,p1,143,4.5648e-05,6.62539,30
1,2528,p1,154,4.24026e-05,6.047,30
1,2529,p1,120,4.24278e-05,6.04091,30
1,2530,p1,140,4.16013e-05,6.03664,30
1,2531,p1,129,3.29526e-05,5.28278,30
1,2532,p1,164,3.95888e-05,5.56409,30
1,2533,p1,173,3.76458e-05,5.39218,30
1,2534,p1,147,3.60311e-05,5.29911,30
1,2535,p1,80,3.13227e-05,5.00443,30
1,2536,p1,139,3.51444e-05,5.35931,30
1,2537,p1,114,3.14458e-05,4.90463,30
1,1799,p1,980,6.97394e-05,19.8862,20
1,2538,p1,135,2.6963e-05,4.74283,30
1,2539,p1,159,3.38244e-05,5.15265,30
1,2540,p1,80,2.92047e-05,5.19576,30
1,2541,p1,136,3.07834e-05,5.12959,30
1,2542,p1,174,3.48776e-05,5.08982,30
1,2543,p1,156,3.10686e-05,4.97399,30
1,2544,p1,108,3.93827e-05,5.68029,30
1,2545,p1,168,3.54128e-05,5.18885,30
1,2546,p1,200,3.74774e-05,5.21007,30
1,2547,p1,125,3.45107e-05,5.49723,30
1,2037,p1,151,2.48779e-05,11.9967,50
1,2038,p1,164,2.57287e-05,12.2585,50
1,2039,p1,94,2.88671e-05,12.6177,50
1,2040,p1,151,2.71615e-05,12.2917,50
1,2041,p1,134,3.12586e-05,12.8616,50
1,2042,p1,64,3.67761e-05,12.8292,50
1,2043,p1,88,3.38701e-05,12.6322,50
1,2044,p1,176,3.31489e-05,12.9427,50
1,2045,p1,103,3.6256e-05,12.7785,50
1,2046,p1,153,3.51493e-05,12.7985,50
1,2047,p1,144,3.42441e-05,12.5239,50
1,2048,p1,135,3.39372e-05,12.9086,50
1,2049,p1,152,3.43034e-05,12.9077,50
1,2050,p1,150,3.37709e-05,12.985,50
1,2051,p1,87,2.92687e-05,13.0701,50
1,2052,p1,136,3.14246e-05,13.1631,50
1,2053,p1,164,3.43904e-05,13.3297,50
1,2054,p1,133,3.15459e-05,12.9348,50
1,2055,p1,153,3.0208e-05,13.3513,50
1,2056,p1,100,3.14355e-05,12.9702,50
1,2057,p1,166,3.56291e-05,13.2699,50
1,2058,p1,155,3.43817e-05,13.2347,50
1,2059,p1,140,3.3187e-05,12.8808,50
1,2548,p1,154,3.54556e-05,5.77274,30
1,2549,p1,119,3.63551e-05,5.77565,30
1,2550,p1,132,3.5192e-05,5.78353,30
1,2551,p1,168,3.32981e-05,5.77363,30
1,2552,p1,147,3.38067e-05,5.42455,30
1,2553,p1,119,2.76075e-05,4.99225,30
1,2554,p1,108,2.43248e-05,5.26046,30
1,2555,p1,101,2.48289e-05,5.05264,30
1,2556,p1,157,2.67952e-05,5.21516,30
1,2557,p1,160,3.2374e-05,5.73491,30
1,2558,p1,143,3.56678e-05,5.57126,30
1,2559,p1,124,4.25865e-05,5.72261,30
1,2560,p1,72,3.87307e-05,5.089,30
1,2561,p1,151,4.15219e-05,5.55107,30
1,2562,p1,187,4.05611e-05,5.63898,30
1,2563,p1,112,4.09279e-05,5.99645,30
1,2564,p1,100,3.5519e-05,5.3167,30
1,2565,p1,152,4.04958e-05,5.53325,30
1,2566,p1,150,4.15747e-05,6.39625,30
1,2567,p1,145,4.00347e-05,7.03709,30
1,2568,p1,148,4.02246e-05,7.13513,30
1,2569,p1,155,4.00562e-05,7.11347,30
1,2570,p1,188,3.90128e-05,6.54864,30
1,2571,p1,102,3.66335e-05,6.11492,30
1,2572,p1,143,3.76556e-05,6.33231,30
1,2060,p1,119,3.63894e-05,12.9123,50
1,2061,p1,112,3.93642e-05,13.3293,50
1,2062,p1,161,3.7922e-05,13.4371,50
1,2063,p1,172,3.78886e-05,13.7025,50
1,2064,p1,117,4.02287e-05,13.6482,50
1,2065,p1,167,3.91169e-05,13.9089,50
1,2066,p1,144,4.07391e-05,13.9697,50
1,2067,p1,146,4.0623e-05,13.9828,50
1,2068,p1,131,4.08916e-05,14.3098,50
1,2069,p1,161,4.06418e-05,14.4913,50
1,2070,p1,111,3.90764e-05,14.5296,50
1,2071,p1,113,3.88703e-05,14.2605,50
1,2573,p1,173,3.9708e-05,6.84025,30
1,2574,p1,134,4.00429e-05,6.53985,30
1,2575,p1,141,4.02291e-05,6.47925,30
1,2576,p1,124,3.98065e-05,6.08763,30
1,2577,p1,161,4.0077e-05,6.12488,30
1,2578,p1,142,4.02336e-05,6.30974,30
1,2579,p1,158,3.96515e-05,6.49542,30
1,2580,p1,136,4.31961e-05,5.78339,30
1,2581,p1,111,4.60024e-05,6.96784,30
1,2582,p1,157,4.51678e-05,6.49629,30
1,2072,p1,181,4.16034e-05,14.3929,50
1,2073,p1,157,4.22553e-05,14.2133,50
1,2074,p1,142,4.33156e-05,14.0242,50
1,2075,p1,120,4.47368e-05,13.8723,50
1,2076,p1,85,4.40886e-05,13.4251,50
1,2077,p1,157,4.29011e-05,13.5396,50
1,2078,p1,137,4.4777e-05,13.6004,50
1,2079,p1,137,4.33031e-05,13.1069,50
1,2080,p1,120,4.42309e-05,13.3015,50
1,2081,p1,119,4.30948e-05,12.9658,50
1,2583,p1,168,4.25951e-05,5.10591,30
1,2584,p1,109,4.63404e-05,5.94827,30
1,2585,p1,137,4.82365e-05,6.39419,30
1,2586,p1,136,4.81353e-05,5.62088,30
1,2587,p1,128,5.06223e-05,5.96394,30
1,2588,p1,119,5.18205e-05,5.96698,30
1,2589,p1,93,4.72725e-05,5.36021,30
1,2590,p1,175,4.84516e-05,4.79317,30
1,2591,p1,131,4.07045e-05,3.9154,30
1,2592,p1,73,4.2644e-05,4.44546,30
1,2593,p1,143,4.87711e-05,5.00391,30
1,2594,p1,168,4.9045e-05,4.9473,30
1,2595,p1,131,4.62901e-05,4.93204,30
1,2596,p1,146,4.71944e-05,5.96138,30
1,2597,p1,130,4.49621e-05,4.82278,30
1,2598,p1,162,4.53898e-05,5.13109,30
1,2082,p1,151,4.2597e-05,12.8539,50
1,2083,p1,157,4.47042e-05,12.9947,50
1,2084,p1,125,4.33373e-05,12.4461,50
1,2085,p1,108,4.40604e-05,12.9349,50
1,2086,p1,148,4.33117e-05,12.9948,50
1,2087,p1,159,4.23223e-05,12.7898,50
1,2088,p1,128,4.15176e-05,12.5178,50
1,2089,p1,146,4.87195e-05,13.6069,50
1,2090,p1,102,4.28874e-05,13.327,50
1,2091,p1,118,4.44574e-05,13.339,50
1,2092,p1,154,4.51035e-05,13.3843,50
1,2093,p1,180,4.28427e-05,13.1256,50
1,2250,p1,109,3.32161e-05,-7.56131,100
1,2251,p1,148,3.74133e-05,-7.79186,100
1,2252,p1,157,3.84525e-05,-7.85476,100
1,2253,p1,122,3.57904e-05,-7.91381,100
1,2254,p1,131,4.22743e-05,-7.45084,100
1,2255,p1,154,3.70703e-05,-7.71662,100
1,2256,p1,124,3.75598e-05,-7.94253,100
1,2257,p1,149,3.41608e-05,-7.85243,100
1,2258,p1,92,3.46119e-05,-8.11326,100
1,2259,p1,163,3.37416e-05,-8.02366,100
1,2260,p1,140,4.06658e-05,-7.93582,100
1,2261,p1,111,4.30456e-05,-7.78819,100
1,800,p1,1467,5.25718e-05,9.96805,10
1,801,p1,1286,5.24618e-05,9.9772,10
1,802,p1,1324,5.28347e-05,9.98509,10
1,803,p1,1287,5.26217e-05,9.97887,10
1,804,p1,1307,5.31001e-05,9.99078,10
1,2262,p1,128,4.26199e-05,-7.81696,100
1,2263,p1,142,4.32585e-05,-7.76904,100
1,2264,p1,154,4.27819e-05,-7.90426,100
1,2265,p1,151,4.37766e-05,-7.72498,100
1,805,p1,1449,5.28988e-05,10.0129,10
1,2266,p1,123,4.45687e-05,-7.47343,100
1,2267,p1,133,4.60218e-05,-7.93167,100
1,2268,p1,83,4.58194e-05,-7.47772,100
1,2269,p1,143,4.56352e-05,-7.59716,100
1,2270,p1,142,4.49826e-05,-7.52673,100
1,2271,p1,99,4.88715e-05,-7.65068,100
1,2272,p1,174,4.88415e-05,-7.82353,100
1,806,p1,1266,5.28539e-05,10.0244,10
1,807,p1,1136,5.30578e-05,10.037,10
1,808,p1,1423,5.23558e-05,10.0234,10
1,809,p1,1355,5.27092e-05,10.0224,10
1,810,p1,1300,5.20953e-05,10.024,10
1,811,p1,1343,5.13396e-05,9.99298,10
1,812,p1,1241,5.17401e-05,10.0229,10
1,813,p1,1431,5.17708e-05,10.0275,10
1,814,p1,1251,5.10226e-05,10.0265,10
1,815,p1,1192,5.17815e-05,10.0346,10
1,816,p1,1405,5.21194e-05,10.0423,10
1,2273,p1,176,4.66037e-05,-7.84363,100
1,2274,p1,74,4.73028e-05,-7.40725,100
1,2275,p1,143,4.8229e-05,-7.4943,100
1,2276,p1,101,4.83541e-05,-7.63263,100
1,2277,p1,131,4.81735e-05,-7.83318,100
1,2278,p1,175,4.78376e-05,-7.671,100
1,2279,p1,119,5.02754e-05,-7.87663,100
1,2280,p1,99,4.85864e-05,-7.96078,100
1,2281,p1,165,4.88938e-05,-8.06468,100
1,2282,p1,128,4.57098e-05,-8.18326,100
1,817,p1,1303,5.12151e-05,10.033,10
1,2283,p1,140,3.91436e-05,-8.32779,100
1,2284,p1,149,4.1492e-05,-8.40101,100
1,818,p1,1145,5.12895e-05,10.0219,10
1,819,p1,1345,5.13344e-05,10.0511,10
1,820,p1,1349,5.15474e-05,10.0504,10
1,821,p1,1283,5.15482e-05,10.0258,10
1,822,p1,1393,5.12628e-05,10.0069,10
1,1800,p1,1104,7.12381e-05,19.9559,20
1,1801,p1,1168,7.1023e-05,19.9255,20
1,823,p1,1278,5.04932e-05,10.0499,10
1,824,p1,1215,5.00535e-05,10.0119,10
1,1802,p1,1120,7.03622e-05,19.9667,20
1,1803,p1,1116,6.98741e-05,19.9226,20
1,2285,p1,143,4.55748e-05,-8.58868,100
1,2286,p1,111,4.45106e-05,-8.86287,100
1,2287,p1,147,4.38854e-05,-8.73591,100
1,2288,p1,163,4.101e-05,-8.46311,100
1,2289,p1,125,4.43162e-05,-8.3156,100
1,2290,p1,168,4.01233e-05,-8.35802,100
1,2291,p1,109,4.80599e-05,-8.82968,100
1,2292,p1,145,4.72285e-05,-8.78776,100
1,2293,p1,151,4.98597e-05,-8.74615,100
1,2294,p1,136,5.30107e-05,-9.38578,100
1,2295,p1,135,5.25553e-05,-9.13743,100
1,2296,p1,113,5.65542e-05,-9.56567,100
1,2599,p1,192,4.47909e-05,4.83732,30
1,825,p1,1248,5.05614e-05,10.0077,10
1,826,p1,1355,5.07236e-05,10.0035,10
1,827,p1,1266,4.91214e-05,9.99995,10
1,828,p1,1390,4.90539e-05,10.001,10
1,829,p1,1194,5.0313e-05,10.0152,10
1,1804,p1,1148,7.22813e-05,19.9563,20
1,830,p1,1397,4.93979e-05,10.0044,10
1,831,p1,1412,5.03775e-05,10.0302,10
1,832,p1,1258,4.96763e-05,10.0399,10
1,833,p1,1277,5.08261e-05,10.0249,10
1,834,p1,1344,5.10035e-05,10.0552,10
1,2297,p1,136,5.00957e-05,-9.40909,100
1,2298,p1,144,5.68403e-05,-9.25312,100
1,2299,p1,103,6.07333e-05,-9.36698,100
1,2300,p1,135,5.85449e-05,-9.37158,100
1,2301,p1,157,6.0099e-05,-9.60845,100
1,2302,p1,108,5.96056e-05,-9.79712,100
1,2303,p1,121,5.97418e-05,-9.44364,100
1,2304,p1,127,6.13404e-05,-9.21721,100
1,2305,p1,96,6.13319e-05,-9.64919,100
1,2306,p1,164,6.0833e-05,-9.67505,100
1,835,p1,1184,5.11905e-05,10.0761,10
1,2307,p1,196,6.12379e-05,-9.75796,100
1,2308,p1,151,6.12458e-05,-9.70021,100
1,836,p1,1208,5.03937e-05,10.0642,10
1,2309,p1,122,5.87849e-05,-10.3355,100
1,2310,p1,115,6.2504e-05,-10.4527,100
1,2311,p1,133,6.0632e-05,-9.81244,100
1,2312,p1,132,6.02112e-05,-10.337,100
1,2313,p1,101,5.97878e-05,-9.86436,100
1,2314,p1,133,6.02993e-05,-9.98663,100
1,2315,p1,123,5.76119e-05,-10.322,100
1,2316,p1,130,6.12062e-05,-10.687,100
1,2317,p1,126,6.12954e-05,-10.8654,100
1,2318,p1,128,6.14459e-05,-10.7238,100
1,2094,p1,91,4.55923e-05,13.4347,50
1,2095,p1,148,4.22338e-05,13.2825,50
1,2096,p1,153,4.40422e-05,13.5675,50
1,2097,p1,122,4.45112e-05,13.5053,50
1,2098,p1,135,4.3603e-05,13.9906,50
1,2099,p1,140,4.13607e-05,13.7343,50
1,1805,p1,1068,7.15637e-05,19.9549,20
1,1806,p1,1057,7.5022e-05,19.9368,20
1,837,p1,1435,4.98256e-05,10.0429,10
1,838,p1,1317,5.00351e-05,10.0365,10
1,839,p1,1199,5.03855e-05,10.0527,10
1,840,p1,1478,5.10236e-05,10.0348,10
1,841,p1,1304,5.2202e-05,10.0255,10
1,842,p1,1288,5.08181e-05,10.0501,10
1,843,p1,1249,5.19293e-05,10.0432,10
1,844,p1,1391,5.10392e-05,10.0229,10
1,845,p1,1468,5.20837e-05,10.0117,10
1,846,p1,1305,5.11222e-05,10.0361,10
1,847,p1,1251,5.18408e-05,10.0313,10
1,848,p1,1403,5.12095e-05,10.0333,10
1,1807,p1,1097,7.47911e-05,19.8251,20
1,849,p1,1380,5.13514e-05,10.016,10
1,2319,p1,132,6.15459e-05,-11.0083,100
1,2320,p1,144,6.28197e-05,-10.8492,100
1,2321,p1,160,6.30609e-05,-10.3819,100
1,2322,p1,154,6.47048e-05,-10.3332,100
1,2323,p1,79,6.32575e-05,-10.1073,100
1,2324,p1,94,6.63937e-05,-10.4405,100
1,2325,p1,175,6.6081e-05,-9.92774,100
1,2326,p1,125,6.50893e-05,-9.6326,100
1,2327,p1,112,6.48605e-05,-9.89812,100
1,2328,p1,125,6.54266e-05,-9.89758,100
1,2329,p1,186,6.5951e-05,-10.2291,100
1,2330,p1,125,6.27821e-05,-10.3161,100
1,1808,p1,1211,7.42456e-05,19.9511,20
1,2331,p1,132,5.91618e-05,-9.58392,100
1,2332,p1,163,6.22874e-05,-9.82138,100
1,2333,p1,113,5.8093e-05,-10.0037,100
1,2334,p1,120,6.45323e-05,-10.0849,100
1,2335,p1,173,6.44275e-05,-9.44502,100
1,2336,p1,138,6.51762e-05,-9.94212,100
1,2337,p1,167,6.5175e-05,-9.35584,100
1,2338,p1,141,6.26115e-05,-9.32359,100
1,2339,p1,120,6.20715e-05,-9.2491,100
1,2340,p1,144,6.16594e-05,-8.90422,100
1,1809,p1,1038,7.28407e-05,19.9149,20
1,1810,p1,1000,7.53703e-05,20.0036,20
1,1811,p1,1147,7.34618e-05,20.0058,20
1,1812,p1,1158,7.67475e-05,19.9296,20
1,1813,p1,1098,7.22464e-05,19.9318,20
1,2341,p1,187,6.28036e-05,-9.45456,100
1,2342,p1,177,6.2517e-05,-9.22809,100
1,2343,p1,132,5.46993e-05,-8.13645,100
1,2344,p1,167,5.15635e-05,-7.73215,100
1,2345,p1,84,5.05371e-05,-7.41319,100
1,2346,p1,132,4.8168e-05,-7.81923,100
1,2347,p1,196,5.12051e-05,-7.69492,100
1,2348,p1,108,5.17117e-05,-8.27788,100
1,2349,p1,142,5.63269e-05,-9.09552,100
1,2350,p1,158,5.67271e-05,-8.71483,100
1,2351,p1,128,5.33383e-05,-8.11808,100
1,2352,p1,143,5.7318e-05,-8.6756,100
1,2353,p1,142,5.62108e-05,-8.14634,100
1,2354,p1,125,6.00221e-05,-8.11639,100
1,2355,p1,171,6.12315e-05,-8.4686,100
1,2356,p1,107,6.19045e-05,-8.58537,100
1,2357,p1,118,6.23862e-05,-8.45594,100
1,2358,p1,157,6.50529e-05,-8.27346,100
1,2359,p1,140,6.28732e-05,-8.53962,100
1,2360,p1,119,6.16178e-05,-9.03171,100
1,2361,p1,128,6.26727e-05,-8.34779,100
1,2600,p1,131,4.16523e-05,4.62213,30
1,2601,p1,109,4.21463e-05,4.69728,30
1,2602,p1,138,5.03124e-05,4.78798,30
1,2603,p1,143,4.65805e-05,4.46978,30
1,2604,p1,174,3.96463e-05,3.77707,30
1,2605,p1,157,4.19565e-05,3.8344,30
1,2606,p1,107,3.88698e-05,3.76078,30
1,2607,p1,180,4.39046e-05,4.36388,30
1,2608,p1,161,4.17825e-05,4.55498,30
1,2609,p1,98,3.3233e-05,4.13336,30
1,2610,p1,129,3.35743e-05,3.63029,30
1,1814,p1,1076,7.5959e-05,19.9389,20
1,2611,p1,127,3.05081e-05,3.8337,30
1,2612,p1,157,3.25514e-05,3.97713,30
1,2613,p1,141,2.88419e-05,3.82346,30
1,2614,p1,165,2.92259e-05,3.62711,30
1,2615,p1,138,3.12353e-05,3.48765,30
1,2616,p1,142,3.23326e-05,3.41004,30
1,2617,p1,126,3.16065e-05,3.53531,30
1,2618,p1,140,3.20967e-05,4.15431,30
1,2619,p1,153,3.31193e-05,4.39411,30
1,2620,p1,115,3.64125e-05,4.44003,30
1,2621,p1,179,3.67454e-05,4.44497,30
1,2622,p1,155,2.95074e-05,3.58108,30
1,2623,p1,109,3.77165e-05,4.31894,30
1,2624,p1,159,3.63902e-05,4.33658,30
1,2625,p1,148,3.91629e-05,4.54757,30
1,2626,p1,147,3.47964e-05,4.6591,30
1,2627,p1,120,3.05177e-05,4.23193,30
1,2628,p1,177,2.88303e-05,4.02762,30
1,2629,p1,147,3.30233e-05,4.60167,30
1,2630,p1,111,3.27599e-05,5.48748,30
1,2631,p1,148,3.49425e-05,5.31342,30
1,2632,p1,152,3.48492e-05,4.93114,30
1,2633,p1,129,3.69822e-05,5.19541,30
1,2362,p1,170,6.66036e-05,-9.02163,100
1,2363,p1,174,6.91437e-05,-9.02506,100
1,2364,p1,92,6.5469e-05,-9.15993,100
1,2365,p1,138,6.62012e-05,-9.00978,100
1,2366,p1,142,6.71261e-05,-9.14575,100
1,2367,p1,118,6.66895e-05,-8.65884,100
1,2368,p1,167,7.09425e-05,-9.125,100
1,2369,p1,157,7.65702e-05,-9.42376,100
1,2370,p1,132,7.26001e-05,-9.26206,100
1,2371,p1,112,6.85778e-05,-8.97512,100
1,2372,p1,135,7.05053e-05,-8.90492,100
1,2373,p1,112,7.33028e-05,-8.78719,100
1,2374,p1,138,7.67102e-05,-9.20038,100
1,2375,p1,135,7.58667e-05,-8.87253,100
1,2376,p1,105,7.02454e-05,-8.53343,100
1,2377,p1,128,6.69971e-05,-8.11998,100
1,2378,p1,182,7.24931e-05,-8.54888,100
1,2379,p1,110,7.1469e-05,-8.79593,100
1,2380,p1,92,7.41966e-05,-8.78559,100
1,2381,p1,100,6.6572e-05,-8.7873,100
1,2382,p1,138,7.10754e-05,-8.65496,100
1,2383,p1,136,6.75143e-05,-8.4765,100
1,2384,p1,147,7.11544e-05,-8.34667,100
1,2385,p1,151,7.31852e-05,-9.22639,100
1,2386,p1,99,7.73033e-05,-8.6485,100
1,2634,p1,113,3.73248e-05,5.4331,30
1,2635,p1,133,3.80816e-05,5.377,30
1,2636,p1,125,3.61917e-05,6.058,30
1,2637,p1,141,3.72081e-05,5.74636,30
1,2638,p1,141,3.8609e-05,5.7143,30
1,2639,p1,169,4.10222e-05,5.29674,30
1,2640,p1,113,3.99142e-05,5.09644,30
1,2641,p1,142,4.00233e-05,5.34289,30
1,2642,p1,110,4.15521e-05,4.54019,30
1,2643,p1,154,4.08564e-05,4.57505,30
1,2644,p1,161,4.42059e-05,4.09228,30
1,2645,p1,124,4.53821e-05,3.83146,30
1,2646,p1,125,4.60797e-05,3.43365,30
1,1815,p1,1210,7.62807e-05,19.9575,20
1,1816,p1,1125,7.66437e-05,19.8766,20
1,2647,p1,170,4.72535e-05,4.06112,30
1,2648,p1,117,4.71101e-05,4.36723,30
1,2649,p1,138,4.64789e-05,3.91642,30
1,1817,p1,1082,7.35323e-05,19.9143,20
1,1818,p1,1222,7.28736e-05,20.0145,20
1,2387,p1,148,7.64598e-05,-9.0564,100
1,2388,p1,125,7.70214e-05,-9.02405,100
1,2389,p1,152,7.62762e-05,-8.98318,100
1,2390,p1,107,7.50515e-05,-9.2083,100
1,2391,p1,155,7.56641e-05,-8.73438,100
1,2392,p1,151,7.48483e-05,-9.22997,100
1,2393,p1,108,7.58389e-05,-8.9763,100
1,2394,p1,138,7.85964e-05,-8.56878,100
1,2395,p1,140,7.27048e-05,-8.97559,100
1,2396,p1,138,7.50662e-05,-8.91999,100
1,2397,p1,164,7.60773e-05,-9.01769,100
1,2398,p1,232,7.81835e-05,-9.09686,100
1,2399,p1,81,7.32693e-05,-9.26042,100
1,1819,p1,1140,7.71192e-05,19.8487,20
1,1820,p1,1090,7.29828e-05,19.9246,20
1,1821,p1,1080,7.39699e-05,19.9681,20
1,2100,p1,103,4.20973e-05,12.9284,50
1,2101,p1,131,4.21249e-05,13.0993,50
1,2102,p1,157,4.29778e-05,12.6995,50
1,2103,p1,125,4.55366e-05,12.5734,50
1,2104,p1,120,4.54333e-05,13.2598,50
1,2105,p1,134,4.07137e-05,12.736,50
1,2106,p1,165,4.3213e-05,12.4125,50
1,2107,p1,141,4.29734e-05,12.2271,50
1,1822,p1,1177,7.31508e-05,19.9331,20
1,2108,p1,161,4.32211e-05,12.9142,50
1,2109,p1,150,4.26996e-05,12.553,50
1,2110,p1,144,4.47483e-05,12.1721,50
1,2111,p1,159,4.24226e-05,11.6293,50
1,2112,p1,127,4.10807e-05,12.0769,50
1,2113,p1,165,4.30975e-05,11.9098,50
1,2114,p1,117,4.18248e-05,11.6765,50
1,2115,p1,134,4.05405e-05,11.2155,50
1,850,p1,1322,5.28512e-05,10.0071,10
1,851,p1,1329,5.47119e-05,10.0093,10
1,2116,p1,107,4.20823e-05,11.3331,50
1,2117,p1,159,4.12341e-05,11.1849,50
1,2118,p1,158,4.33759e-05,11.4247,50
1,2119,p1,149,4.34933e-05,11.511,50
1,2120,p1,111,4.25022e-05,11.1232,50
1,2121,p1,151,4.31086e-05,11.4901,50
1,852,p1,1262,5.48714e-05,10.0358,10
1,2122,p1,148,4.27061e-05,11.4765,50
1,2123,p1,120,4.35747e-05,10.8947,50
1,2124,p1,149,4.23934e-05,11.1866,50
1,2125,p1,131,4.2927e-05,11.3822,50
1,2126,p1,101,3.62901e-05,11.3343,50
1,2127,p1,162,4e-05,11.5946,50
1,2128,p1,137,4.06892e-05,10.9532,50
1,2129,p1,126,3.87075e-05,11.0828,50
1,2130,p1,106,3.74706e-05,11.5396,50
1,853,p1,1435,5.36849e-05,10.029,10
1,2131,p1,142,4.01103e-05,11.2492,50
1,2132,p1,165,3.60492e-05,11.6024,50
1,2133,p1,117,3.64081e-05,11.4237,50
1,2134,p1,126,3.49049e-05,11.5924,50
1,2135,p1,162,3.6684e-05,11.5985,50
1,854,p1,1125,5.30839e-05,10.0531,10
1,2136,p1,143,3.31209e-05,11.4975,50
1,2137,p1,182,3.14109e-05,11.6759,50
1,2138,p1,118,3.36132e-05,11.3652,50
1,2139,p1,137,3.22694e-05,11.5342,50
1,2140,p1,112,3.42698e-05,11.6725,50
1,2141,p1,103,3.0058e-05,11.6657,50
1,855,p1,1220,5.49184e-05,10.0047,10
1,2142,p1,162,2.96148e-05,11.305,50
1,2143,p1,153,3.43637e-05,11.2381,50
1,1823,p1,1103,7.36846e-05,19.8078,20
1,2144,p1,134,2.84381e-05,10.9797,50
1,2145,p1,103,2.95461e-05,10.5938,50
1,2146,p1,175,2.96336e-05,10.5832,50
1,2147,p1,168,2.77427e-05,10.7625,50
1,2148,p1,131,2.91664e-05,10.3272,50
1,2149,p1,100,2.7535e-05,10.8179,50
1,2150,p1,129,3.3626e-05,10.7921,50
1,856,p1,1405,5.31158e-05,9.99819,10
1,857,p1,1445,5.29899e-05,10.0097,10
1,1824,p1,1181,7.16049e-05,19.9452,20
1,1825,p1,1145,7.16301e-05,19.928,20
1,2151,p1,88,3.70842e-05,11.022,50
1,2152,p1,154,3.44287e-05,10.8199,50
1,2153,p1,130,3.37595e-05,10.9462,50
1,2154,p1,115,3.42185e-05,11.1962,50
1,2155,p1,158,3.13878e-05,11.3789,50
1,2156,p1,154,3.08507e-05,11.2269,50
1,2157,p1,121,3.43129e-05,11.7637,50
1,2158,p1,82,3.60656e-05,11.2435,50
1,2159,p1,162,3.56693e-05,11.305,50
1,2160,p1,136,3.80785e-05,11.2147,50
1,2161,p1,130,3.81157e-05,11.2543,50
1,2162,p1,116,3.85969e-05,11.5059,50
1,2163,p1,153,4.06779e-05,11.3741,50
1,2164,p1,156,3.92267e-05,11.3584,50
1,2165,p1,115,3.78571e-05,11.4791,50
1,2166,p1,165,3.92612e-05,11.4607,50
1,2167,p1,208,4.02776e-05,11.6676,50
1,2168,p1,139,4.19797e-05,11.4302,50
1,2169,p1,127,4.20001e-05,11.386,50
1,2170,p1,117,4.20082e-05,11.3574,50
1,2171,p1,167,4.30205e-05,11.4237,50
1,858,p1,1406,5.55123e-05,10.0109,10
1,2172,p1,102,4.31935e-05,11.2237,50
1,2173,p1,134,4.39232e-05,11.3501,50
1,2174,p1,160,4.535e-05,11.4787,50
1,2175,p1,139,4.75356e-05,11.2999,50
1,2176,p1,131,5.06553e-05,11.3793,50
1,2177,p1,146,4.67318e-05,11.5349,50
1,1826,p1,1081,7.15231e-05,20.0221,20
1,859,p1,1262,5.39294e-05,9.99515,10
1,2178,p1,164,4.78802e-05,11.5925,50
1,2179,p1,174,4.76853e-05,11.6648,50
1,2180,p1,104,4.94439e-05,11.478,50
1,2181,p1,96,5.13108e-05,11.6471,50
1,2182,p1,172,5.19059e-05,11.676,50
1,2183,p1,138,4.91231e-05,11.4059,50
1,2184,p1,86,4.9593e-05,11.5679,50
1,1827,p1,1131,7.15739e-05,20.0558,20
1,2185,p1,126,4.99301e-05,11.4747,50
1,2186,p1,104,5.16281e-05,11.4475,50
1,2187,p1,154,5.072e-05,11.615,50
1,2650,p1,106,4.42297e-05,4.13282,30
1,2188,p1,174,5.20589e-05,11.5336,50
1,2651,p1,123,4.55592e-05,3.99727,30
1,2189,p1,137,5.27348e-05,12.1005,50
1,2652,p1,160,4.43084e-05,4.07725,30
1,2190,p1,128,5.08844e-05,12.0586,50
1,2653,p1,146,4.15828e-05,4.76247,30
1,2191,p1,144,5.34028e-05,11.9471,50
1,2654,p1,121,4.56933e-05,4.00479,30
1,2192,p1,166,5.51686e-05,12.293,50
1,2655,p1,130,4.7408e-05,4.53828,30
1,2193,p1,78,5.44855e-05,12.3548,50
1,2656,p1,135,4.51495e-05,4.23861,30
1,2194,p1,110,4.99326e-05,11.9945,50
1,2657,p1,154,4.42096e-05,4.14603,30
1,2195,p1,126,4.84842e-05,12.0041,50
1,2658,p1,141,4.70645e-05,3.96148,30
1,2196,p1,169,5.30267e-05,11.9534,50
1,2659,p1,148,4.40262e-05,3.49837,30
1,2660,p1,110,4.10996e-05,3.56668,30
1,2197,p1,114,5.31052e-05,12.2478,50
1,2661,p1,157,4.34918e-05,3.63406,30
1,2198,p1,177,4.80379e-05,12.0668,50
1,2662,p1,121,4.21129e-05,3.27625,30
1,2663,p1,130,4.34237e-05,3.37735,30
1,2664,p1,133,4.33507e-05,2.88171,30
1,2665,p1,139,4.10333e-05,2.75475,30
1,2666,p1,153,4.3916e-05,1.76271,30
1,2667,p1,165,4.24152e-05,2.23287,30
1,2668,p1,93,4.50844e-05,2.0381,30
1,2669,p1,106,4.61254e-05,1.92271,30
1,2670,p1,188,4.11872e-05,1.93135,30
1,2671,p1,141,4.78366e-05,2.19616,30
1,2672,p1,128,5.04373e-05,2.44781,30
1,2673,p1,204,4.90019e-05,2.47149,30
1,860,p1,1293,5.37722e-05,10.0059,10
1,1828,p1,1278,7.09204e-05,20.0569,20
1,2674,p1,140,5.0963e-05,2.82805,30
1,2675,p1,103,4.98515e-05,2.14553,30
1,2676,p1,143,4.69651e-05,2.43717,30
1,2677,p1,148,5.00002e-05,2.88087,30
1,2678,p1,111,5.41377e-05,2.66937,30
1,2679,p1,126,5.19655e-05,2.04007,30
1,2680,p1,125,4.76451e-05,1.98851,30
1,2681,p1,124,4.57148e-05,2.33333,30
1,2682,p1,132,4.40008e-05,2.78081,30
1,2683,p1,141,4.40491e-05,2.71494,30
1,2199,p1,126,5.45065e-05,12.0406,50
1,2684,p1,155,4.10191e-05,2.90539,30
1,2685,p1,177,4.2796e-05,2.49812,30
1,2686,p1,151,4.30632e-05,2.10194,30
1,861,p1,1357,5.43595e-05,10.0116,10
1,862,p1,1488,5.48929e-05,10.0063,10
1,2687,p1,103,4.31063e-05,1.77692,30
1,2688,p1,152,4.47951e-05,1.67931,30
1,2689,p1,155,3.90114e-05,1.58422,30
1,2690,p1,133,4.05289e-05,1.63644,30
1,2691,p1,138,4.19665e-05,1.59813,30
1,2692,p1,125,3.49168e-05,1.85106,30
1,2693,p1,111,3.40086e-05,1.86949,30
1,2694,p1,134,3.79542e-05,2.04684,30
1,2695,p1,132,3.79933e-05,1.27539,30
1,2696,p1,128,4.73767e-05,1.02247,30
1,2697,p1,141,3.49386e-05,1.65033,30
1,2698,p1,120,3.94965e-05,1.6342,30
1,2400,p1,139,7.56081e-05,-9.29286,100
1,2401,p1,117,6.82351e-05,-9.45073,100
1,2402,p1,151,6.67973e-05,-9.33741,100
1,2403,p1,159,6.47775e-05,-9.50239,100
1,2404,p1,133,6.966e-05,-8.58908,100
1,2405,p1,138,6.66816e-05,-9.02767,100
1,2406,p1,131,7.07794e-05,-9.74075,100
1,2407,p1,113,6.88398e-05,-8.94592,100
1,2408,p1,194,7.18743e-05,-9.21612,100
1,2409,p1,142,7.31368e-05,-9.61177,100
1,2410,p1,134,7.06017e-05,-10.1728,100
1,1829,p1,1115,7.3262e-05,19.9054,20
1,2699,p1,168,4.30855e-05,1.80859,30
1,2411,p1,124,7.18145e-05,-9.70776,100
1,2412,p1,114,7.46299e-05,-9.52095,100
1,2413,p1,165,7.53456e-05,-9.8545,100
1,2414,p1,164,7.36786e-05,-10.1545,100
1,2415,p1,96,7.64714e-05,-9.90688,100
1,2416,p1,110,7.85512e-05,-10.2108,100
1,2417,p1,179,7.62546e-05,-9.41947,100
1,2418,p1,132,7.59599e-05,-9.06231,100
1,2419,p1,110,7.27686e-05,-9.13357,100
1,2420,p1,139,7.419e-05,-9.49378,100
1,2421,p1,179,7.2878e-05,-9.22226,100
1,2422,p1,132,7.42143e-05,-9.48065,100
1,2423,p1,98,6.8296e-05,-8.33162,100
1,2424,p1,144,6.7915e-05,-8.24298,100
1,2425,p1,126,6.557e-05,-8.0036,100
1,2426,p1,127,6.3326e-05,-8.0471,100
1,2427,p1,126,6.50998e-05,-8.72452,100
1,2428,p1,147,6.58557e-05,-8.72403,100
1,2429,p1,106,6.03369e-05,-8.45524,100
1,2430,p1,141,5.44525e-05,-7.90661,100
1,2431,p1,127,5.75488e-05,-8.73146,100
1,2432,p1,100,5.62785e-05,-9.20582,100
1,2433,p1,100,5.0945e-05,-8.14912,100
1,2434,p1,132,5.89566e-05,-8.12969,100
1,2435,p1,171,5.52762e-05,-8.87494,100
1,2436,p1,124,6.77878e-05,-9.43826,100
1,2437,p1,79,6.0947e-05,-8.95295,100
1,2438,p1,138,6.01223e-05,-8.39463,100
1,2439,p1,155,6.62429e-05,-8.26327,100
1,2440,p1,167,6.78176e-05,-8.79679,100
1,2441,p1,135,7.01081e-05,-8.62803,100
1,1830,p1,1017,7.56461e-05,19.8455,20
1,863,p1,1319,5.51607e-05,9.96305,10
1,2442,p1,141,6.52022e-05,-7.80708,100
1,2443,p1,121,6.63175e-05,-7.14211,100
1,2444,p1,96,6.80599e-05,-7.05531,100
1,2445,p1,146,6.77864e-05,-6.8143,100
1,2446,p1,165,5.99093e-05,-7.13895,100
1,2447,p1,115,6.89645e-05,-7.71557,100
1,2448,p1,138,7.24467e-05,-7.70323,100
1,2449,p1,176,7.56873e-05,-7.82388,100
1,1831,p1,1224,7.68359e-05,19.9687,20
1,1832,p1,1165,7.77931e-05,19.9397,20
1,864,p1,1159,5.47164e-05,9.99833,10
1,865,p1,1347,5.43108e-05,10.0038,10
1,866,p1,1319,5.49715e-05,10,10
1,1833,p1,1118,7.51375e-05,19.9765,20
1,1834,p1,1105,8.03454e-05,19.8666,20
1,1835,p1,1132,7.96068e-05,19.8602,20
1,1836,p1,1182,7.88711e-05,19.9944,20
1,1837,p1,1005,7.8708e-05,20.0675,20
1,1838,p1,1134,8.0735e-05,19.9657,20
1,867,p1,1233,5.30598e-05,10.0008,10
1,1839,p1,1260,7.95033e-05,19.9897,20
1,1840,p1,1118,8.05954e-05,19.9485,20
1,1841,p1,870,7.84318e-05,19.9138,20
1,1842,p1,1065,7.97105e-05,19.9269,20
1,868,p1,1415,5.49711e-05,10.0111,10
1,1843,p1,1158,8.02608e-05,19.8865,20
1,869,p1,1233,5.41796e-05,10.0324,10
1,2200,p1,113,5.72625e-05,12.3652,50
1,2201,p1,161,5.44522e-05,12.0541,50
1,2202,p1,128,4.88086e-05,12.2569,50
1,2203,p1,71,4.69401e-05,12.0381,50
1,2204,p1,138,4.93365e-05,12.0923,50
1,2205,p1,104,5.17765e-05,12.5209,50
1,2206,p1,133,4.69063e-05,12.1293,50
1,870,p1,1349,5.36003e-05,10.0155,10
1,2207,p1,138,4.91677e-05,12.2358,50
1,2208,p1,193,4.75763e-05,11.893,50
1,2209,p1,141,4.26716e-05,12.0022,50
1,2210,p1,108,4.53005e-05,12.2038,50
1,2211,p1,113,4.40442e-05,12.2632,50
1,2212,p1,187,4.53829e-05,12.1321,50
1,2213,p1,115,4.43414e-05,11.9399,50
1,2214,p1,140,4.7736e-05,12.1632,50
1,2215,p1,135,5.13989e-05,12.2119,50
1,2216,p1,112,5.1887e-05,12.0144,50
1,2217,p1,95,5.53468e-05,12.3733,50
1,2218,p1,160,5.04465e-05,12.0177,50
1,871,p1,1404,5.31285e-05,10.0003,10
1,872,p1,1315,5.36031e-05,10.0126,10
1,873,p1,1252,5.39552e-05,10.0104,10
1,874,p1,1262,5.5528e-05,10.0058,10
1,875,p1,1275,5.54712e-05,10.003,10
1,2219,p1,134,4.86706e-05,11.7537,50
1,2220,p1,122,5.06702e-05,12.0923,50
1,2221,p1,135,4.90815e-05,11.6418,50
1,2222,p1,154,4.4611e-05,11.382,50
1,2223,p1,169,4.76625e-05,11.5624,50
1,2224,p1,111,4.5112e-05,11.4337,50
1,2225,p1,137,4.41715e-05,11.1186,50
1,2226,p1,194,4.18353e-05,11.1639,50
1,2227,p1,126,4.15974e-05,11.3306,50
1,2228,p1,162,4.4787e-05,10.9765,50
1,2700,p1,141,4.14715e-05,1.60456,30
1,2701,p1,92,3.91759e-05,1.73511,30
1,2702,p1,170,3.5872e-05,2.11212,30
1,2703,p1,145,3.84369e-05,1.78483,30
1,2704,p1,167,3.96794e-05,2.30244,30
1,2705,p1,97,3.3189e-05,1.71449,30
1,2706,p1,122,3.26569e-05,1.70579,30
1,2707,p1,139,3.90725e-05,1.75947,30
1,2708,p1,210,3.83082e-05,1.34274,30
1,2709,p1,81,3.21414e-05,1.17159,30
1,2710,p1,106,3.46222e-05,0.969002,30
1,2711,p1,136,3.20834e-05,1.14786,30
1,2712,p1,184,3.35499e-05,0.915683,30
1,2713,p1,121,3.4888e-05,0.492405,30
1,2714,p1,105,3.04812e-05,0.824475,30
1,2715,p1,145,2.77512e-05,1.09968,30
1,2716,p1,143,2.91645e-05,1.05109,30
1,2717,p1,142,2.94061e-05,0.932652,30
1,2718,p1,144,2.50497e-05,1.16936,30
1,2719,p1,117,2.78961e-05,1.00048,30
1,2720,p1,123,2.63339e-05,1.16308,30
1,2721,p1,101,2.91795e-05,1.06294,30
1,2722,p1,150,2.9718e-05,0.961228,30
1,2723,p1,139,3.59246e-05,0.767753,30
1,2724,p1,124,3.15297e-05,0.690078,30
1,2450,p1,134,7.10164e-05,-7.71014,100
1,2451,p1,121,6.97326e-05,-7.92783,100
1,2452,p1,109,6.7483e-05,-7.66747,100
1,2453,p1,135,7.41133e-05,-8.10281,100
1,2454,p1,189,7.09399e-05,-8.14579,100
1,2455,p1,108,7.16937e-05,-8.94204,100
1,2456,p1,165,7.12713e-05,-8.68709,100
1,2457,p1,107,7.72212e-05,-8.01088,100
1,876,p1,1274,5.56717e-05,10.025,10
1,2458,p1,122,7.36375e-05,-8.2571,100
1,2459,p1,141,6.57326e-05,-8.85266,100
1,2460,p1,143,6.98259e-05,-9.58489,100
1,2461,p1,140,6.71151e-05,-9.79468,100
1,2462,p1,113,6.72378e-05,-9.53182,100
1,2463,p1,151,6.76922e-05,-8.91903,100
1,2464,p1,95,6.99069e-05,-9.72005,100
1,2465,p1,111,6.14414e-05,-9.99646,100
1,877,p1,1296,5.55085e-05,9.99624,10
1,2466,p1,137,7.22987e-05,-9.01723,100
1,2467,p1,196,6.92978e-05,-9.90701,100
1,2468,p1,94,7.41048e-05,-9.30611,100
1,2469,p1,115,7.51055e-05,-9.47344,100
1,2470,p1,169,7.26326e-05,-9.02849,100
1,2471,p1,156,6.83282e-05,-9.53816,100
1,2472,p1,94,7.20394e-05,-8.82478,100
1,2473,p1,114,6.90212e-05,-9.82729,100
1,2474,p1,200,7.02909e-05,-9.17357,100
1,2475,p1,118,7.43314e-05,-8.1898,100
1,2476,p1,79,7.66063e-05,-8.55037,100
1,2477,p1,144,7.71959e-05,-8.92443,100
1,2478,p1,178,7.98449e-05,-9.49007,100
1,2479,p1,164,8.01905e-05,-9.32317,100
1,2480,p1,175,8.06553e-05,-9.63881,100
1,2481,p1,91,8.19261e-05,-9.02365,100
1,2482,p1,131,7.65331e-05,-8.65687,100
1,2483,p1,161,7.69899e-05,-9.80613,100
1,2725,p1,178,3.451e-05,0.453982,30
1,2726,p1,99,2.94052e-05,0.712804,30
1,2727,p1,159,3.44537e-05,0.479077,30
1,2728,p1,189,3.24579e-05,0.0527206,30
1,2729,p1,116,3.14113e-05,0.549354,30
1,2730,p1,131,3.49659e-05,0.0958035,30
1,2731,p1,170,3.61038e-05,0.0320659,30
1,2732,p1,133,3.81483e-05,0.0892825,30
1,2733,p1,175,3.15229e-05,0.296614,30
1,2734,p1,142,3.40456e-05,0.408791,30
1,2735,p1,123,3.33948e-05,0.292706,30
1,2229,p1,100,4.47645e-05,11.4129,50
1,2230,p1,159,4.12772e-05,11.2636,50
1,2231,p1,114,3.62669e-05,11.1636,50
1,2232,p1,137,3.80161e-05,11.0773,50
1,2233,p1,147,4.123e-05,11.3127,50
1,2234,p1,148,4.21861e-05,11.4048,50
1,2235,p1,164,3.70854e-05,11.1276,50
1,2236,p1,147,3.73185e-05,10.9934,50
1,2237,p1,119,3.54156e-05,11.0727,50
1,2238,p1,120,3.93715e-05,11.4474,50
1,2239,p1,137,3.43854e-05,11.293,50
1,2240,p1,114,3.40516e-05,11.057,50
1,2736,p1,129,3.35668e-05,-0.254295,30
1,2737,p1,125,3.65942e-05,0.0338739,30
1,2738,p1,144,3.69688e-05,0.201474,30
1,2739,p1,152,3.42313e-05,-0.332225,30
1,2740,p1,111,3.36978e-05,-0.306809,30
1,2741,p1,99,3.26477e-05,-0.361195,30
1,2742,p1,181,3.3633e-05,-0.855681,30
1,2743,p1,127,3.2165e-05,-0.978806,30
1,2744,p1,100,3.1124e-05,-0.796909,30
1,2745,p1,146,3.2899e-05,-1.02356,30
1,2746,p1,135,3.1845e-05,-0.87963,30
1,2747,p1,140,3.08628e-05,-1.19321,30
1,2484,p1,162,8.12056e-05,-9.26184,100
1,2485,p1,147,7.89602e-05,-8.40368,100
1,2486,p1,101,7.44236e-05,-7.68951,100
1,2487,p1,144,8.00111e-05,-8.41943,100
1,2488,p1,159,7.31619e-05,-8.18961,100
1,2489,p1,130,8.28228e-05,-8.52772,100
1,2490,p1,140,8.55089e-05,-9.48027,100
1,2491,p1,146,8.48121e-05,-9.48674,100
1,2492,p1,97,8.61165e-05,-9.28339,100
1,2493,p1,151,8.70493e-05,-9.76649,100
1,2494,p1,163,8.76433e-05,-9.23319,100
1,1844,p1,1070,7.95456e-05,19.9808,20
1,878,p1,1342,5.59852e-05,9.97147,10
1,2241,p1,90,3.51617e-05,11.2036,50
1,2242,p1,153,3.58025e-05,11.2856,50
1,2243,p1,132,3.97991e-05,11.5137,50
1,2244,p1,99,3.59412e-05,11.2313,50
1,2245,p1,147,3.78051e-05,11.1554,50
1,2246,p1,102,4.32084e-05,11.2553,50
1,2247,p1,171,4.44742e-05,11.2534,50
1,2248,p1,171,4.46821e-05,11.6386,50
1,2249,p1,152,4.49232e-05,11.5852,50
1,2250,p1,116,4.34015e-05,11.716,50
1,2251,p1,115,4.64257e-05,11.5032,50
1,2748,p1,148,2.94791e-05,-1.12013,30
1,2749,p1,107,3.12687e-05,-0.898957,30
1,879,p1,1346,5.73882e-05,9.98215,10
1,2252,p1,131,4.57759e-05,11.4003,50
1,2253,p1,136,4.73313e-05,11.1742,50
1,880,p1,1286,5.72457e-05,9.96766,10
1,2254,p1,90,4.55401e-05,11.0011,50
1,2255,p1,134,4.70472e-05,10.7374,50
1,2256,p1,128,4.47174e-05,10.3608,50
1,2257,p1,173,4.63435e-05,10.384,50
1,2258,p1,116,5.04021e-05,11.0078,50
1,2259,p1,125,5.31683e-05,10.8845,50
1,2260,p1,151,4.66008e-05,10.6562,50
1,2261,p1,163,5.05988e-05,11.0166,50
1,881,p1,1245,5.78448e-05,9.98876,10
1,2262,p1,125,4.76998e-05,10.6178,50
1,2263,p1,146,4.7386e-05,10.645,50
1,2264,p1,131,4.59227e-05,10.4495,50
1,2265,p1,156,4.66995e-05,10.9813,50
1,1845,p1,1114,7.8765e-05,19.9716,20
1,1846,p1,1093,7.65057e-05,20.0096,20
1,2495,p1,107,8.47122e-05,-9.19278,100
1,2496,p1,111,8.32501e-05,-8.46621,100
1,2497,p1,116,8.47789e-05,-8.69274,100
1,2498,p1,172,8.44911e-05,-9.23792,100
1,2499,p1,134,8.29383e-05,-9.82761,100
1,2266,p1,120,5.10344e-05,10.5705,50
1,2267,p1,152,5.03579e-05,10.4728,50
1,2268,p1,143,5.09927e-05,10.2266,50
1,2269,p1,99,4.99342e-05,9.79578,50
1,2270,p1,161,5.2129e-05,10.2619,50
1,2271,p1,200,5.43494e-05,9.98141,50
1,2272,p1,114,5.08237e-05,9.78831,50
1,2273,p1,130,5.32686e-05,9.71839,50
1,2274,p1,146,5.27897e-05,9.98826,50
1,2275,p1,166,5.37349e-05,10.0803,50
1,2276,p1,183,5.55227e-05,10.1048,50
1,2277,p1,120,5.49069e-05,9.77565,50
1,2278,p1,154,5.58823e-05,10.2233,50
1,2279,p1,153,5.49013e-05,10.022,50
1,2280,p1,177,5.73421e-05,10.4358,50
1,2281,p1,117,5.71108e-05,10.1695,50
1,2282,p1,157,5.58759e-05,10.5912,50
1,2283,p1,163,5.84151e-05,10.5546,50
1,2284,p1,144,5.59199e-05,10.7548,50
1,2285,p1,84,5.52544e-05,10.9924,50
1,2286,p1,119,5.41092e-05,10.994,50
1,2287,p1,182,5.61261e-05,10.2849,50
1,2288,p1,146,5.57675e-05,10.84,50
1,882,p1,1492,5.72195e-05,10.0133,10
1,883,p1,1305,5.83284e-05,9.97633,10
1,1847,p1,1202,7.74541e-05,19.8773,20
1,1848,p1,980,7.52805e-05,20.0248,20
1,2289,p1,130,5.26228e-05,10.854,50
1,2290,p1,114,5.30344e-05,10.6249,50
1,2291,p1,129,5.37432e-05,10.587,50
1,2292,p1,150,5.28427e-05,11.1314,50
1,2293,p1,124,5.42836e-05,10.7503,50
1,2294,p1,139,5.40989e-05,10.4909,50
1,2295,p1,145,5.46968e-05,10.7666,50
1,2296,p1,136,5.67836e-05,10.5836,50
1,2297,p1,115,6.04779e-05,10.6995,50
1,2298,p1,144,5.77522e-05,10.5258,50
1,2299,p1,123,5.77527e-05,10.3383,50
1,884,p1,1278,5.73374e-05,9.99819,10
1,885,p1,1410,5.69525e-05,9.99544,10
1,2750,p1,128,3.13864e-05,-0.996006,30
1,2751,p1,128,2.89545e-05,-1.31617,30
1,2752,p1,112,3.15454e-05,-1.43401,30
1,2753,p1,156,3.14411e-05,-1.40361,30
1,2754,p1,96,2.83849e-05,-2.13156,30
1,2755,p1,92,3.18041e-05,-1.56018,30
1,2756,p1,180,3.09144e-05,-1.82241,30
1,2757,p1,135,2.98543e-05,-1.63483,30
1,2758,p1,119,3.21994e-05,-1.57139,30
1,2759,p1,139,2.93287e-05,-2.14763,30
1,2760,p1,133,3.20671e-05,-1.83256,30
1,2761,p1,99,3.10764e-05,-1.87128,30
1,2762,p1,165,2.9668e-05,-2.21065,30
1,2763,p1,144,3.23148e-05,-1.78844,30
1,2764,p1,101,3.25708e-05,-1.72546,30
1,2765,p1,141,3.29531e-05,-1.60231,30
1,2766,p1,110,3.36678e-05,-1.47785,30
1,2767,p1,93,3.31189e-05,-1.74134,30
1,2768,p1,148,3.47982e-05,-1.2567,30
1,2769,p1,163,3.29271e-05,-1.70391,30
1,2770,p1,80,3.16547e-05,-1.68197,30
1,2771,p1,149,3.02594e-05,-2.06224,30
1,2772,p1,117,3.1304e-05,-1.79057,30
1,2773,p1,140,3.2263e-05,-1.53757,30
1,2774,p1,205,3.10157e-05,-1.95827,30
1,886,p1,1358,5.61095e-05,9.97727,10
1,887,p1,1149,5.70716e-05,9.9899,10
1,2775,p1,96,3.05252e-05,-1.65422,30
1,2776,p1,127,3.10866e-05,-1.89104,30
1,2777,p1,135,3.0656e-05,-1.85654,30
1,2778,p1,153,3.47548e-05,-1.4845,30
1,2779,p1,106,3.18022e-05,-1.9328,30
1,2780,p1,123,3.09184e-05,-2.38971,30
1,2781,p1,131,3.22301e-05,-1.91624,30
1,2782,p1,159,3.03825e-05,-2.26781,30
1,2783,p1,138,2.89396e-05,-2.36281,30
1,2784,p1,100,2.8618e-05,-2.24303,30
1,2785,p1,184,3.12893e-05,-1.70549,30
1,888,p1,1457,5.59561e-05,9.99333,10
1,2786,p1,184,3.00084e-05,-2.02,30
1,2787,p1,161,2.892e-05,-1.06962,30
1,1849,p1,1136,7.55012e-05,19.9745,20
1,2788,p1,158,2.83859e-05,-1.87619,30
1,2789,p1,101,2.32899e-05,-2.68455,30
1,2790,p1,146,2.72959e-05,-2.28514,30
1,2791,p1,157,2.58875e-05,-2.34662,30
1,2792,p1,74,2.40924e-05,-2.70616,30
1,2793,p1,122,2.57629e-05,-2.4316,30
1,2794,p1,136,2.68369e-05,-2.4344,30
1,2795,p1,108,2.50099e-05,-2.78252,30
1,2796,p1,178,3.04761e-05,-1.95412,30
1,2797,p1,101,2.94829e-05,-1.91454,30
1,889,p1,1425,5.66826e-05,9.98729,10
1,890,p1,1235,5.6084e-05,9.97957,10
1,2798,p1,147,3.01678e-05,-1.93106,30
1,2799,p1,99,3.08106e-05,-2.03453,30
1,2300,p1,147,6.01284e-05,10.1797,50
1,2301,p1,102,5.96439e-05,10.6218,50
1,2302,p1,133,6.1043e-05,10.6264,50
1,2303,p1,144,5.96313e-05,10.8315,50
1,2304,p1,151,6.22876e-05,10.8459,50
1,2305,p1,82,6.09912e-05,11.1917,50
1,2306,p1,152,5.99204e-05,11.0696,50
1,2307,p1,92,6.0635e-05,11.1198,50
1,2308,p1,152,5.98305e-05,11.3821,50
1,2309,p1,116,6.47889e-05,10.9573,50
1,2310,p1,127,6.05506e-05,11.203,50
1,2311,p1,197,5.98627e-05,11.2328,50
1,2312,p1,133,5.95206e-05,11.5566,50
1,2313,p1,99,5.8719e-05,11.2373,50
1,2314,p1,130,6.01405e-05,11.4297,50
1,2315,p1,219,5.98183e-05,11.5651,50
1,2316,p1,129,6.08215e-05,11.8757,50
1,2317,p1,160,5.7684e-05,11.7267,50
1,2318,p1,124,5.8032e-05,11.8391,50
1,2319,p1,153,5.92936e-05,11.9846,50
1,2320,p1,129,5.99703e-05,12.3244,50
1,2321,p1,100,6.01675e-05,11.9778,50
1,2322,p1,158,5.75945e-05,11.9392,50
1,2323,p1,153,5.65073e-05,12.0792,50
1,2324,p1,147,5.90423e-05,11.864,50
1,2325,p1,125,5.55456e-05,12.0523,50
1,2326,p1,142,5.67506e-05,11.9076,50
1,2327,p1,179,5.69882e-05,11.8275,50
1,2328,p1,114,5.4072e-05,11.8741,50
1,2329,p1,127,5.22463e-05,11.6289,50
1,2330,p1,154,5.35552e-05,11.6608,50
1,2331,p1,129,5.56178e-05,11.5468,50
1,2332,p1,142,5.4297e-05,11.7214,50
1,2333,p1,116,5.16836e-05,11.7183,50
1,891,p1,1341,5.60028e-05,10.0094,10
1,2334,p1,135,5.64502e-05,11.2356,50
1,2335,p1,124,5.72802e-05,11.6599,50
1,2336,p1,98,5.71585e-05,11.3814,50
1,2337,p1,165,6.00305e-05,11.4121,50
1,2338,p1,145,5.94678e-05,11.8651,50
1,2339,p1,149,5.99457e-05,11.7897,50
1,2340,p1,133,6.09712e-05,11.1638,50
1,2341,p1,100,5.8256e-05,10.8872,50
1,2342,p1,167,6.02768e-05,11.4346,50
1,2343,p1,186,6.0257e-05,11.7798,50
1,2344,p1,113,5.7414e-05,11.7211,50
1,2345,p1,139,5.34768e-05,11.7525,50
1,2346,p1,101,6.06455e-05,11.6536,50
1,2347,p1,145,6.10787e-05,11.5503,50
1,2348,p1,171,5.72152e-05,12.0873,50
1,2349,p1,153,5.98947e-05,11.812,50
1,892,p1,1289,5.5281e-05,10.0117,10
1,893,p1,1326,5.5787e-05,10.0055,10
1,894,p1,1208,5.54221e-05,10.0194,10
1,2500,p1,113,8.23111e-05,-9.70028,100
1,2501,p1,169,8.32059e-05,-10.1363,100
1,2800,p1,141,3.03038e-05,-2.02721,30
1,2502,p1,157,7.63422e-05,-9.91669,100
1,2503,p1,118,8.37802e-05,-9.35023,100
1,2801,p1,95,3.32244e-05,-2.11777,30
1,2802,p1,69,3.07057e-05,-1.90515,30
1,2504,p1,153,8.59588e-05,-10.1534,100
1,2803,p1,105,3.08726e-05,-1.8072,30
1,2505,p1,138,8.37429e-05,-11.1473,100
1,2804,p1,150,3.12384e-05,-2.28309,30
1,2506,p1,118,8.60022e-05,-10.2746,100
1,2805,p1,117,3.11564e-05,-2.242,30
1,2507,p1,153,8.3095e-05,-10.1295,100
1,2806,p1,137,3.28782e-05,-1.88475,30
1,2508,p1,182,8.64773e-05,-10.2479,100
1,2807,p1,173,3.27333e-05,-2.27371,30
1,2509,p1,144,8.66751e-05,-9.54627,100
1,2808,p1,145,3.03215e-05,-2.48727,30
1,2510,p1,121,8.76996e-05,-9.81305,100
1,2809,p1,140,3.10554e-05,-2.53303,30
1,2511,p1,173,8.46687e-05,-9.7537,100
1,2810,p1,147,3.09908e-05,-2.23735,30
1,2512,p1,108,8.49636e-05,-9.83571,100
1,2811,p1,133,2.72814e-05,-2.78109,30
1,2812,p1,120,3.17785e-05,-2.57987,30
1,2513,p1,129,8.2505e-05,-9.89171,100
1,2813,p1,134,3.27656e-05,-2.91307,30
1,2514,p1,149,7.60153e-05,-9.9517,100
1,895,p1,1205,5.63332e-05,10.0124,10
1,896,p1,1208,5.52362e-05,10.0378,10
1,2814,p1,172,3.06745e-05,-3.21567,30
1,2815,p1,113,2.8234e-05,-2.66785,30
1,2816,p1,135,2.89032e-05,-2.33095,30
1,2817,p1,114,2.94179e-05,-2.36438,30
1,2818,p1,129,2.84229e-05,-2.61937,30
1,2819,p1,130,2.98124e-05,-2.2527,30
1,2820,p1,145,2.87372e-05,-2.41842,30
1,2821,p1,111,2.85748e-05,-2.12281,30
1,2822,p1,100,3.22915e-05,-2.18529,30
1,2823,p1,134,3.14839e-05,-2.05185,30
1,2824,p1,149,3.22792e-05,-2.29741,30
1,2825,p1,140,3.13878e-05,-2.20306,30
1,2826,p1,114,3.19071e-05,-2.02082,30
1,2827,p1,163,3.05345e-05,-2.18544,30
1,2828,p1,132,3.21508e-05,-2.16163,30
1,2829,p1,143,3.26933e-05,-2.36457,30
1,2830,p1,170,3.40618e-05,-2.12053,30
1,2831,p1,144,3.49023e-05,-2.2831,30
1,2832,p1,85,3.62097e-05,-2.4131,30
1,2833,p1,134,3.46118e-05,-2.42037,30
1,2834,p1,139,3.10517e-05,-2.29288,30
1,2835,p1,155,3.22414e-05,-2.13208,30
1,2836,p1,140,3.26819e-05,-2.34616,30
1,2837,p1,146,3.2402e-05,-2.33769,30
1,2838,p1,131,3.00032e-05,-2.03933,30
1,2839,p1,165,3.43124e-05,-2.14753,30
1,2840,p1,89,3.67523e-05,-1.79779,30
1,2841,p1,160,3.53508e-05,-1.62629,30
1,2842,p1,151,3.9884e-05,-2.22218,30
1,2843,p1,75,3.4288e-05,-2.3826,30
1,2844,p1,121,3.30794e-05,-2.37381,30
1,2845,p1,143,3.67399e-05,-2.27742,30
1,2846,p1,156,3.55003e-05,-2.64597,30
1,2847,p1,116,3.40889e-05,-2.10355,30
1,2848,p1,161,3.47994e-05,-2.33251,30
1,2849,p1,102,2.89648e-05,-2.51319,30
1,897,p1,1296,5.48973e-05,10.0299,10
1,2515,p1,135,7.65594e-05,-9.91314,100
1,2516,p1,151,7.96046e-05,-10.2207,100
1,2517,p1,98,8.05451e-05,-9.71071,100
1,2518,p1,148,7.90979e-05,-9.58506,100
1,2519,p1,171,8.03555e-05,-9.74308,100
1,2520,p1,169,8.15302e-05,-10.1529,100
1,2521,p1,84,8.25716e-05,-9.64272,100
1,2522,p1,127,8.15981e-05,-9.48559,100
1,2523,p1,138,7.22585e-05,-10.2049,100
1,2524,p1,199,7.28032e-05,-9.59273,100
1,2525,p1,110,8.12145e-05,-9.70957,100
1,2526,p1,146,8.25281e-05,-9.45099,100
1,2527,p1,163,6.89326e-05,-9.66183,100
1,2528,p1,154,5.51689e-05,-9.56714,100
1,2529,p1,102,6.77235e-05,-9.2267,100
1,2530,p1,147,7.44748e-05,-9.21502,100
1,2531,p1,118,8.25851e-05,-8.70487,100
1,2532,p1,113,7.89921e-05,-8.29711,100
1,898,p1,1316,5.54267e-05,10.0328,10
1,899,p1,1322,5.47046e-05,10.0332,10
1,2350,p1,94,6.0627e-05,11.4624,50
1,2533,p1,177,7.57603e-05,-9.12273,100
1,1850,p1,1122,7.54162e-05,19.9844,20
1,2534,p1,118,7.4368e-05,-9.16707,100
1,2351,p1,153,6.24414e-05,11.7806,50
1,2535,p1,98,7.32002e-05,-9.27353,100
1,2352,p1,161,6.00775e-05,11.7896,50
1,2536,p1,141,8.14371e-05,-9.25167,100
1,2353,p1,136,6.28939e-05,11.784,50
1,2537,p1,136,6.89352e-05,-9.50738,100
1,2354,p1,130,6.10533e-05,11.3526,50
1,2355,p1,131,6.27192e-05,11.6032,50
1,2538,p1,163,7.50638e-05,-9.25062,100
1,2356,p1,137,6.47376e-05,11.5022,50
1,2539,p1,164,8.22078e-05,-9.47755,100
1,2357,p1,113,6.55971e-05,11.4837,50
1,2540,p1,103,8.43194e-05,-8.97232,100
1,2358,p1,188,6.57762e-05,11.4951,50
1,2541,p1,150,8.52209e-05,-9.2309,100
1,2359,p1,136,6.2926e-05,11.3586,50
1,2542,p1,207,8.47063e-05,-9.29403,100
1,2360,p1,85,6.52215e-05,11.1279,50
1,2361,p1,113,6.57589e-05,11.026,50
1,2543,p1,122,8.74691e-05,-9.30377,100
1,2362,p1,151,6.73251e-05,11.0599,50
1,2363,p1,164,6.73595e-05,11.05,50
1,2364,p1,118,6.62468e-05,11.279,50
1,2365,p1,140,6.68117e-05,11.2434,50
1,2366,p1,167,6.53379e-05,10.9265,50
1,2367,p1,134,6.40427e-05,10.8237,50
1,2368,p1,116,6.56503e-05,10.5862,50
1,2369,p1,127,6.50031e-05,10.3723,50
1,2370,p1,134,6.32711e-05,10.2727,50
1,2371,p1,100,6.1506e-05,9.78506,50
1,2372,p1,126,5.4572e-05,9.65829,50
1,1851,p1,1058,7.45096e-05,19.9555,20
1,2373,p1,116,6.12459e-05,9.89383,50
1,2374,p1,109,5.46848e-05,9.65019,50
1,2375,p1,118,5.54115e-05,9.84805,50
1,900,p1,1350,5.47198e-05,10.0222,10
1,1852,p1,1115,7.36012e-05,19.9795,20
1,1853,p1,1114,7.67545e-05,19.933,20
1,2544,p1,107,8.47581e-05,-9.33763,100
1,2545,p1,193,8.61157e-05,-9.38592,100
1,2546,p1,119,8.37632e-05,-9.26917,100
1,2547,p1,124,7.93275e-05,-9.04752,100
1,2548,p1,182,8.34317e-05,-9.11211,100
1,2549,p1,74,8.43006e-05,-9.43848,100
1,2376,p1,128,5.63913e-05,9.79745,50
1,2377,p1,120,5.87125e-05,9.89048,50
1,2378,p1,122,5.86076e-05,10.0158,50
1,2379,p1,125,6.24403e-05,9.94492,50
1,2380,p1,127,5.94476e-05,10.0148,50
1,2381,p1,132,6.49156e-05,10.3254,50
1,2382,p1,151,6.96551e-05,10.5733,50
1,2383,p1,133,6.84437e-05,10.4359,50
1,2384,p1,170,7.17355e-05,10.6157,50
1,2385,p1,137,6.94752e-05,10.6696,50
1,2386,p1,123,7.03133e-05,10.7661,50
1,2387,p1,129,7.02344e-05,11.0671,50
1,901,p1,1230,5.44809e-05,10.0457,10
1,1854,p1,1135,7.69583e-05,19.9722,20
1,2388,p1,157,7.01385e-05,10.8554,50
1,2389,p1,127,7.12381e-05,10.3637,50
1,2390,p1,102,6.83727e-05,10.4974,50
1,2391,p1,130,6.63935e-05,10.2105,50
1,2392,p1,137,6.69508e-05,10.0959,50
1,2393,p1,165,6.80854e-05,10.3059,50
1,1855,p1,1103,7.29259e-05,20.0235,20
1,2394,p1,189,6.52608e-05,10.2893,50
1,2395,p1,103,5.93374e-05,10.258,50
1,2396,p1,109,6.68176e-05,10.7016,50
1,2397,p1,146,6.83006e-05,10.7152,50
1,1856,p1,1116,7.0647e-05,19.9718,20
1,1857,p1,899,7.33724e-05,19.8486,20
1,1858,p1,1157,6.98014e-05,19.9903,20
1,2398,p1,123,6.61901e-05,10.7495,50
1,2399,p1,129,6.8885e-05,10.4212,50
1,1859,p1,1109,7.15125e-05,19.9151,20
1,1860,p1,1021,6.66494e-05,19.9024,20
1,1861,p1,1060,6.71225e-05,19.865,20
1,902,p1,1333,5.46083e-05,10.0301,10
1,903,p1,1329,5.50208e-05,10.0119,10
1,2850,p1,192,2.95622e-05,-2.57787,30
1,2851,p1,55,2.94843e-05,-2.43977,30
1,2852,p1,102,3.2054e-05,-2.24697,30
1,2853,p1,133,3.18432e-05,-2.5441,30
1,2854,p1,133,3.08186e-05,-2.5008,30
1,2855,p1,145,3.11113e-05,-2.41517,30
1,2856,p1,143,3.25732e-05,-2.38395,30
1,2857,p1,128,3.39844e-05,-2.04601,30
1,2858,p1,140,3.74166e-05,-2.23711,30
1,2859,p1,159,3.45384e-05,-2.45104,30
1,2860,p1,152,3.75801e-05,-2.40732,30
1,2861,p1,121,4.28642e-05,-2.92781,30
1,2862,p1,136,3.94972e-05,-2.90633,30
1,2863,p1,166,3.86117e-05,-2.70611,30
1,2864,p1,145,4.24713e-05,-3.09879,30
1,2865,p1,109,3.94045e-05,-2.80229,30
1,1862,p1,1112,6.76511e-05,19.9338,20
1,1863,p1,1153,6.37222e-05,20.0052,20
1,2866,p1,176,3.73513e-05,-2.53139,30
1,2867,p1,142,4.2374e-05,-2.88277,30
1,2868,p1,148,4.39004e-05,-2.65722,30
1,2869,p1,146,4.25931e-05,-2.47347,30
1,2870,p1,156,4.52841e-05,-2.6018,30
1,2871,p1,127,4.17543e-05,-2.40729,30
1,2872,p1,133,4.18817e-05,-2.57465,30
1,2873,p1,152,4.38623e-05,-2.9315,30
1,2874,p1,113,4.93069e-05,-2.99638,30
1,2875,p1,116,5.18077e-05,-3.11737,30
1,2876,p1,122,5.29327e-05,-2.78969,30
1,2877,p1,109,5.26715e-05,-2.7885,30
1,2878,p1,111,5.25789e-05,-2.55726,30
1,2879,p1,159,4.84742e-05,-2.48199,30
1,2880,p1,145,4.72262e-05,-2.52893,30
1,2881,p1,106,4.59305e-05,-2.37794,30
1,2882,p1,105,4.66522e-05,-2.56902,30
1,2883,p1,168,4.88993e-05,-2.81266,30
1,2884,p1,145,4.68868e-05,-2.80746,30
1,2885,p1,121,4.88406e-05,-2.67649,30
1,2886,p1,127,5.29621e-05,-3.01378,30
1,2887,p1,165,4.5757e-05,-2.38568,30
1,1864,p1,1090,6.35819e-05,19.8726,20
1,2888,p1,110,3.82669e-05,-2.1746,30
1,2889,p1,124,4.04458e-05,-2.27949,30
1,2890,p1,152,3.71146e-05,-2.1276,30
1,2891,p1,118,3.83352e-05,-2.42938,30
1,2892,p1,112,3.47258e-05,-1.76447,30
1,2893,p1,131,3.92873e-05,-1.85161,30
1,2894,p1,135,4.27075e-05,-2.20463,30
1,1865,p1,1030,6.06647e-05,20.0517,20
1,1866,p1,1111,6.4559e-05,19.8966,20
1,1867,p1,1105,6.01083e-05,19.9249,20
1,2895,p1,151,4.31646e-05,-2.3349,30
1,2896,p1,156,3.65537e-05,-1.62052,30
1,2897,p1,133,3.56544e-05,-1.71315,30
1,2898,p1,140,3.10916e-05,-1.70488,30
1,2899,p1,129,3.01379e-05,-1.37527,30
1,1868,p1,1163,5.48094e-05,19.9738,20
1,904,p1,1250,5.40452e-05,10.0253,10
1,1869,p1,1196,5.81817e-05,20.1187,20
1,1870,p1,1084,5.64057e-05,20.0102,20
1,1871,p1,1069,5.59479e-05,19.9125,20
1,1872,p1,1080,5.511e-05,20.1167,20
1,1873,p1,1116,5.5378e-05,20.0375,20
1,905,p1,1355,5.47286e-05,10.0413,10
1,906,p1,1469,5.5258e-05,10.0146,10
1,1874,p1,1083,6.04376e-05,19.8654,20
1,1875,p1,1020,5.89339e-05,19.8919,20
1,1876,p1,1157,5.79032e-05,19.959,20
1,1877,p1,1008,5.96047e-05,19.9742,20
1,1878,p1,1205,5.74234e-05,19.9752,20
1,1879,p1,1069,6.01854e-05,19.896,20
1,1880,p1,1133,5.45631e-05,19.9224,20
1,1881,p1,1075,5.83574e-05,19.8976,20
1,1882,p1,1078,5.75314e-05,19.9823,20
1,1883,p1,1126,5.99765e-05,19.9091,20
1,1884,p1,1102,5.84648e-05,20.0088,20
1,1885,p1,1208,5.90712e-05,19.9431,20
1,1886,p1,948,5.93156e-05,19.9414,20
1,1887,p1,1095,5.69596e-05,20.0234,20
1,1888,p1,1171,5.95462e-05,20.0029,20
1,2400,p1,152,6.73437e-05,10.2453,50
1,2401,p1,125,6.79302e-05,10.4885,50
1,2402,p1,141,6.8356e-05,10.7131,50
1,2403,p1,114,6.74823e-05,10.7736,50
1,2404,p1,125,7.08294e-05,10.9862,50
1,2405,p1,139,6.44879e-05,10.5457,50
1,2406,p1,144,6.58071e-05,10.6337,50
1,2407,p1,113,6.95861e-05,10.7903,50
1,2408,p1,134,6.81302e-05,10.8514,50
1,2409,p1,175,7.22705e-05,11.2038,50
1,2410,p1,95,6.23463e-05,10.8709,50
1,1889,p1,1113,5.96847e-05,19.9462,20
1,1890,p1,1127,5.874e-05,19.9459,20
1,1891,p1,1154,6.00995e-05,19.9391,20
1,1892,p1,1039,5.89263e-05,19.9861,20
1,1893,p1,1168,5.84441e-05,19.9484,20
1,1894,p1,1129,5.82766e-05,19.9085,20
1,907,p1,1331,5.46744e-05,10.0155,10
1,1895,p1,987,5.68735e-05,20.0381,20
1,2900,p1,136,3.38962e-05,-1.37502,30
1,2901,p1,108,3.19783e-05,-1.27159,30
1,1896,p1,1113,5.64462e-05,19.9635,20
1,2902,p1,138,2.78009e-05,-1.19551,30
1,2903,p1,161,2.83199e-05,-0.876266,30
1,2904,p1,127,2.7507e-05,-0.992122,30
1,2905,p1,124,2.57226e-05,-0.798511,30
1,2906,p1,130,2.56834e-05,-0.922843,30
1,2907,p1,131,3.20526e-05,-1.28692,30
1,2908,p1,144,3.27033e-05,-1.55736,30
1,2909,p1,104,2.73669e-05,-0.919771,30
1,2910,p1,116,2.84661e-05,-1.09647,30
1,2911,p1,180,2.95688e-05,-1.24422,30
1,2912,p1,158,2.95389e-05,-1.43839,30
1,1897,p1,1090,5.7679e-05,19.983,20
1,1898,p1,1082,6.00347e-05,19.8902,20
1,2913,p1,102,2.46593e-05,-1.01107,30
1,2914,p1,109,2.40085e-05,-1.0172,30
1,2915,p1,151,2.96391e-05,-1.62079,30
1,2916,p1,98,3.22772e-05,-1.38368,30
1,2917,p1,143,3.05702e-05,-1.06693,30
1,2918,p1,124,2.66828e-05,-1.09389,30
1,2919,p1,108,3.61343e-05,-1.30949,30
1,2920,p1,123,3.28075e-05,-1.03166,30
1,2921,p1,174,3.01997e-05,-1.19014,30
1,2922,p1,155,3.06121e-05,-0.94555,30
1,2923,p1,118,2.73657e-05,-0.64648,30
1,2924,p1,129,2.6514e-05,-1.07353,30
1,2925,p1,159,2.42554e-05,-0.954196,30
1,1899,p1,1097,5.89639e-05,19.9407,20
1,2411,p1,147,6.94856e-05,10.9848,50
1,2412,p1,135,6.90875e-05,11.333,50
1,2413,p1,131,6.67458e-05,11.2627,50
1,2414,p1,154,7.00101e-05,11.1041,50
1,2415,p1,98,6.90561e-05,10.9537,50
1,2416,p1,155,6.76866e-05,11.2422,50
1,2417,p1,169,7.21855e-05,10.9748,50
1,2418,p1,105,7.26299e-05,11.3111,50
1,2419,p1,164,7.14024e-05,11.2465,50
1,2420,p1,86,6.92354e-05,10.8422,50
1,2421,p1,134,6.77812e-05,10.9045,50
1,2422,p1,112,6.9823e-05,11.057,50
1,2423,p1,168,7.22789e-05,10.9775,50
1,2424,p1,104,7.30483e-05,10.7042,50
1,2926,p1,146,2.13964e-05,-1.17467,30
1,2927,p1,104,2.35124e-05,-1.22733,30
1,2928,p1,127,2.64545e-05,-1.12855,30
1,2929,p1,115,2.55512e-05,-0.908065,30
1,2930,p1,128,2.47495e-05,-1.13286,30
1,2931,p1,126,2.53912e-05,-1.02592,30
1,2932,p1,69,2.4791e-05,-1.36171,30
1,2933,p1,122,2.47793e-05,-0.98991,30
1,2934,p1,156,2.52622e-05,-1.04259,30
1,2935,p1,156,2.5843e-05,-1.2291,30
1,2936,p1,72,2.43142e-05,-1.05181,30
1,2937,p1,141,1.92797e-05,-1.12026,30
1,2938,p1,181,2.17557e-05,-1.14652,30
1,908,p1,1309,5.3728e-05,10.0105,10
1,909,p1,1260,5.46859e-05,10.0187,10
1,2425,p1,113,7.27625e-05,10.8916,50
1,2426,p1,147,7.35946e-05,11.2762,50
1,2939,p1,117,2.52056e-05,-0.923076,30
1,2427,p1,144,7.09802e-05,11.1844,50
1,2940,p1,109,2.22864e-05,-0.822575,30
1,2428,p1,110,7.34219e-05,10.6526,50
1,2429,p1,141,7.04663e-05,10.9841,50
1,2941,p1,180,2.37332e-05,-0.971052,30
1,2430,p1,134,7.40997e-05,10.6867,50
1,2942,p1,130,2.56385e-05,-0.549427,30
1,2943,p1,111,2.89307e-05,-0.295555,30
1,2431,p1,136,7.22624e-05,10.6624,50
1,2944,p1,126,2.78219e-05,-0.662868,30
1,2432,p1,126,7.70342e-05,10.5586,50
1,2433,p1,107,7.52721e-05,10.6393,50
1,2945,p1,176,2.3299e-05,-0.553328,30
1,2434,p1,167,7.29189e-05,11.0017,50
1,2946,p1,146,2.50371e-05,-0.707212,30
1,2947,p1,112,3.03025e-05,-0.390998,30
1,2435,p1,123,7.14274e-05,10.8851,50
1,2948,p1,126,2.61206e-05,-0.730872,30
1,2436,p1,119,7.13996e-05,11.0608,50
1,2949,p1,147,2.12222e-05,-0.755566,30
1,910,p1,1450,5.46106e-05,10.0424,10
1,2437,p1,136,7.07418e-05,11.0482,50
1,2438,p1,113,6.87889e-05,10.6865,50
1,2439,p1,184,6.6219e-05,10.8873,50
1,2440,p1,143,6.90885e-05,10.6838,50
1,2441,p1,139,6.9682e-05,10.6889,50
1,2442,p1,146,6.6223e-05,10.8149,50
1,2443,p1,137,6.15499e-05,10.8787,50
1,2444,p1,120,6.12191e-05,10.9554,50
1,2445,p1,151,6.22951e-05,11.2578,50
1,2446,p1,132,6.7535e-05,11.2976,50
1,911,p1,1401,5.37548e-05,10.0356,10
1,2447,p1,152,6.83449e-05,11.4588,50
1,912,p1,1353,5.37798e-05,10.0473,10
1,2448,p1,97,7.11776e-05,11.5764,50
1,2449,p1,209,7.16101e-05,11.4441,50
1,1900,p1,1095,6.38955e-05,19.9088,20
1,2550,p1,101,8.3829e-05,-9.5442,100
1,2551,p1,192,8.69256e-05,-9.66764,100
1,2552,p1,125,8.7088e-05,-9.61202,100
1,2553,p1,113,8.20428e-05,-9.75393,100
1,2554,p1,150,8.76809e-05,-10.1507,100
1,1901,p1,1171,6.09809e-05,19.9929,20
1,2555,p1,93,9.34004e-05,-10.5457,100
1,2556,p1,131,8.71374e-05,-10.4087,100
1,2557,p1,164,9.00528e-05,-10.2926,100
1,2558,p1,155,9.05548e-05,-10.4427,100
1,2559,p1,119,8.62573e-05,-10.1517,100
1,2560,p1,143,9.13006e-05,-10.1171,100
1,2561,p1,202,9.31256e-05,-10.3,100
1,2562,p1,137,9.34986e-05,-10.5013,100
1,2563,p1,145,8.73453e-05,-10.2056,100
1,2564,p1,108,9.16864e-05,-9.99861,100
1,2565,p1,143,9.39391e-05,-10.1722,100
1,2566,p1,157,8.95586e-05,-9.98963,100
1,913,p1,1351,5.22872e-05,10.0416,10
1,2567,p1,133,9.40536e-05,-10.3656,100
1,2568,p1,143,9.44726e-05,-10.2279,100
1,2569,p1,111,9.29782e-05,-10.0847,100
1,2570,p1,187,9.40326e-05,-10.1161,100
1,2571,p1,112,9.64166e-05,-10.631,100
1,2572,p1,139,9.12895e-05,-10.5152,100
1,2573,p1,154,9.46863e-05,-10.5076,100
1,2574,p1,159,9.39043e-05,-10.334,100
1,2575,p1,111,9.2721e-05,-10.5361,100
1,2576,p1,120,9.40865e-05,-10.4819,100
1,2577,p1,127,9.50828e-05,-10.391,100
1,2578,p1,128,8.94427e-05,-10.3543,100
1,2579,p1,153,9.3689e-05,-10.4943,100
1,2580,p1,127,8.93366e-05,-10.3907,100
1,2581,p1,112,8.91729e-05,-10.1912,100
1,2582,p1,146,8.74568e-05,-10.3078,100
1,2583,p1,141,8.24611e-05,-10.1568,100
1,2584,p1,119,8.13322e-05,-10.128,100
1,1902,p1,1072,6.34107e-05,19.91,20
1,914,p1,1305,5.30684e-05,10.0399,10
1,2585,p1,133,8.85923e-05,-10.1136,100
1,2586,p1,113,8.51508e-05,-10.2244,100
1,2587,p1,113,8.09057e-05,-10.2906,100
1,2588,p1,124,8.21634e-05,-10.3123,100
1,2589,p1,143,8.37038e-05,-10.3928,100
1,2590,p1,142,8.0271e-05,-10.5685,100
1,2591,p1,125,8.01462e-05,-10.2729,100
1,2592,p1,125,7.42381e-05,-10.2548,100
1,2593,p1,133,7.77907e-05,-10.2474,100
1,2594,p1,147,7.86522e-05,-10.1336,100
1,2595,p1,132,7.49472e-05,-10.1533,100
1,2596,p1,133,6.89708e-05,-10.2264,100
1,1903,p1,1075,6.21309e-05,19.9173,20
1,1904,p1,1046,6.14243e-05,20.0149,20
1,915,p1,1427,5.32773e-05,10.0496,10
1,2597,p1,112,8.09076e-05,-10.3134,100
1,2598,p1,153,7.42469e-05,-10.2537,100
1,2599,p1,93,7.02468e-05,-9.89199,100
1,1905,p1,1164,6.43503e-05,19.9234,20
1,1906,p1,1060,6.38529e-05,19.9829,20
1,2950,p1,153,2.54003e-05,-0.76403,30
1,2951,p1,158,2.58536e-05,-1.11567,30
1,2952,p1,131,2.87702e-05,-0.539832,30
1,2953,p1,113,2.93257e-05,-0.528374,30
1,2954,p1,163,2.57945e-05,-0.930567,30
1,2955,p1,112,3.11484e-05,-0.665034,30
1,2956,p1,102,2.62928e-05,-1.04359,30
1,2957,p1,154,2.64922e-05,-1.11058,30
1,2958,p1,154,2.91407e-05,-0.632311,30
1,2959,p1,142,3.10911e-05,-0.608796,30
1,2960,p1,134,2.98282e-05,-0.702156,30
1,2961,p1,138,2.76121e-05,-0.693684,30
1,2962,p1,135,3.0045e-05,-0.535516,30
1,2963,p1,147,2.68502e-05,-0.556344,30
1,2964,p1,109,3.49423e-05,-0.213748,30
1,2965,p1,163,3.56987e-05,-0.379524,30
1,2966,p1,140,3.62566e-05,-0.593162,30
1,2967,p1,105,3.4063e-05,-1.39081,30
1,2968,p1,136,3.31382e-05,-1.29037,30
1,2969,p1,123,3.39583e-05,-1.25524,30
1,2970,p1,153,3.47922e-05,-1.21563,30
1,2971,p1,198,3.28558e-05,-1.50996,30
1,2972,p1,89,3.09115e-05,-1.6926,30
1,2973,p1,146,3.41272e-05,-1.59225,30
1,2974,p1,143,3.40224e-05,-1.57263,30
1,2975,p1,110,3.08603e-05,-1.66231,30
1,2976,p1,164,2.89006e-05,-1.61751,30
1,2977,p1,132,2.66934e-05,-1.98342,30
1,1907,p1,1087,6.5493e-05,19.9275,20
1,916,p1,1280,5.42146e-05,10.0586,10
1,1908,p1,1126,6.59004e-05,19.9389,20
1,2978,p1,165,2.76068e-05,-1.93083,30
1,2979,p1,118,3.00054e-05,-1.31181,30
1,2980,p1,100,2.93315e-05,-1.45665,30
1,2981,p1,161,3.29193e-05,-0.929831,30
1,2982,p1,123,3.0238e-05,-0.974705,30
1,2983,p1,157,3.23845e-05,-1.07205,30
1,2984,p1,126,3.17615e-05,-0.742757,30
1,2985,p1,134,2.92139e-05,-0.914827,30
1,2986,p1,122,2.86133e-05,-0.908784,30
1,2987,p1,172,3.02256e-05,-1.30064,30
1,917,p1,1269,5.39906e-05,10.0646,10
1,918,p1,1348,5.34349e-05,10.0698,10
1,2988,p1,182,3.19967e-05,-1.67563,30
1,2989,p1,100,2.86905e-05,-1.37528,30
1,2990,p1,148,2.9084e-05,-1.572,30
1,2991,p1,134,3.25036e-05,-1.61543,30
1,2992,p1,126,2.92252e-05,-1.64193,30
1,2993,p1,151,2.91268e-05,-1.63711,30
1,2994,p1,132,3.05972e-05,-1.44799,30
1,2995,p1,142,3.17923e-05,-1.45448,30
1,2996,p1,127,3.06042e-05,-1.57949,30
1,2997,p1,159,3.16344e-05,-1.57174,30
1,2998,p1,124,3.37435e-05,-1.16396,30
1,2999,p1,172,3.31642e-05,-1.57092,30
1,919,p1,1442,5.2056e-05,10.037,10
1,920,p1,1285,5.2715e-05,10.0425,10
1,2600,p1,126,7.59048e-05,-9.96959,100
1,2601,p1,125,7.64032e-05,-10.1803,100
1,2602,p1,153,7.66908e-05,-10.0501,100
1,2603,p1,143,7.51836e-05,-9.94405,100
1,2604,p1,90,7.15722e-05,-9.82064,100
1,2605,p1,128,6.80676e-05,-9.83617,100
1,2606,p1,131,6.12855e-05,-9.88211,100
1,2607,p1,128,6.43277e-05,-9.94392,100
1,2608,p1,113,7.07914e-05,-9.90689,100
1,2609,p1,149,6.44516e-05,-10.033,100
1,2610,p1,132,6.30002e-05,-10.1909,100
1,2611,p1,82,5.40103e-05,-10.0801,100
1,2612,p1,120,6.54726e-05,-10.0316,100
1,2613,p1,192,6.48477e-05,-10.0882,100
1,2614,p1,162,5.20346e-05,-10.118,100
1,2615,p1,151,5.34077e-05,-9.89427,100
1,2616,p1,99,6.57015e-05,-9.88439,100
1,2617,p1,159,7.11323e-05,-9.87179,100
1,2618,p1,161,6.7188e-05,-9.8676,100
1,2619,p1,102,6.58761e-05,-9.90528,100
1,2620,p1,161,4.92491e-05,-9.93273,100
1,2621,p1,125,3.93046e-05,-9.87584,100
1,2622,p1,122,3.93983e-05,-9.93969,100
1,2623,p1,165,4.80281e-05,-9.92464,100
1,2624,p1,137,4.57624e-05,-9.82428,100
1,2625,p1,164,3.74693e-05,-9.90088,100
1,2626,p1,123,4.31407e-05,-10.1117,100
1,2627,p1,128,3.82602e-05,-10.0505,100
1,2628,p1,173,2.94497e-05,-10.4295,100
1,2629,p1,146,3.64334e-05,-10.4819,100
1,2630,p1,117,3.41194e-05,-10.3235,100
1,2631,p1,133,4.28707e-05,-10.2436,100
1,2632,p1,167,4.06259e-05,-10.6617,100
1,2633,p1,131,3.66572e-05,-10.7978,100
1,2634,p1,118,4.2988e-05,-10.6591,100
1,2635,p1,122,3.70324e-05,-10.579,100
1,921,p1,1289,5.2964e-05,10.0629,10
1,2636,p1,141,3.7019e-05,-10.6196,100
1,2637,p1,150,5.33173e-05,-10.6828,100
1,2638,p1,113,4.79865e-05,-11.0543,100
1,2639,p1,142,5.64613e-05,-10.9355,100
1,2640,p1,191,4.05356e-05,-11.087,100
1,2641,p1,107,4.57957e-05,-11.2447,100
1,2642,p1,114,5.92509e-05,-11.3062,100
1,2643,p1,132,5.58388e-05,-11.5002,100
1,2644,p1,117,4.78223e-05,-11.4887,100
1,2645,p1,162,4.95401e-05,-11.343,100
1,922,p1,1414,5.2776e-05,10.0244,10
1,923,p1,1161,5.41585e-05,10.0006,10
1,1909,p1,1178,6.61415e-05,20.065,20
1,924,p1,1303,5.46091e-05,10.024,10
1,1910,p1,1046,6.75116e-05,20.0216,20
1,925,p1,1420,5.24457e-05,10.009,10
1,926,p1,1273,5.21256e-05,10.0245,10
1,927,p1,1324,5.22385e-05,10.0439,10
1,928,p1,1325,5.28593e-05,10.0416,10
1,929,p1,1199,5.35433e-05,10.0409,10
1,930,p1,1332,5.32401e-05,10.0496,10
1,931,p1,1327,5.45501e-05,10.056,10
1,1911,p1,1171,6.86086e-05,19.9285,20
1,2646,p1,146,5.79459e-05,-11.2893,100
1,2647,p1,182,6.29827e-05,-11.3225,100
1,2648,p1,92,5.14733e-05,-11.6651,100
1,2649,p1,82,4.9597e-05,-11.7584,100
1,932,p1,1334,5.37424e-05,10.0221,10
1,1912,p1,1162,7.3004e-05,19.8783,20
1,933,p1,1241,5.53006e-05,10.0296,10
1,1913,p1,1037,7.14464e-05,19.8885,20
1,1914,p1,992,6.91238e-05,19.9762,20
1,934,p1,1447,5.50473e-05,10.0151,10
1,935,p1,1284,5.44507e-05,10.0077,10
1,2450,p1,109,7.49322e-05,11.6354,50
1,2451,p1,159,7.83529e-05,11.4605,50
1,2452,p1,129,7.96671e-05,11.4674,50
1,2453,p1,121,7.49413e-05,11.6694,50
1,2454,p1,172,7.79484e-05,12.0601,50
1,2455,p1,145,7.82345e-05,11.6338,50
1,2456,p1,119,8.44238e-05,11.5148,50
1,2457,p1,171,8.00135e-05,11.5694,50
1,2458,p1,145,8.24908e-05,11.6239,50
1,2459,p1,82,7.47509e-05,11.5756,50
1,2460,p1,136,7.49427e-05,11.822,50
1,2461,p1,175,7.89523e-05,11.5047,50
1,2462,p1,136,8.25073e-05,11.3374,50
1,2463,p1,139,7.73456e-05,11.7098,50
1,2464,p1,111,8.01879e-05,11.664,50
1,2465,p1,157,8.12846e-05,11.3666,50
1,2466,p1,148,8.5509e-05,11.4559,50
1,2467,p1,139,8.41238e-05,11.1233,50
1,2468,p1,107,8.50284e-05,10.5475,50
1,2469,p1,96,8.16281e-05,10.3537,50
1,2470,p1,186,8.14044e-05,10.4475,50
1,2471,p1,130,8.39382e-05,11.1143,50
1,1915,p1,1264,7.215e-05,19.8635,20
1,2472,p1,132,8.31267e-05,11.2272,50
1,2473,p1,101,7.73939e-05,10.416,50
1,2474,p1,168,8.45332e-05,10.3581,50
1,2475,p1,110,8.73165e-05,11.0043,50
1,2476,p1,135,8.23191e-05,10.7466,50
1,2477,p1,127,8.322e-05,11.2347,50
1,2478,p1,173,8.68744e-05,11.1221,50
1,2479,p1,109,8.69721e-05,11.0643,50
1,2480,p1,91,8.48629e-05,11.0651,50
1,2481,p1,163,8.60879e-05,10.9188,50
1,936,p1,1252,5.39976e-05,10.0045,10
1,1916,p1,1238,6.69266e-05,20.0139,20
1,2482,p1,183,8.03331e-05,10.9096,50
1,2483,p1,129,7.81531e-05,10.4214,50
1,2484,p1,118,7.92003e-05,11.2314,50
1,2485,p1,175,8.01758e-05,11.331,50
1,2486,p1,107,8.46126e-05,11.8805,50
1,2487,p1,152,8.19968e-05,12.1646,50
1,2488,p1,136,7.22954e-05,13.2225,50
1,2489,p1,139,7.57911e-05,12.8267,50
1,937,p1,1361,5.31745e-05,10.0236,10
1,938,p1,1304,5.51921e-05,10.038,10
1,2490,p1,138,7.58034e-05,12.7665,50
1,2491,p1,161,7.90701e-05,12.4609,50
1,2492,p1,137,7.9756e-05,12.4496,50
1,2493,p1,146,8.86201e-05,12.0957,50
1,2494,p1,151,8.95397e-05,12.7292,50
1,2495,p1,114,9.16405e-05,11.8412,50
1,2496,p1,131,9.2867e-05,12.1661,50
1,2497,p1,133,8.34832e-05,13.2806,50
1,2498,p1,152,9.39506e-05,12.377,50
1,2499,p1,141,9.50978e-05,12.0519,50
1,1917,p1,997,6.71003e-05,19.9575,20
1,1918,p1,1133,6.76673e-05,19.8482,20
1,939,p1,1194,5.59799e-05,10.0434,10
1,2500,p1,127,9.52635e-05,12.3253,50
1,2501,p1,143,9.4844e-05,12.6602,50
1,2502,p1,141,8.29332e-05,13.5243,50
1,2503,p1,159,8.68799e-05,13.5016,50
1,2504,p1,133,8.49081e-05,13.6003,50
1,2505,p1,156,9.33457e-05,13.1506,50
1,2506,p1,127,9.41729e-05,12.8218,50
1,2507,p1,81,9.3357e-05,13.0697,50
1,2508,p1,159,9.45508e-05,13.1259,50
1,2509,p1,116,0.000102208,12.4501,50
1,2510,p1,138,0.000100469,12.5975,50
1,2511,p1,134,0.00010285,12.3779,50
1,1919,p1,1135,6.65998e-05,19.9423,20
1,2512,p1,120,9.98337e-05,12.8198,50
1,2513,p1,166,0.000100541,12.8397,50
1,2514,p1,158,9.64727e-05,13.2789,50
1,2515,p1,91,9.67764e-05,13.0006,50
1,940,p1,1329,5.54969e-05,10.0396,10
1,2516,p1,125,9.9056e-05,13.2223,50
1,2517,p1,125,9.59392e-05,13.7787,50
1,2518,p1,113,9.11634e-05,13.3718,50
1,2519,p1,115,9.73308e-05,13.355,50
1,2520,p1,128,0.00010126,13.1917,50
1,2521,p1,119,0.000100626,13.5534,50
1,2522,p1,145,0.000101866,13.2095,50
1,3000,p1,147,3.20577e-05,-1.72886,30
1,2650,p1,164,4.884e-05,-11.5771,100
1,2651,p1,176,4.82711e-05,-11.4082,100
1,2652,p1,117,3.86095e-05,-11.4524,100
1,2653,p1,107,4.01044e-05,-11.3955,100
1,2654,p1,207,4.18548e-05,-11.2856,100
1,2655,p1,152,3.81276e-05,-11.3045,100
1,2656,p1,154,3.18726e-05,-11.1852,100
1,2657,p1,141,2.99369e-05,-11.0559,100
1,2658,p1,134,3.2495e-05,-11.0802,100
1,2659,p1,174,3.8627e-05,-10.8177,100
1,1920,p1,1047,6.32034e-05,20.0194,20
1,1921,p1,1072,6.43238e-05,19.9042,20
1,941,p1,1335,5.5206e-05,10.0436,10
1,942,p1,1209,5.58636e-05,10.0326,10
1,3001,p1,126,3.21973e-05,-2.11962,30
1,3002,p1,130,3.37612e-05,-2.02075,30
1,3003,p1,152,3.44031e-05,-2.28696,30
1,3004,p1,127,3.39336e-05,-2.22812,30
1,2660,p1,147,3.82153e-05,-11.0743,100
1,2661,p1,116,5.14425e-05,-11.1012,100
1,2662,p1,156,5.69615e-05,-11.2787,100
1,2663,p1,116,5.6396e-05,-11.4912,100
1,2664,p1,140,5.82255e-05,-11.7144,100
1,2665,p1,141,5.91887e-05,-11.4417,100
1,2666,p1,113,4.86565e-05,-11.6746,100
1,2667,p1,143,5.04206e-05,-11.7135,100
1,2668,p1,137,4.39219e-05,-11.6499,100
1,2669,p1,141,4.61934e-05,-11.6296,100
1,2670,p1,122,3.79555e-05,-11.6249,100
1,2671,p1,135,4.02477e-05,-11.6575,100
1,2672,p1,102,5.24327e-05,-11.6252,100
1,2673,p1,183,3.5817e-05,-11.5428,100
1,2674,p1,180,4.92429e-05,-11.5455,100
1,2675,p1,110,6.42665e-05,-11.2451,100
1,2676,p1,131,5.80642e-05,-11.2866,100
1,2677,p1,155,5.32678e-05,-11.4499,100
1,2678,p1,115,5.08484e-05,-11.4437,100
1,2679,p1,103,5.07776e-05,-11.2994,100
1,2680,p1,148,5.85945e-05,-11.3165,100
1,2681,p1,174,7.03004e-05,-11.1062,100
1,3005,p1,173,3.39659e-05,-2.39122,30
1,3006,p1,149,3.40944e-05,-2.34403,30
1,3007,p1,132,3.42367e-05,-2.16489,30
1,1922,p1,1156,6.38682e-05,19.9416,20
1,3008,p1,99,3.69207e-05,-1.60274,30
1,3009,p1,142,3.56854e-05,-2.20603,30
1,3010,p1,150,3.55293e-05,-2.44091,30
1,3011,p1,75,3.496e-05,-2.79589,30
1,3012,p1,134,3.38441e-05,-2.74561,30
1,3013,p1,109,3.78642e-05,-1.98129,30
1,2682,p1,120,7.81215e-05,-11.4438,100
1,3014,p1,164,3.8708e-05,-1.97497,30
1,2683,p1,153,8.33613e-05,-11.2265,100
1,3015,p1,124,3.77384e-05,-2.23158,30
1,2684,p1,123,8.41417e-05,-11.0119,100
1,3016,p1,149,3.91874e-05,-2.29094,30
1,2685,p1,173,9.00107e-05,-11.216,100
1,3017,p1,92,3.80175e-05,-2.48485,30
1,2686,p1,148,8.42896e-05,-11.3495,100
1,3018,p1,127,3.87061e-05,-2.501,30
1,2687,p1,90,7.61475e-05,-11.6212,100
1,3019,p1,141,3.953e-05,-2.44307,30
1,2688,p1,104,8.57119e-05,-11.4941,100
1,3020,p1,143,4.01844e-05,-2.72002,30
1,2689,p1,132,7.71209e-05,-11.511,100
1,3021,p1,136,3.76868e-05,-2.97897,30
1,2690,p1,129,8.30701e-05,-11.4242,100
1,3022,p1,133,3.41571e-05,-3.44209,30
1,2691,p1,131,8.03193e-05,-11.7671,100
1,3023,p1,157,3.71717e-05,-3.13411,30
1,2692,p1,127,6.69425e-05,-11.974,100
1,2523,p1,150,9.42213e-05,13.9808,50
1,2524,p1,117,9.43334e-05,13.5317,50
1,2525,p1,112,0.00010573,12.1576,50
1,2526,p1,131,0.000105089,12.6052,50
1,2527,p1,164,0.000102188,12.6657,50
1,2528,p1,127,0.000104467,12.1968,50
1,2529,p1,133,0.000103564,11.9094,50
1,2530,p1,126,0.000100485,11.8743,50
1,2531,p1,120,9.92066e-05,11.4428,50
1,2532,p1,136,8.80006e-05,11.1262,50
1,2533,p1,109,8.86971e-05,11.0092,50
1,2534,p1,175,8.28047e-05,11.0618,50
1,1923,p1,1031,6.51282e-05,19.8613,20
1,1924,p1,1034,6.31193e-05,19.9137,20
1,3024,p1,139,3.60424e-05,-3.07164,30
1,3025,p1,161,3.51055e-05,-3.8111,30
1,3026,p1,132,3.14976e-05,-4.23807,30
1,3027,p1,150,2.97122e-05,-3.86023,30
1,2693,p1,83,7.20591e-05,-11.4771,100
1,3028,p1,151,2.8506e-05,-4.21833,30
1,2694,p1,125,7.76928e-05,-12.0121,100
1,3029,p1,105,2.71918e-05,-4.13587,30
1,2695,p1,126,7.11983e-05,-12.0594,100
1,3030,p1,150,2.81e-05,-4.03646,30
1,3031,p1,96,2.68321e-05,-4.02259,30
1,2696,p1,145,6.88942e-05,-12.1184,100
1,3032,p1,112,2.72796e-05,-3.94244,30
1,2697,p1,181,7.3272e-05,-12.1244,100
1,3033,p1,142,2.6309e-05,-4.28375,30
1,2698,p1,103,7.81063e-05,-12.0423,100
1,3034,p1,166,2.7293e-05,-3.72528,30
1,2699,p1,153,7.61566e-05,-11.9295,100
1,3035,p1,108,2.84212e-05,-3.71002,30
1,2535,p1,105,8.43578e-05,11.4065,50
1,2536,p1,148,8.05898e-05,11.0824,50
1,2537,p1,109,9.57487e-05,11.714,50
1,2538,p1,124,9.11346e-05,11.4356,50
1,2539,p1,116,9.27062e-05,11.1493,50
1,2540,p1,141,9.47374e-05,11.5408,50
1,2541,p1,129,9.66327e-05,12.0214,50
1,2542,p1,126,9.09836e-05,11.3626,50
1,2543,p1,100,9.1486e-05,11.7879,50
1,2544,p1,193,9.93907e-05,11.953,50
1,2545,p1,90,9.55784e-05,11.576,50
1,2546,p1,128,0.000100444,12.1211,50
1,2547,p1,110,0.00010129,12.0556,50
1,2548,p1,118,0.000101995,11.9875,50
1,2549,p1,154,0.000101687,11.7696,50
1,2550,p1,144,9.62432e-05,12.8622,50
1,2551,p1,125,9.68717e-05,12.8166,50
1,2552,p1,92,0.000100066,12.873,50
1,2553,p1,105,0.000101306,12.6574,50
1,1925,p1,1119,6.30979e-05,19.937,20
1,3036,p1,151,2.77117e-05,-3.85629,30
1,1926,p1,1196,6.45745e-05,19.9569,20
1,3037,p1,125,3.03488e-05,-4.303,30
1,3038,p1,115,2.84091e-05,-4.19363,30
1,3039,p1,118,2.91472e-05,-4.1786,30
1,3040,p1,148,3.09001e-05,-4.42833,30
1,3041,p1,114,3.18898e-05,-4.48742,30
1,3042,p1,177,3.34458e-05,-4.28791,30
1,3043,p1,100,3.49855e-05,-4.31824,30
1,1927,p1,1002,6.50657e-05,19.8144,20
1,3044,p1,114,3.52601e-05,-4.27222,30
1,3045,p1,169,3.90207e-05,-4.33336,30
1,943,p1,1325,5.50997e-05,10.026,10
1,944,p1,1119,5.6558e-05,10.013,10
1,945,p1,1368,5.60295e-05,10.0399,10
1,2554,p1,160,0.000102023,12.7028,50
1,2555,p1,118,0.000102415,12.4379,50
1,2556,p1,135,0.000101287,12.5666,50
1,2557,p1,148,0.000102309,12.6272,50
1,2558,p1,140,9.65584e-05,13.2305,50
1,2559,p1,179,0.000100601,12.9081,50
1,2560,p1,106,9.80936e-05,12.9633,50
1,2561,p1,151,0.00010038,12.8984,50
1,2562,p1,165,0.000103895,12.3283,50
1,2563,p1,123,0.000101495,12.3848,50
1,2564,p1,164,9.90982e-05,12.8891,50
1,1928,p1,1160,6.31887e-05,19.9685,20
1,3046,p1,173,3.41273e-05,-4.03298,30
1,3047,p1,147,3.25228e-05,-3.83667,30
1,3048,p1,123,3.36506e-05,-3.69607,30
1,3049,p1,113,3.13216e-05,-3.90345,30
1,1929,p1,984,6.47454e-05,19.997,20
1,1930,p1,1164,6.9718e-05,19.9785,20
1,1931,p1,1022,7.01224e-05,19.8899,20
1,1932,p1,1087,6.80229e-05,19.9066,20
1,1933,p1,1094,6.95293e-05,19.9252,20
1,2565,p1,146,0.000104085,12.3839,50
1,2566,p1,181,0.000100481,12.9248,50
1,2567,p1,141,0.000100775,12.9633,50
1,2568,p1,135,9.1042e-05,13.4838,50
1,2569,p1,142,9.57047e-05,13.2812,50
1,2570,p1,112,0.00010171,12.518,50
1,2571,p1,154,9.84344e-05,13.2725,50
1,2572,p1,148,0.000101563,13.0265,50
1,2573,p1,97,9.71166e-05,13.6513,50
1,2574,p1,153,9.88043e-05,13.4596,50
1,2575,p1,114,9.89362e-05,13.0797,50
1,2576,p1,136,8.92853e-05,13.9029,50
1,2577,p1,100,9.5724e-05,13.7554,50
1,946,p1,1183,5.70064e-05,10.0439,10
1,947,p1,1207,5.53049e-05,10.0229,10
1,948,p1,1265,5.6729e-05,9.98879,10
1,2700,p1,117,7.27292e-05,-11.4885,100
1,2701,p1,118,7.73237e-05,-11.7182,100
1,2702,p1,121,7.21419e-05,-11.7787,100
1,2703,p1,117,6.82837e-05,-11.6886,100
1,2704,p1,165,7.32547e-05,-11.9659,100
1,2705,p1,126,7.01231e-05,-11.5888,100
1,2706,p1,118,7.40297e-05,-11.657,100
1,2707,p1,99,7.8264e-05,-11.7306,100
1,2708,p1,140,6.01888e-05,-12.0168,100
1,2709,p1,120,7.67163e-05,-11.5238,100
1,2710,p1,158,6.07827e-05,-10.9894,100
1,2711,p1,115,6.66892e-05,-11.7902,100
1,2712,p1,158,6.00152e-05,-11.585,100
1,2713,p1,135,5.97813e-05,-11.3044,100
1,2714,p1,131,7.43054e-05,-11.4991,100
1,2715,p1,128,5.66489e-05,-11.2875,100
1,2716,p1,111,5.52317e-05,-11.4122,100
1,2717,p1,118,7.24734e-05,-11.1052,100
1,2718,p1,168,6.95015e-05,-11.2105,100
1,2719,p1,201,8.34236e-05,-10.7607,100
1,2720,p1,72,8.94107e-05,-10.8564,100
1,2721,p1,132,8.25445e-05,-10.7989,100
1,2722,p1,127,8.54678e-05,-10.9041,100
1,2723,p1,166,9.38326e-05,-10.69,100
1,2724,p1,123,9.98172e-05,-10.4441,100
1,2725,p1,150,9.32382e-05,-10.6243,100
1,2726,p1,194,9.44103e-05,-10.5107,100
1,2727,p1,106,9.91977e-05,-10.1784,100
1,2728,p1,120,9.20045e-05,-10.3891,100
1,2729,p1,172,0.000100655,-10.2805,100
1,2730,p1,168,9.75539e-05,-10.2419,100
1,2731,p1,141,9.73842e-05,-9.501,100
1,2732,p1,130,9.51169e-05,-9.89134,100
1,2733,p1,176,9.61746e-05,-9.85271,100
1,2734,p1,108,9.33243e-05,-9.97282,100
1,2735,p1,115,9.35868e-05,-9.73651,100
1,2736,p1,136,9.20377e-05,-9.76342,100
1,2737,p1,160,8.86012e-05,-9.77977,100
1,2738,p1,114,0.000100752,-10.0764,100
1,2739,p1,155,8.40348e-05,-10.0482,100
1,2740,p1,126,7.66251e-05,-9.74952,100
1,2741,p1,159,7.42937e-05,-9.41278,100
1,2742,p1,126,8.5399e-05,-9.32902,100
1,2743,p1,148,7.39137e-05,-8.84416,100
1,2744,p1,101,7.48299e-05,-9.05507,100
1,2745,p1,112,7.47329e-05,-9.11533,100
1,2578,p1,97,9.79854e-05,13.6416,50
1,2579,p1,171,9.63524e-05,13.6022,50
1,2580,p1,124,9.94062e-05,13.3983,50
1,2581,p1,118,9.82835e-05,13.4063,50
1,2582,p1,160,0.000102377,13.1851,50
1,2583,p1,75,0.000102967,12.785,50
1,2584,p1,88,9.66929e-05,13.1763,50
1,2585,p1,175,9.9264e-05,13.0356,50
1,2586,p1,158,9.97775e-05,13.123,50
1,2587,p1,136,0.000100495,13.1307,50
1,2588,p1,87,9.65801e-05,13.4977,50
1,1934,p1,1133,6.88573e-05,19.9885,20
1,1935,p1,1100,6.8668e-05,19.9827,20
1,2589,p1,109,9.55185e-05,13.6395,50
1,2590,p1,186,9.69855e-05,13.8358,50
1,2591,p1,113,0.000102112,13.4837,50
1,2592,p1,122,0.000105177,12.6182,50
1,2593,p1,123,0.000102737,13.0043,50
1,2594,p1,147,0.000104523,13.2899,50
1,2595,p1,155,0.000101912,13.0166,50
1,2596,p1,121,0.000102573,12.4686,50
1,2597,p1,102,0.000103157,12.9361,50
1,2598,p1,179,0.000107077,13.3282,50
1,2599,p1,159,0.000106371,13.6438,50
1,2746,p1,185,7.56831e-05,-9.26874,100
1,2747,p1,124,8.6171e-05,-8.8903,100
1,2748,p1,126,8.55634e-05,-8.96691,100
1,2749,p1,141,8.45063e-05,-8.87996,100
1,949,p1,1423,5.67285e-05,10.0141,10
1,1936,p1,1052,7.01336e-05,19.9321,20
1,1937,p1,1047,6.9339e-05,19.9596,20
1,1938,p1,1059,6.892e-05,20.0081,20
1,1939,p1,1130,7.39243e-05,19.871,20
1,1940,p1,1126,7.26684e-05,19.9077,20
1,2600,p1,120,0.000108614,13.6594,50
1,2601,p1,152,0.000109261,13.4352,50
1,2602,p1,185,0.000111086,13.7828,50
1,2603,p1,84,0.000104342,13.9009,50
1,2604,p1,136,0.000108111,13.0124,50
1,2605,p1,117,0.000109223,13.9226,50
1,2606,p1,173,0.00011032,13.3907,50
1,2607,p1,118,0.000108987,13.6253,50
1,2608,p1,122,0.000108339,13.9062,50
1,2609,p1,145,0.000109321,13.7196,50
1,1941,p1,1101,6.82557e-05,19.9575,20
1,2610,p1,145,0.000107889,14.6557,50
1,2611,p1,141,0.000106863,14.5536,50
1,2612,p1,143,0.000112349,14.0379,50
1,2613,p1,133,0.000107701,15.128,50
1,2614,p1,149,0.000106804,15.4601,50
1,2615,p1,127,0.000101466,15.4557,50
1,1942,p1,1036,6.79422e-05,19.9525,20
1,2616,p1,142,0.000103196,15.4795,50
1,2617,p1,173,0.000110189,15.234,50
1,2618,p1,97,0.000103105,15.576,50
1,2619,p1,157,0.00010529,15.7281,50
1,2620,p1,131,0.000113722,14.6358,50
1,2621,p1,100,0.000114254,14.9699,50
1,2622,p1,134,0.000117959,14.3319,50
1,2623,p1,142,0.000111974,12.7267,50
1,1943,p1,1111,7.12359e-05,19.9405,20
1,2624,p1,164,0.000118856,13.4159,50
1,2625,p1,94,0.000113914,12.6151,50
1,2626,p1,141,0.000114048,12.1172,50
1,3050,p1,146,3.25722e-05,-3.91,30
1,3051,p1,98,3.56325e-05,-3.63492,30
1,3052,p1,159,3.35234e-05,-3.64418,30
1,3053,p1,119,3.7503e-05,-3.74761,30
1,3054,p1,149,3.64017e-05,-3.65456,30
1,3055,p1,146,3.65158e-05,-3.48949,30
1,3056,p1,95,3.73512e-05,-3.65938,30
1,3057,p1,139,3.51511e-05,-3.82908,30
1,3058,p1,142,3.61042e-05,-3.71156,30
1,3059,p1,173,3.70206e-05,-3.43856,30
1,3060,p1,121,4.0768e-05,-3.58015,30
1,3061,p1,175,3.9111e-05,-3.57101,30
1,3062,p1,174,4.20283e-05,-3.32761,30
1,3063,p1,128,3.73264e-05,-3.60425,30
1,3064,p1,101,3.51122e-05,-3.47029,30
1,3065,p1,191,3.29658e-05,-3.42935,30
1,3066,p1,170,3.69111e-05,-3.28474,30
1,3067,p1,117,3.48386e-05,-2.84102,30
1,3068,p1,139,3.32216e-05,-2.87149,30
1,3069,p1,131,3.08546e-05,-3.06151,30
1,3070,p1,166,3.49668e-05,-3.0197,30
1,3071,p1,179,3.43722e-05,-2.87517,30
1,2627,p1,153,0.000116089,13.1612,50
1,2628,p1,135,0.000121315,13.1587,50
1,2629,p1,110,0.000114949,12.7015,50
1,2630,p1,144,0.000116145,12.663,50
1,2631,p1,195,0.000120379,13.9072,50
1,2632,p1,116,0.00012019,13.9647,50
1,2633,p1,146,0.00011698,12.6383,50
1,2634,p1,139,0.000118583,13.7311,50
1,2635,p1,145,0.000117831,13.6886,50
1,2636,p1,98,0.000118389,13.6852,50
1,2637,p1,110,0.000115905,12.7877,50
1,3072,p1,119,3.1419e-05,-3.05901,30
1,3073,p1,134,2.65613e-05,-2.66777,30
1,3074,p1,192,2.89817e-05,-2.98766,30
1,3075,p1,158,2.74473e-05,-2.6252,30
1,3076,p1,93,2.78119e-05,-3.00116,30
1,3077,p1,155,2.8724e-05,-2.58715,30
1,3078,p1,131,2.99461e-05,-2.77452,30
1,3079,p1,117,3.10826e-05,-3.14379,30
1,3080,p1,128,3.04843e-05,-3.27801,30
1,3081,p1,145,3.10847e-05,-3.38293,30
1,3082,p1,118,3.25779e-05,-3.31233,30
1,3083,p1,130,2.82938e-05,-3.27237,30
1,3084,p1,101,2.97397e-05,-3.10552,30
1,3085,p1,160,2.94561e-05,-2.98621,30
1,3086,p1,119,3.12072e-05,-2.64092,30
1,3087,p1,103,3.30253e-05,-2.83562,30
1,3088,p1,124,3.19257e-05,-2.64417,30
1,3089,p1,160,3.49402e-05,-2.5806,30
1,3090,p1,95,3.54222e-05,-2.50573,30
1,3091,p1,133,3.41068e-05,-2.28142,30
1,3092,p1,159,3.41925e-05,-1.90551,30
1,3093,p1,102,3.20593e-05,-2.27932,30
1,3094,p1,158,3.47e-05,-2.77509,30
1,3095,p1,81,3.7758e-05,-2.94569,30
1,1944,p1,1122,6.67406e-05,19.9899,20
1,2638,p1,144,0.000117951,14.3951,50
1,2639,p1,131,0.000118972,13.3716,50
1,2640,p1,154,0.000120444,13.8747,50
1,2641,p1,130,0.000109178,15.1898,50
1,2642,p1,125,0.000106689,14.5431,50
1,2643,p1,168,0.000115181,13.238,50
1,2644,p1,184,0.000115587,13.1623,50
1,2645,p1,88,0.000107938,14.7853,50
1,2646,p1,137,0.000110376,14.459,50
1,2647,p1,116,0.000108357,15.3885,50
1,2648,p1,152,0.000104621,15.9455,50
1,2649,p1,107,0.000106727,15.6291,50
1,1945,p1,1288,6.82596e-05,20.0877,20
1,1946,p1,1006,6.65396e-05,19.8309,20
1,3096,p1,142,3.56512e-05,-2.625,30
1,3097,p1,109,3.39891e-05,-2.3656,30
1,3098,p1,183,3.81107e-05,-2.69487,30
1,3099,p1,147,3.8253e-05,-2.47996,30
1,1947,p1,1073,6.23778e-05,19.9873,20
1,1948,p1,1134,6.55851e-05,19.9486,20
1,1949,p1,1118,6.58978e-05,19.9452,20
1,950,p1,1172,5.70385e-05,10.0159,10
1,951,p1,1321,5.75837e-05,10.0199,10
1,952,p1,1443,5.89081e-05,9.99291,10
1,953,p1,1199,5.98085e-05,9.99026,10
1,954,p1,1412,5.90795e-05,9.99495,10
1,955,p1,1250,5.92201e-05,10.0076,10
1,956,p1,1344,5.97149e-05,10.0079,10
1,957,p1,1334,5.90096e-05,10.0206,10
1,958,p1,1252,5.85853e-05,10.0008,10
1,959,p1,1288,5.86495e-05,10.0054,10
1,960,p1,1282,5.76472e-05,10.0148,10
1,961,p1,1322,5.98931e-05,9.9946,10
1,962,p1,1231,5.8467e-05,10.0247,10
1,2750,p1,167,7.1478e-05,-8.51234,100
1,2751,p1,124,8.41431e-05,-8.79378,100
1,2752,p1,122,8.70109e-05,-8.77619,100
1,2753,p1,144,7.63778e-05,-8.7633,100
1,2754,p1,125,9.42662e-05,-9.09508,100
1,2755,p1,111,7.77327e-05,-8.96761,100
1,2756,p1,135,8.77967e-05,-8.87322,100
1,2757,p1,157,8.94397e-05,-9.30896,100
1,2758,p1,107,0.000102381,-9.51485,100
1,2759,p1,140,9.96189e-05,-9.04444,100
1,2760,p1,159,0.000106774,-9.16021,100
1,2761,p1,156,0.000109391,-9.22658,100
1,963,p1,1348,5.75198e-05,9.99667,10
1,964,p1,1501,5.92488e-05,9.98103,10
1,965,p1,1216,6.05802e-05,9.98618,10
1,966,p1,1239,5.98455e-05,10.01,10
1,2762,p1,114,0.000103301,-9.2376,100
1,2763,p1,110,0.000101756,-9.10885,100
1,2764,p1,167,9.83972e-05,-9.19173,100
1,2765,p1,117,0.000102835,-8.47783,100
1,2766,p1,155,0.000104868,-8.72578,100
1,2767,p1,131,9.99924e-05,-8.55144,100
1,2768,p1,113,9.67879e-05,-8.37424,100
1,2769,p1,182,9.13507e-05,-8.25061,100
1,2770,p1,124,9.15137e-05,-8.19471,100
1,2771,p1,108,9.80924e-05,-8.36105,100
1,2772,p1,137,8.18741e-05,-8.18525,100
1,2773,p1,183,9.33571e-05,-8.42004,100
1,2774,p1,136,9.08199e-05,-8.51001,100
1,2775,p1,106,9.22099e-05,-8.34055,100
1,2776,p1,111,9.52439e-05,-8.35067,100
1,2777,p1,219,8.60597e-05,-8.17649,100
1,2778,p1,88,8.49548e-05,-8.23804,100
1,2779,p1,115,8.59183e-05,-8.29657,100
1,2780,p1,136,8.60848e-05,-8.26981,100
1,2781,p1,182,7.82867e-05,-8.1786,100
1,3100,p1,126,3.60828e-05,-2.2538,30
1,2782,p1,142,8.05083e-05,-8.17401,100
1,2783,p1,106,8.11e-05,-8.06235,100
1,3101,p1,113,3.59269e-05,-1.78929,30
1,3102,p1,116,3.95578e-05,-1.93209,30
1,3103,p1,180,3.49352e-05,-1.87546,30
1,3104,p1,141,3.15794e-05,-1.95565,30
1,3105,p1,126,3.08812e-05,-1.93908,30
1,3106,p1,115,3.20181e-05,-1.94783,30
1,3107,p1,178,3.58747e-05,-2.01218,30
1,3108,p1,164,3.40632e-05,-2.10447,30
1,3109,p1,159,3.76283e-05,-2.44752,30
1,3110,p1,125,3.64224e-05,-2.44379,30
1,3111,p1,94,3.48263e-05,-2.62428,30
1,3112,p1,113,3.55549e-05,-2.94553,30
1,3113,p1,143,3.67157e-05,-2.61568,30
1,3114,p1,129,3.75104e-05,-2.78009,30
1,967,p1,1321,6.01586e-05,10.0183,10
1,3115,p1,123,3.52221e-05,-3.10621,30
1,3116,p1,128,3.84787e-05,-2.86743,30
1,3117,p1,168,3.91941e-05,-3.09698,30
1,3118,p1,104,3.89127e-05,-2.56013,30
1,3119,p1,135,3.90357e-05,-2.90189,30
1,3120,p1,121,4.09033e-05,-2.75651,30
1,3121,p1,178,4.15869e-05,-2.70208,30
1,3122,p1,181,4.07608e-05,-2.56374,30
1,3123,p1,140,4.05429e-05,-2.67839,30
1,3124,p1,148,4.05937e-05,-3.10631,30
1,3125,p1,168,3.97504e-05,-2.7597,30
1,3126,p1,102,4.05248e-05,-2.71159,30
1,3127,p1,140,4.15446e-05,-2.74387,30
1,3128,p1,141,3.90966e-05,-2.29991,30
1,3129,p1,121,3.9065e-05,-2.49902,30
1,3130,p1,129,4.1386e-05,-2.97921,30
1,3131,p1,152,4.08395e-05,-2.538,30
1,3132,p1,88,4.14011e-05,-2.27528,30
1,3133,p1,145,4.25974e-05,-2.40067,30
1,3134,p1,126,4.6569e-05,-2.61864,30
1,3135,p1,159,4.67853e-05,-2.30495,30
1,3136,p1,104,4.51442e-05,-2.23111,30
1,3137,p1,118,4.46578e-05,-2.48576,30
1,968,p1,1416,5.87033e-05,9.97373,10
1,2784,p1,127,8.45248e-05,-8.25936,100
1,3138,p1,159,4.19022e-05,-1.8465,30
1,2785,p1,135,7.93418e-05,-8.04824,100
1,3139,p1,127,4.21486e-05,-1.863,30
1,2786,p1,109,8.01852e-05,-8.10194,100
1,3140,p1,143,4.2292e-05,-2.12259,30
1,2787,p1,138,8.32632e-05,-8.04412,100
1,3141,p1,158,4.26074e-05,-2.0826,30
1,2788,p1,98,7.73516e-05,-8.04489,100
1,3142,p1,134,4.08808e-05,-1.72781,30
1,2789,p1,132,7.49461e-05,-7.96002,100
1,3143,p1,155,4.01873e-05,-1.78453,30
1,2790,p1,152,8.58009e-05,-8.08053,100
1,2791,p1,168,8.78789e-05,-8.05328,100
1,3144,p1,188,4.0537e-05,-1.89316,30
1,3145,p1,83,4.03295e-05,-1.8632,30
1,2792,p1,124,7.93246e-05,-8.13405,100
1,3146,p1,114,3.97888e-05,-1.92548,30
1,2793,p1,134,7.53155e-05,-7.75735,100
1,2794,p1,123,8.59766e-05,-7.88769,100
1,3147,p1,199,3.74874e-05,-1.89187,30
1,969,p1,1308,5.93326e-05,10.0035,10
1,3148,p1,170,4.02249e-05,-2.13502,30
1,3149,p1,98,3.33345e-05,-1.69387,30
1,1950,p1,1155,6.45401e-05,19.9296,20
1,970,p1,1303,5.93709e-05,9.99501,10
1,1951,p1,1098,6.40859e-05,19.8981,20
1,971,p1,1266,6.03799e-05,10.0039,10
1,972,p1,1450,6.00305e-05,10.0067,10
1,1952,p1,1224,6.50162e-05,19.9557,20
1,1953,p1,1211,6.4936e-05,20.0029,20
1,2795,p1,152,7.55919e-05,-7.83791,100
1,2796,p1,118,8.65114e-05,-7.94177,100
1,2797,p1,141,7.7309e-05,-7.78928,100
1,2798,p1,166,7.44557e-05,-7.7896,100
1,2799,p1,126,7.76354e-05,-7.99268,100
1,1954,p1,1136,6.45461e-05,20.03,20
1,1955,p1,1174,6.39266e-05,20.0605,20
1,1956,p1,1029,6.40082e-05,19.9489,20
1,973,p1,1328,6.01132e-05,10.0094,10
1,974,p1,1319,6.0243e-05,10.0203,10
1,1957,p1,1114,6.56033e-05,20.0239,20
1,1958,p1,1082,6.92301e-05,19.8833,20
1,975,p1,1301,5.98974e-05,10.0119,10
1,976,p1,1295,6.04939e-05,10.0297,10
1,977,p1,1332,6.16203e-05,10.0247,10
1,1959,p1,1212,6.63189e-05,20.0496,20
1,978,p1,1258,6.0437e-05,10.0146,10
1,1960,p1,1088,6.72637e-05,19.8153,20
1,2650,p1,144,0.00010519,15.6306,50
1,2651,p1,122,8.67331e-05,17.5046,50
1,2652,p1,100,9.342e-05,15.9321,50
1,979,p1,1346,6.17091e-05,10.0018,10
1,980,p1,1398,6.1565e-05,9.99966,10
1,2653,p1,189,0.000102445,15.5616,50
1,2654,p1,128,8.41302e-05,16.6556,50
1,2655,p1,134,7.58894e-05,16.7846,50
1,2656,p1,107,0.000104842,15.4594,50
1,2657,p1,160,0.00010493,15.2492,50
1,2658,p1,113,0.000104357,14.6758,50
1,2659,p1,136,0.000108382,14.7122,50
1,2660,p1,187,0.000108936,14.6681,50
1,2661,p1,155,0.000107426,14.7763,50
1,2662,p1,134,0.000106926,14.2799,50
1,2663,p1,104,9.87837e-05,14.2869,50
1,2664,p1,175,9.98199e-05,14.7285,50
1,2665,p1,168,0.000104543,13.8002,50
1,2666,p1,111,0.000107452,12.5787,50
1,2667,p1,85,0.000110248,12.7212,50
1,2668,p1,174,0.000109112,12.0025,50
1,2669,p1,172,0.000110899,12.0615,50
1,2670,p1,190,0.000112859,11.7438,50
1,2671,p1,113,0.00011401,11.1953,50
1,2672,p1,143,0.000115746,11.6742,50
1,2673,p1,134,0.000115466,11.4465,50
1,2674,p1,179,0.000115819,11.2174,50
1,2675,p1,106,0.000116822,10.6851,50
1,2676,p1,91,0.000117864,10.7221,50
1,2677,p1,115,0.00011889,10.5233,50
1,2678,p1,159,0.000120588,10.5784,50
1,2679,p1,111,0.000119603,10.3014,50
1,2680,p1,130,0.000113959,9.8555,50
1,1961,p1,1175,6.85613e-05,19.8426,20
1,1962,p1,1120,6.83463e-05,19.9184,20
1,981,p1,1291,6.13081e-05,9.99041,10
1,2681,p1,129,0.000115392,10.1988,50
1,2682,p1,93,0.000118329,10.2089,50
1,2683,p1,123,0.000116427,9.66746,50
1,2684,p1,235,0.000114701,9.88796,50
1,2685,p1,107,0.000101854,8.86047,50
1,2686,p1,114,0.000100193,9.06606,50
1,2687,p1,106,0.000103516,8.9703,50
1,2688,p1,150,0.000114124,10.1703,50
1,2689,p1,138,0.000114941,9.85176,50
1,2690,p1,126,0.000107825,9.38295,50
1,2691,p1,112,0.000106713,8.68369,50
1,982,p1,1375,6.29103e-05,10.0147,10
1,1963,p1,1108,6.75467e-05,19.8748,20
1,983,p1,1304,6.20827e-05,10.0012,10
1,2692,p1,162,0.000113707,8.93939,50
1,2693,p1,114,0.000100171,8.46801,50
1,2694,p1,161,9.88255e-05,8.27039,50
1,2695,p1,136,0.000100724,8.3541,50
1,2696,p1,120,9.76792e-05,8.58728,50
1,2697,p1,107,0.000102575,8.44895,50
1,2698,p1,170,0.000101491,8.36369,50
1,2699,p1,138,0.000111687,8.52533,50
1,1964,p1,1226,6.64444e-05,19.9669,20
1,1965,p1,1064,7.06085e-05,19.883,20
1,2800,p1,103,8.17513e-05,-7.7107,100
1,2801,p1,125,8.7864e-05,-7.63423,100
1,984,p1,1298,6.27993e-05,10.0025,10
1,2802,p1,159,8.62373e-05,-7.47796,100
1,2803,p1,122,8.13629e-05,-7.50147,100
1,2804,p1,141,8.05611e-05,-7.76276,100
1,2805,p1,118,6.6152e-05,-7.97746,100
1,2806,p1,105,6.40327e-05,-8.0079,100
1,2807,p1,120,6.74997e-05,-8.35792,100
1,2808,p1,199,6.0486e-05,-8.02377,100
1,2809,p1,157,6.95756e-05,-7.88103,100
1,3150,p1,127,3.4645e-05,-1.86282,30
1,3151,p1,143,3.7964e-05,-1.78873,30
1,3152,p1,151,3.48544e-05,-1.60691,30
1,3153,p1,148,3.4231e-05,-1.57735,30
1,3154,p1,134,3.43885e-05,-1.34735,30
1,3155,p1,127,3.62763e-05,-1.20822,30
1,3156,p1,160,3.64176e-05,-1.14869,30
1,3157,p1,177,3.4846e-05,-0.88208,30
1,3158,p1,123,3.72979e-05,-1.02311,30
1,3159,p1,120,3.8199e-05,-0.935727,30
1,3160,p1,117,3.91599e-05,-0.931367,30
1,3161,p1,136,3.46405e-05,-0.850991,30
1,3162,p1,154,3.81515e-05,-0.785899,30
1,3163,p1,125,4.01533e-05,-0.689514,30
1,2810,p1,110,6.15971e-05,-7.77627,100
1,2811,p1,150,5.7468e-05,-7.78284,100
1,2812,p1,172,6.28422e-05,-7.71653,100
1,2813,p1,155,6.15263e-05,-7.90535,100
1,2814,p1,136,6.90171e-05,-7.70416,100
1,2815,p1,111,7.87732e-05,-7.9275,100
1,2816,p1,121,8.15125e-05,-8.28636,100
1,2817,p1,152,9.77432e-05,-8.52732,100
1,2818,p1,147,8.84287e-05,-8.31193,100
1,2819,p1,125,9.04118e-05,-8.15299,100
1,2820,p1,144,9.54926e-05,-8.05094,100
1,3164,p1,114,3.95279e-05,-0.691706,30
1,3165,p1,162,3.65779e-05,-0.577483,30
1,3166,p1,130,3.86104e-05,-1.07772,30
1,3167,p1,161,4.22227e-05,-0.554328,30
1,3168,p1,170,4.4332e-05,-0.964778,30
1,3169,p1,126,4.51338e-05,-0.886873,30
1,3170,p1,144,4.45756e-05,-0.595947,30
1,3171,p1,127,4.18857e-05,-0.981356,30
1,3172,p1,135,4.58123e-05,-1.14002,30
1,3173,p1,85,4.13156e-05,-0.910738,30
1,3174,p1,129,4.4055e-05,-1.01787,30
1,1966,p1,1055,6.84777e-05,19.959,20
1,2821,p1,151,0.000102238,-8.25655,100
1,2822,p1,88,0.000121638,-8.95148,100
1,2823,p1,115,0.000116014,-8.50526,100
1,2824,p1,128,0.000104357,-8.08235,100
1,2825,p1,181,0.000119041,-8.44915,100
1,985,p1,1386,6.17884e-05,9.97927,10
1,2826,p1,132,0.000117645,-8.17999,100
1,2827,p1,123,0.000123566,-8.56859,100
1,2828,p1,137,0.000119129,-8.14901,100
1,2829,p1,222,0.000116451,-8.29937,100
1,2830,p1,96,0.000122407,-8.39012,100
1,2831,p1,131,0.000127127,-8.66229,100
1,2832,p1,182,0.000122106,-8.33565,100
1,2833,p1,191,0.000119437,-8.20035,100
1,2834,p1,96,0.000124437,-8.55705,100
1,2835,p1,116,0.000118335,-7.78474,100
1,986,p1,1359,6.18783e-05,9.99327,10
1,2836,p1,123,0.000119454,-7.97886,100
1,2837,p1,113,0.00012463,-8.48374,100
1,3175,p1,150,4.27684e-05,-0.861863,30
1,3176,p1,132,4.11651e-05,-0.884046,30
1,3177,p1,130,4.38249e-05,-1.28018,30
1,3178,p1,144,4.58664e-05,-1.06988,30
1,3179,p1,167,4.62682e-05,-1.11671,30
1,3180,p1,112,4.24984e-05,-0.962914,30
1,3181,p1,154,4.23187e-05,-1.04894,30
1,3182,p1,150,4.49273e-05,-1.05996,30
1,3183,p1,160,4.19098e-05,-0.973455,30
1,3184,p1,140,4.5426e-05,-1.10294,30
1,3185,p1,126,4.66994e-05,-1.1795,30
1,3186,p1,153,4.29202e-05,-1.00245,30
1,1967,p1,1008,6.84715e-05,19.9062,20
1,987,p1,1408,6.17932e-05,10.0053,10
1,1968,p1,1088,6.8121e-05,19.9696,20
1,3187,p1,146,4.2465e-05,-1.07135,30
1,3188,p1,146,4.32558e-05,-0.996092,30
1,3189,p1,143,3.98504e-05,-0.854101,30
1,3190,p1,131,3.78486e-05,-0.709197,30
1,3191,p1,118,3.3229e-05,-0.606679,30
1,3192,p1,154,3.29503e-05,-0.606741,30
1,3193,p1,129,3.05225e-05,-0.484028,30
1,3194,p1,101,3.34075e-05,-0.370005,30
1,3195,p1,137,3.58386e-05,-0.428063,30
1,3196,p1,121,3.44464e-05,-0.487486,30
1,3197,p1,182,3.19139e-05,-0.660946,30
1,2838,p1,120,0.000121969,-8.28111,100
1,2839,p1,134,0.000112683,-8.1103,100
1,2840,p1,167,0.000116025,-8.29722,100
1,2841,p1,145,0.000122356,-8.77656,100
1,2842,p1,87,0.000120986,-8.5578,100
1,2843,p1,142,0.000125473,-9.02225,100
1,2844,p1,182,0.00012441,-8.95488,100
1,2845,p1,127,0.000113033,-8.34167,100
1,2846,p1,126,0.000115677,-8.50535,100
1,2847,p1,110,0.000110312,-8.11643,100
1,988,p1,1280,6.20353e-05,10.0123,10
1,989,p1,1253,6.19792e-05,10.018,10
1,2700,p1,113,0.000116024,8.63285,50
1,2701,p1,147,0.000106832,8.60751,50
1,2702,p1,148,0.000116862,8.63705,50
1,2703,p1,163,0.000123279,8.65872,50
1,2704,p1,109,0.000127032,8.69881,50
1,2705,p1,128,0.000121489,8.69962,50
1,2706,p1,157,0.000129381,9.31488,50
1,2707,p1,152,0.000108829,8.28309,50
1,2708,p1,124,0.000125102,8.66301,50
1,2709,p1,127,0.000106472,7.94097,50
1,2710,p1,155,0.000105119,8.00476,50
1,2711,p1,149,0.000106748,8.02643,50
1,2712,p1,129,0.000118088,8.98013,50
1,2713,p1,129,0.000109054,8.84942,50
1,2714,p1,174,8.95617e-05,8.38569,50
1,2715,p1,139,0.000127355,9.68992,50
1,2716,p1,145,0.000124382,9.96541,50
1,2717,p1,108,0.000118489,9.77205,50
1,2718,p1,113,0.000114368,9.80554,50
1,2719,p1,164,0.000119515,9.95373,50
1,2720,p1,122,0.000122577,10.2716,50
1,2721,p1,100,0.00012756,10.2842,50
1,2722,p1,126,0.000116432,9.88869,50
1,2723,p1,144,0.000123222,9.92424,50
1,2724,p1,176,0.000115441,9.80519,50
1,2725,p1,129,0.000114114,9.49145,50
1,2726,p1,97,0.000102071,9.51918,50
1,1969,p1,1150,7.0283e-05,19.8779,20
1,3198,p1,121,3.06888e-05,-0.705906,30
1,3199,p1,107,2.9838e-05,-0.629633,30
1,1970,p1,1168,7.0396e-05,19.9197,20
1,1971,p1,963,7.28659e-05,19.8423,20
1,2848,p1,120,9.6259e-05,-8.18318,100
1,2849,p1,118,0.000107302,-8.33813,100
1,2850,p1,152,9.83535e-05,-7.77242,100
1,2851,p1,158,8.94949e-05,-7.19694,100
1,2852,p1,113,0.000107867,-8.03426,100
1,2853,p1,170,9.95867e-05,-7.68341,100
1,2854,p1,159,9.87267e-05,-7.6021,100
1,2855,p1,165,0.000112874,-8.48751,100
1,2856,p1,108,0.000112197,-8.60259,100
1,2857,p1,153,0.000112339,-8.58498,100
1,2858,p1,199,0.00010698,-8.25612,100
1,2859,p1,161,0.000113647,-8.02028,100
1,2860,p1,124,0.000111469,-7.54206,100
1,990,p1,1532,6.19216e-05,10.0271,10
1,2861,p1,155,0.000114148,-7.9969,100
1,2862,p1,138,0.000111442,-7.77341,100
1,2863,p1,128,0.000103828,-7.25379,100
1,2864,p1,153,0.000104362,-7.35571,100
1,2865,p1,105,0.000104543,-7.28613,100
1,2727,p1,176,0.000111762,9.56127,50
1,2728,p1,156,0.000116437,9.23122,50
1,2729,p1,131,0.000104253,9.06667,50
1,2730,p1,109,0.000102292,9.40139,50
1,2731,p1,137,9.45703e-05,9.3328,50
1,2732,p1,92,8.21355e-05,9.73221,50
1,2733,p1,127,9.43794e-05,9.72301,50
1,2734,p1,111,9.26163e-05,9.48715,50
1,2735,p1,167,9.61549e-05,9.7577,50
1,2736,p1,139,0.000100496,9.69135,50
1,2737,p1,144,9.69109e-05,9.82669,50
1,2738,p1,160,8.95428e-05,9.5683,50
1,2739,p1,126,0.000102861,9.28477,50
1,2740,p1,128,0.00011976,9.6698,50
1,1972,p1,1208,6.94651e-05,19.9367,20
1,1973,p1,1044,7.05516e-05,19.9684,20
1,991,p1,1368,6.1726e-05,10.0294,10
1,2866,p1,125,0.00010835,-7.21884,100
1,2867,p1,167,0.000104085,-6.8548,100
1,2868,p1,113,9.6739e-05,-6.76713,100
1,2869,p1,107,0.000105396,-6.95552,100
1,2870,p1,163,9.69351e-05,-6.72892,100
1,2871,p1,137,0.000115824,-7.25939,100
1,2872,p1,157,0.000120376,-7.1502,100
1,2873,p1,191,0.000104281,-6.75631,100
1,2874,p1,167,0.00010913,-6.81873,100
1,2875,p1,154,0.00011451,-7.56043,100
1,992,p1,1238,5.89534e-05,10.0149,10
1,2741,p1,167,0.000126946,10.079,50
1,1974,p1,1240,7.12466e-05,19.9957,20
1,2742,p1,152,0.000118133,9.9187,50
1,2743,p1,121,0.000127145,9.80616,50
1,2876,p1,147,0.000101172,-7.00614,100
1,2877,p1,149,0.000114838,-7.49402,100
1,2878,p1,109,0.000114382,-6.9588,100
1,2879,p1,127,0.000113287,-7.29149,100
1,2880,p1,161,0.000107604,-7.21001,100
1,2881,p1,109,0.000108456,-7.03007,100
1,2882,p1,132,0.000113322,-7.43554,100
1,2883,p1,146,0.000115779,-6.9702,100
1,2884,p1,158,0.000115978,-7.22125,100
1,2885,p1,130,0.000115415,-7.37148,100
1,2886,p1,120,0.00011759,-7.5876,100
1,2744,p1,120,0.000139475,10.2884,50
1,2745,p1,161,0.000141871,10.3957,50
1,2746,p1,167,0.000137421,10.0271,50
1,2747,p1,125,0.000130972,10.1598,50
1,2748,p1,130,0.000133163,10.6064,50
1,2749,p1,127,0.000141231,10.3266,50
1,1975,p1,1021,6.92135e-05,19.9581,20
1,993,p1,1335,5.88592e-05,10.0079,10
1,1976,p1,1004,7.00084e-05,19.9687,20
1,994,p1,1474,6.04731e-05,9.98127,10
1,2887,p1,140,0.000118473,-7.43008,100
1,2888,p1,177,0.00011099,-7.26934,100
1,2889,p1,129,0.00011085,-7.13814,100
1,2890,p1,92,0.000117401,-7.43082,100
1,2891,p1,165,0.000117742,-7.46103,100
1,2892,p1,172,0.000115758,-7.73821,100
1,2893,p1,118,0.000118761,-7.50358,100
1,2894,p1,110,0.000114085,-7.60156,100
1,2895,p1,154,0.000115798,-7.46862,100
1,2896,p1,124,0.000113173,-7.41458,100
1,2897,p1,138,0.000109325,-6.7921,100
1,1977,p1,1111,6.66887e-05,20.0059,20
1,1978,p1,1122,7.06889e-05,19.9051,20
1,1979,p1,1211,7.15008e-05,19.8891,20
1,2898,p1,124,0.000105734,-7.38238,100
1,2899,p1,133,0.000108847,-7.31617,100
1,2900,p1,138,0.000108723,-7.05003,100
1,2901,p1,153,0.000102824,-7.42932,100
1,2902,p1,123,9.88615e-05,-7.52258,100
1,995,p1,1259,5.93029e-05,10.002,10
1,2903,p1,210,0.000105491,-7.21768,100
1,2904,p1,110,0.000108044,-7.3203,100
1,2905,p1,122,0.000107783,-7.37411,100
1,2906,p1,177,0.000104065,-7.53055,100
1,2907,p1,115,0.000109816,-7.21044,100
1,1980,p1,1162,7.08277e-05,19.9263,20
1,1981,p1,1065,6.93681e-05,19.9318,20
1,996,p1,1245,5.8978e-05,10.0038,10
1,997,p1,1371,5.98752e-05,9.99964,10
1,3200,p1,192,3.47427e-05,-0.482096,30
1,3201,p1,102,3.0793e-05,-0.658763,30
1,3202,p1,119,3.05272e-05,-0.541035,30
1,3203,p1,154,3.13029e-05,-0.575221,30
1,998,p1,1284,5.93504e-05,10.0017,10
1,3204,p1,125,2.81334e-05,-0.451471,30
1,3205,p1,130,2.94494e-05,-0.477635,30
1,3206,p1,151,2.91463e-05,-0.500667,30
1,3207,p1,142,2.9909e-05,-0.311507,30
1,3208,p1,119,2.85626e-05,-0.612744,30
1,3209,p1,116,2.92776e-05,-0.580316,30
1,3210,p1,175,2.86333e-05,-0.511507,30
1,3211,p1,111,3.20814e-05,-0.517616,30
1,3212,p1,110,3.18455e-05,-0.393242,30
1,3213,p1,140,3.20395e-05,-0.908622,30
1,3214,p1,143,3.4175e-05,-0.85881,30
1,3215,p1,155,3.30629e-05,-0.706591,30
1,3216,p1,142,3.27928e-05,-0.37129,30
1,3217,p1,128,3.21207e-05,-0.52382,30
1,3218,p1,124,3.49649e-05,-0.634096,30
1,3219,p1,146,3.24517e-05,-0.621447,30
1,3220,p1,146,2.91642e-05,-0.289611,30
1,3221,p1,98,3.10006e-05,-0.392963,30
1,3222,p1,111,3.07475e-05,-0.56542,30
1,3223,p1,148,3.19779e-05,-0.490434,30
1,3224,p1,151,2.88639e-05,-0.576046,30
1,3225,p1,123,3.16237e-05,-0.606767,30
1,3226,p1,59,2.98205e-05,-0.584634,30
1,3227,p1,124,2.99076e-05,-0.487961,30
1,999,p1,1283,5.92022e-05,10.0056,10
1,3228,p1,150,2.85013e-05,-0.471851,30
1,3229,p1,113,3.1228e-05,-0.607202,30
1,3230,p1,115,3.06979e-05,-0.487142,30
1,3231,p1,123,3.08543e-05,-0.565039,30
1,3232,p1,153,3.30681e-05,-0.588686,30
1,3233,p1,103,3.50118e-05,-0.509185,30
1,3234,p1,164,3.4502e-05,-0.416653,30
1,3235,p1,139,3.55701e-05,-0.572988,30
1,3236,p1,141,3.64916e-05,-0.422101,30
1,3237,p1,142,3.76361e-05,-0.274361,30
1,3238,p1,116,3.71734e-05,-0.158357,30
1,3239,p1,128,3.75409e-05,-0.377165,30
1,3240,p1,170,3.71251e-05,-0.587265,30
1,3241,p1,145,3.52809e-05,-0.383718,30
1,3242,p1,82,3.61132e-05,-0.989282,30
1,3243,p1,153,3.70537e-05,-0.717999,30
1,3244,p1,159,3.7385e-05,-1.01041,30
1,3245,p1,117,3.75254e-05,-1.01171,30
1,2908,p1,188,0.000110849,-7.14022,100
1,2909,p1,155,0.000109827,-7.23746,100
1,2910,p1,136,0.000103963,-7.45083,100
1,1982,p1,1114,6.72976e-05,20.0307,20
1,2911,p1,136,0.000111186,-7.30339,100
1,2912,p1,129,0.000116293,-7.01063,100
1,2913,p1,134,0.000117702,-6.84202,100
1,2914,p1,146,0.000116,-6.70452,100
1,2915,p1,173,0.000116829,-6.64486,100
1,2916,p1,161,0.000112471,-6.52253,100
1,2917,p1,82,0.000113752,-6.89296,100
1,2918,p1,156,0.000113548,-7.10267,100
1,3246,p1,147,3.84893e-05,-1.06935,30
1,3247,p1,162,3.77511e-05,-1.21891,30
1,3248,p1,158,4.0668e-05,-0.931807,30
1,3249,p1,119,3.95897e-05,-1.29596,30
1,1983,p1,1294,6.97427e-05,19.9303,20
1,1984,p1,1145,7.02861e-05,19.923,20
1,1985,p1,1106,6.83483e-05,19.8967,20
1,1986,p1,1034,7.01576e-05,20.0745,20
1,2919,p1,153,0.000105181,-6.72104,100
1,2920,p1,100,0.000103195,-6.71814,100
1,2921,p1,174,0.000103584,-6.80717,100
1,2922,p1,130,0.000102693,-6.53215,100
1,2923,p1,114,0.000101221,-6.51779,100
1,2924,p1,159,0.000104115,-6.76347,100
1,2925,p1,132,0.000107349,-6.78357,100
1,2926,p1,157,0.000111012,-6.75312,100
1,2927,p1,85,0.00011071,-6.87529,100
1,2928,p1,175,0.000112173,-6.9659,100
1,2929,p1,124,0.000111866,-6.97234,100
1,2930,p1,114,0.000113294,-6.96356,100
1,2931,p1,160,0.000109065,-6.86586,100
1,2932,p1,139,0.000114361,-6.60978,100
1,1987,p1,1259,7.01468e-05,19.9175,20
1,2933,p1,111,0.000112578,-6.83495,100
1,2934,p1,133,0.000115349,-6.70574,100
1,2935,p1,175,0.000112034,-6.66336,100
1,2936,p1,163,0.000112317,-6.68771,100
1,2937,p1,139,0.000116028,-7.01974,100
1,2938,p1,120,0.000118084,-7.33076,100
1,2939,p1,155,0.000117755,-7.11718,100
1,1988,p1,1106,6.86336e-05,20.0571,20
1,1989,p1,1089,6.96772e-05,20.0204,20
1,1990,p1,1127,7.06485e-05,19.9632,20
1,1991,p1,1152,6.96741e-05,19.996,20
1,1992,p1,996,7.14017e-05,19.9366,20
1,1993,p1,1072,6.7125e-05,19.9771,20
1,1994,p1,1118,6.92504e-05,19.925,20
1,1995,p1,1061,7.1386e-05,19.9701,20
1,1996,p1,1171,7.37152e-05,19.8745,20
1,2940,p1,157,0.000118745,-7.24703,100
1,2941,p1,126,0.000117343,-7.41176,100
1,1997,p1,1170,6.81894e-05,20.0217,20
1,2942,p1,158,0.000117466,-7.28467,100
1,2943,p1,135,0.000117071,-7.84273,100
1,2944,p1,143,0.000117371,-7.51093,100
1,2945,p1,139,0.000110538,-8.02363,100
1,2946,p1,160,0.000112082,-7.98055,100
1,2947,p1,142,0.000103338,-7.95133,100
1,2948,p1,115,0.000111484,-7.67653,100
1,2949,p1,144,0.000112503,-7.60931,100
1,1998,p1,1108,6.84372e-05,20.0739,20
1,1999,p1,1139,6.75191e-05,19.9197,20
1,2750,p1,125,0.000131092,10.3988,50
1,2751,p1,124,0.000132763,10.2478,50
1,2752,p1,143,0.000138461,10.2058,50
1,2753,p1,142,0.000144354,10.8047,50
1,2754,p1,104,0.000147236,11.0489,50
1,2755,p1,133,0.000142654,10.6173,50
1,2756,p1,168,0.000143082,10.649,50
1,2757,p1,137,0.000142308,10.5149,50
1,2758,p1,139,0.00013943,10.4773,50
1,2759,p1,166,0.000143949,10.6034,50
1,2760,p1,129,0.000142711,10.5147,50
1,2761,p1,147,0.00014608,10.9778,50
1,2762,p1,147,0.000144582,10.9817,50
1,2763,p1,95,0.000143685,10.6931,50
1,2764,p1,146,0.000139468,10.5335,50
1,2765,p1,161,0.000144849,10.7716,50
1,2766,p1,151,0.00014516,10.8794,50
1,2767,p1,144,0.000148534,10.8513,50
1,2768,p1,122,0.00015104,11.1659,50
1,2769,p1,164,0.000149015,11.0612,50
1,2770,p1,148,0.000147425,10.826,50
1,2771,p1,131,0.000148848,10.6887,50
1,2772,p1,150,0.000145839,11.3938,50
1,2773,p1,144,0.000149055,11.2059,50
1,2774,p1,123,0.000144307,12.0481,50
1,2775,p1,164,0.000146086,11.752,50
1,2776,p1,128,0.000140108,11.8978,50
1,2777,p1,129,0.000151258,11.0383,50
1,2778,p1,146,0.000157057,10.5912,50
1,2779,p1,142,0.000150592,11.4487,50
1,2780,p1,133,0.000151499,11.4292,50
1,2781,p1,161,0.000141376,11.9355,50
1,2782,p1,96,0.000119862,12.8943,50
1,2783,p1,150,0.000141368,12.4154,50
1,2784,p1,158,0.000133618,12.817,50
1,2785,p1,90,0.000138698,12.703,50
1,2786,p1,123,0.000137875,13.0605,50
1,2787,p1,128,0.000148225,12.4109,50
1,2788,p1,209,0.000145838,12.5102,50
1,2789,p1,103,0.000143095,13.1341,50
1,2790,p1,156,0.00013106,13.6593,50
1,2791,p1,137,0.000145074,13.2283,50
1,2792,p1,117,0.000156303,12.552,50
1,2793,p1,116,0.000147088,13.1376,50
1,2794,p1,171,0.000145866,12.9261,50
1,2795,p1,132,0.000141829,13.4251,50
1,2796,p1,133,0.000148024,12.9373,50
1,2797,p1,128,0.000143951,12.919,50
1,2798,p1,160,0.000141524,12.9986,50
1,2799,p1,141,0.000138768,13.2558,50
1,2000,p1,1024,6.66336e-05,19.9626,20
1,2001,p1,1148,6.73035e-05,19.9538,20
1,3250,p1,107,3.89362e-05,-1.2527,30
1,3251,p1,169,3.80458e-05,-0.956675,30
1,3252,p1,124,3.97155e-05,-0.551921,30
1,3253,p1,142,4.14858e-05,-0.61956,30
1,3254,p1,133,4.00953e-05,-0.613422,30
1,3255,p1,118,4.13394e-05,-0.708888,30
1,3256,p1,150,4.14996e-05,-0.964266,30
1,3257,p1,90,3.99759e-05,-0.465786,30
1,3258,p1,206,3.93495e-05,-0.515249,30
1,3259,p1,100,3.80395e-05,-0.275419,30
1,3260,p1,137,3.9435e-05,-0.424939,30
1,3261,p1,154,3.80471e-05,-0.538732,30
1,3262,p1,119,3.72085e-05,-0.11526,30
1,3263,p1,122,4.02012e-05,-0.162417,30
1,3264,p1,107,4.14879e-05,-0.713858,30
1,2002,p1,1174,6.54906e-05,20.0582,20
1,3265,p1,123,4.15474e-05,-0.652731,30
1,3266,p1,126,4.12576e-05,-0.525086,30
1,3267,p1,159,4.23891e-05,-0.190434,30
1,3268,p1,111,4.18314e-05,0.075411,30
1,3269,p1,134,4.15212e-05,-0.0416406,30
1,3270,p1,144,4.13877e-05,-0.461426,30
1,3271,p1,124,4.25787e-05,-0.164674,30
1,3272,p1,173,4.36186e-05,0.532399,30
1,3273,p1,90,4.56648e-05,1.00768,30
1,2800,p1,109,0.000135562,13.0489,50
1,2801,p1,116,0.00013656,13.2653,50
1,2802,p1,125,0.000134213,12.8213,50
1,2803,p1,165,0.000124048,12.6211,50
1,2804,p1,140,0.000126826,12.8832,50
1,2805,p1,119,0.000115231,12.8763,50
1,2806,p1,165,0.00010513,12.8188,50
1,2807,p1,144,0.000107187,12.5311,50
1,2808,p1,90,0.00011874,12.8347,50
1,2809,p1,116,0.000112057,12.8518,50
1,2810,p1,200,0.000117263,13.0377,50
1,2811,p1,103,9.72443e-05,12.7336,50
1,2812,p1,143,0.000101113,13.0819,50
1,2813,p1,145,0.000120271,13.4354,50
1,2814,p1,122,0.000120448,13.5419,50
1,2815,p1,155,0.000114229,12.7645,50
1,2816,p1,106,0.000128275,12.9022,50
1,2817,p1,138,0.000125292,12.5194,50
1,2003,p1,1131,6.64049e-05,20.0461,20
1,2818,p1,162,0.000136397,12.6217,50
1,2819,p1,116,0.000142765,12.2039,50
1,2820,p1,133,0.000122532,12.3008,50
1,2821,p1,164,0.000141678,12.5067,50
1,2822,p1,92,0.0001256,11.1696,50
1,2823,p1,114,0.000119801,11.3321,50
1,2824,p1,154,0.000128095,11.1197,50
1,3274,p1,133,4.47538e-05,0.495835,30
1,3275,p1,167,4.50093e-05,0.554421,30
1,3276,p1,125,4.52218e-05,0.374158,30
1,3277,p1,134,4.50159e-05,0.754279,30
1,3278,p1,174,4.59638e-05,0.594198,30
1,2825,p1,153,0.000132196,11.8688,50
1,2826,p1,92,0.000101996,11.6368,50
1,2827,p1,120,8.73778e-05,11.5149,50
1,2828,p1,203,0.00011477,11.3501,50
1,1000,p1,1162,6.00891e-05,10.0369,10
1,1001,p1,1323,6.03714e-05,10.0433,10
1,3279,p1,142,4.45053e-05,0.469536,30
1,1002,p1,1366,6.08667e-05,10.0396,10
1,3280,p1,152,4.45228e-05,0.236398,30
1,2004,p1,1068,6.50495e-05,19.9783,20
1,3281,p1,113,4.00012e-05,-0.0435284,30
1,3282,p1,146,4.16642e-05,0.451878,30
1,3283,p1,131,4.48963e-05,0.355718,30
1,3284,p1,106,4.27234e-05,-0.126569,30
1,3285,p1,125,4.30416e-05,0.509253,30
1,3286,p1,129,4.99471e-05,0.462047,30
1,3287,p1,190,4.83859e-05,0.406608,30
1,1003,p1,1193,6.00557e-05,10.0288,10
1,2005,p1,1062,6.59828e-05,20.0201,20
1,3288,p1,107,4.59948e-05,0.651356,30
1,3289,p1,174,4.56271e-05,0.67596,30
1,1004,p1,1301,6.0208e-05,10.0527,10
1,2829,p1,78,0.000130417,11.7999,50
1,2830,p1,114,0.00011775,10.8432,50
1,2831,p1,150,0.000121141,11.3147,50
1,2832,p1,111,0.00011079,12.0681,50
1,2833,p1,134,0.00011752,11.9245,50
1,2834,p1,110,0.000134588,11.6564,50
1,2835,p1,167,0.00012926,11.6172,50
1,2836,p1,110,0.000144413,12.3926,50
1,2837,p1,116,0.000145032,11.7285,50
1,2838,p1,154,0.000151208,11.4752,50
1,2839,p1,180,0.000153172,11.6893,50
1,1005,p1,1382,6.08472e-05,10.0471,10
1,1006,p1,1295,6.18157e-05,10.0551,10
1,2006,p1,1116,6.8216e-05,19.9697,20
1,2007,p1,1150,6.62408e-05,19.9856,20
1,3290,p1,138,4.67885e-05,0.168254,30
1,3291,p1,134,4.70227e-05,0.991523,30
1,3292,p1,143,4.95134e-05,0.878803,30
1,3293,p1,110,4.95475e-05,0.961602,30
1,3294,p1,193,4.82249e-05,1.17689,30
1,3295,p1,129,4.7797e-05,1.69496,30
1,3296,p1,102,4.96573e-05,2.22194,30
1,3297,p1,147,4.91929e-05,2.35359,30
1,3298,p1,153,4.8737e-05,2.53154,30
1,3299,p1,153,4.75939e-05,2.58922,30
1,3300,p1,139,4.6597e-05,2.4355,30
1,1007,p1,1381,6.05326e-05,10.0515,10
1,2008,p1,1154,6.73936e-05,19.9537,20
1,2840,p1,156,0.000148285,11.6267,50
1,2841,p1,131,0.000143289,11.4694,50
1,2842,p1,76,0.000143573,11.0205,50
1,2843,p1,117,0.000151013,11.0446,50
1,2844,p1,147,0.000150241,10.7217,50
1,2845,p1,136,0.000144584,11.915,50
1,2846,p1,103,0.000141102,10.8476,50
1,2847,p1,172,0.000140899,10.4797,50
1,2848,p1,132,0.000146923,10.2224,50
1,2849,p1,133,0.000145069,10.4738,50
1,2850,p1,124,0.00014041,10.5208,50
1,1008,p1,1330,5.89555e-05,10.0352,10
1,1009,p1,1279,5.84797e-05,10.0402,10
1,1010,p1,1338,5.93234e-05,10.0291,10
1,1011,p1,1417,5.8456e-05,10.0432,10
1,3301,p1,138,4.65147e-05,2.3547,30
1,3302,p1,146,4.94415e-05,2.30894,30
1,2009,p1,1144,6.69016e-05,20.0417,20
1,3303,p1,175,4.71868e-05,2.41444,30
1,3304,p1,133,4.67279e-05,2.83222,30
1,3305,p1,126,4.8813e-05,2.56217,30
1,3306,p1,117,4.8924e-05,2.3514,30
1,3307,p1,156,4.65243e-05,2.85916,30
1,3308,p1,128,4.94577e-05,2.52905,30
1,3309,p1,140,5.03446e-05,1.98206,30
1,2010,p1,1005,6.84627e-05,19.9006,20
1,3310,p1,139,5.15636e-05,2.30616,30
1,2011,p1,1084,6.8898e-05,19.9044,20
1,2012,p1,1206,6.50457e-05,20.0555,20
1,3311,p1,150,5.16842e-05,2.58323,30
1,3312,p1,116,5.14533e-05,2.72471,30
1,3313,p1,164,5.23184e-05,2.51313,30
1,3314,p1,113,4.95763e-05,2.65656,30
1,2851,p1,145,0.000135222,10.5337,50
1,3315,p1,125,4.88256e-05,2.85608,30
1,2852,p1,123,0.000146491,10.5957,50
1,3316,p1,156,5.26884e-05,2.71213,30
1,2853,p1,107,0.000143238,10.686,50
1,3317,p1,117,4.9729e-05,2.02197,30
1,2854,p1,145,0.000154405,11.0519,50
1,3318,p1,122,5.27217e-05,2.16326,30
1,2855,p1,122,0.000147385,11.8325,50
1,3319,p1,129,5.24728e-05,2.03153,30
1,2856,p1,112,0.000149239,11.6002,50
1,3320,p1,160,5.4425e-05,1.99514,30
1,2857,p1,151,0.000145537,11.075,50
1,3321,p1,115,5.02673e-05,1.09385,30
1,3322,p1,130,5.35571e-05,1.66569,30
1,2858,p1,149,0.000142975,11.6901,50
1,2859,p1,146,0.000142827,11.5672,50
1,2860,p1,137,0.00013625,12.4935,50
1,2861,p1,135,0.000144521,11.9638,50
1,2862,p1,111,0.000141952,11.6848,50
1,2863,p1,159,0.000141539,12.1086,50
1,2864,p1,146,0.000144714,11.437,50
1,2865,p1,132,0.000144059,11.3953,50
1,2866,p1,110,0.000152364,11.8548,50
1,2867,p1,148,0.00014685,12.3333,50
1,2868,p1,156,0.000147223,12.5804,50
1,2869,p1,124,0.000149318,11.9461,50
1,2950,p1,146,0.000105439,-7.61202,100
1,2951,p1,120,9.94667e-05,-7.8487,100
1,2952,p1,108,9.7927e-05,-7.58827,100
1,2953,p1,157,0.000103929,-7.39763,100
1,3323,p1,123,5.3997e-05,1.6878,30
1,3324,p1,108,5.22389e-05,1.71071,30
1,3325,p1,127,5.41001e-05,2.05146,30
1,3326,p1,119,5.42656e-05,1.55249,30
1,3327,p1,177,5.4767e-05,1.50823,30
1,3328,p1,174,5.38291e-05,1.89046,30
1,3329,p1,111,5.53851e-05,1.84603,30
1,3330,p1,139,5.27165e-05,1.54015,30
1,3331,p1,117,5.61999e-05,1.70296,30
1,3332,p1,139,5.64919e-05,1.78001,30
1,3333,p1,133,5.64823e-05,1.75906,30
1,2954,p1,114,9.7894e-05,-7.49012,100
1,2955,p1,125,0.000112865,-7.28562,100
1,2956,p1,122,0.000112559,-6.89726,100
1,2957,p1,141,0.000113252,-7.01925,100
1,2958,p1,111,0.000113496,-6.97959,100
1,2959,p1,132,0.000118413,-6.73306,100
1,2960,p1,142,0.000118994,-6.31439,100
1,2961,p1,163,0.000120989,-6.37038,100
1,2962,p1,96,0.000120711,-6.24202,100
1,2963,p1,126,0.000120731,-6.61613,100
1,2964,p1,169,0.000120706,-6.16327,100
1,2965,p1,103,0.000119907,-5.85142,100
1,2013,p1,1198,6.54937e-05,19.9003,20
1,2966,p1,137,0.000121975,-6.07987,100
1,2014,p1,965,6.74096e-05,19.8945,20
1,2015,p1,973,6.46555e-05,19.9721,20
1,3334,p1,135,5.65676e-05,1.41162,30
1,2870,p1,109,0.000145853,11.9991,50
1,3335,p1,104,5.77931e-05,1.78378,30
1,2871,p1,147,0.000137569,12.93,50
1,3336,p1,128,5.85391e-05,1.98761,30
1,2872,p1,158,0.000152926,11.7882,50
1,3337,p1,139,6.12171e-05,1.64772,30
1,2873,p1,103,0.000153856,12.146,50
1,3338,p1,155,6.23734e-05,1.96578,30
1,2874,p1,135,0.00015006,11.9428,50
1,3339,p1,140,6.19036e-05,2.07244,30
1,2875,p1,133,0.000152445,12.2721,50
1,3340,p1,161,6.27487e-05,1.76482,30
1,2876,p1,141,0.000150755,12.0847,50
1,3341,p1,123,6.48258e-05,1.56086,30
1,2877,p1,96,0.000155518,12.2029,50
1,3342,p1,131,6.34972e-05,1.43448,30
1,2878,p1,137,0.000163887,12.1856,50
1,3343,p1,164,6.49515e-05,1.38561,30
1,2879,p1,127,0.000151034,12.5878,50
1,3344,p1,148,6.23242e-05,1.5568,30
1,2880,p1,117,0.000162239,11.7619,50
1,2016,p1,1193,6.38589e-05,19.8725,20
1,2017,p1,1142,6.18602e-05,20.0379,20
1,2967,p1,106,0.00011783,-5.92803,100
1,2881,p1,151,0.000158252,11.9332,50
1,2882,p1,143,0.000157411,12.1717,50
1,2968,p1,151,0.000117151,-5.84987,100
1,2883,p1,137,0.000156009,11.9795,50
1,2969,p1,143,0.000120915,-6.20353,100
1,2970,p1,130,0.000119664,-6.13468,100
1,2884,p1,131,0.000160154,11.2917,50
1,2971,p1,131,0.000114898,-6.10087,100
1,2885,p1,107,0.000164786,10.9993,50
1,2972,p1,126,0.000120615,-5.55781,100
1,2886,p1,151,0.000159446,11.8511,50
1,2973,p1,131,0.000123659,-5.84397,100
1,2887,p1,119,0.00016758,11.2229,50
1,2974,p1,139,0.000120171,-5.7521,100
1,2888,p1,119,0.000164084,11.2535,50
1,2975,p1,145,0.000114634,-5.61895,100
1,2889,p1,166,0.000162759,11.4913,50
1,2976,p1,118,0.000104313,-5.24401,100
1,2890,p1,89,0.000166243,11.4664,50
1,2977,p1,129,0.000109407,-5.56298,100
1,2891,p1,133,0.000160801,11.7777,50
1,2978,p1,168,9.97042e-05,-5.31555,100
1,2979,p1,127,9.33685e-05,-5.28995,100
1,2980,p1,157,0.000104646,-5.48548,100
1,2981,p1,106,0.000100554,-5.15993,100
1,2982,p1,141,0.000106409,-5.54499,100
1,2983,p1,134,9.86963e-05,-5.06508,100
1,2984,p1,132,0.00011161,-6.16432,100
1,2985,p1,119,0.000117475,-5.42565,100
1,2986,p1,142,0.00011059,-5.2632,100
1,2987,p1,87,0.000107617,-5.26968,100
1,2988,p1,151,0.000106356,-5.54476,100
1,3345,p1,114,6.11996e-05,1.74885,30
1,3346,p1,123,6.40373e-05,1.19634,30
1,3347,p1,115,6.17009e-05,0.906289,30
1,3348,p1,131,6.17988e-05,1.11427,30
1,3349,p1,100,6.42655e-05,0.864263,30
1,1012,p1,1315,5.55107e-05,10.05,10
1,1013,p1,1342,5.62668e-05,10.0448,10
1,2989,p1,158,0.000102044,-5.81833,100
1,2990,p1,148,0.000105904,-6.09685,100
1,2991,p1,198,9.74158e-05,-6.05435,100
1,2992,p1,122,9.42089e-05,-6.10428,100
1,2993,p1,129,7.79791e-05,-6.62985,100
1,2994,p1,129,9.65519e-05,-6.347,100
1,2995,p1,147,9.59697e-05,-7.18973,100
1,2996,p1,123,8.69182e-05,-6.76483,100
1,2997,p1,147,8.91439e-05,-7.44466,100
1,2998,p1,166,8.94832e-05,-7.31412,100
1,2999,p1,122,8.17949e-05,-7.4028,100
1,2018,p1,1087,6.14281e-05,19.9307,20
1,2019,p1,1127,6.31263e-05,19.9168,20
1,1014,p1,1206,5.90524e-05,10.0678,10
1,2020,p1,1026,6.25052e-05,19.8269,20
1,2892,p1,173,0.000159934,11.9224,50
1,2893,p1,117,0.000166208,11.2341,50
1,2894,p1,113,0.000165552,11.0672,50
1,2895,p1,121,0.00015678,11.5875,50
1,2896,p1,192,0.000162288,11.1696,50
1,2897,p1,143,0.000158185,11.5009,50
1,2898,p1,106,0.000163868,10.5085,50
1,2899,p1,138,0.000163558,10.5507,50
1,1015,p1,1469,5.8279e-05,10.0658,10
1,2021,p1,1213,6.14926e-05,19.9771,20
1,2022,p1,1082,5.65368e-05,20.0791,20
1,2023,p1,1010,5.73469e-05,19.9638,20
1,1016,p1,1340,5.90026e-05,10.0802,10
1,2024,p1,1086,6.04146e-05,19.9565,20
1,2025,p1,1253,6.05257e-05,19.8509,20
1,1017,p1,1273,6.04008e-05,10.0805,10
1,1018,p1,1347,6.03984e-05,10.0601,10
1,2026,p1,1092,5.72411e-05,19.9322,20
1,2027,p1,1125,5.78071e-05,20.0437,20
1,1019,p1,1261,6.07909e-05,10.0663,10
1,1020,p1,1387,5.98032e-05,10.0631,10
1,1021,p1,1193,5.72227e-05,10.054,10
1,3000,p1,169,9.37056e-05,-7.05749,100
1,3001,p1,140,0.000103276,-6.76038,100
1,3002,p1,131,0.000101281,-7.38626,100
1,3003,p1,183,9.61935e-05,-7.51452,100
1,3004,p1,164,9.38589e-05,-7.4868,100
1,3005,p1,86,7.41597e-05,-7.56217,100
1,3006,p1,98,9.31227e-05,-7.43505,100
1,3007,p1,178,9.60614e-05,-7.39522,100
1,3008,p1,132,9.54058e-05,-7.62124,100
1,3009,p1,95,7.43823e-05,-8.45318,100
1,3010,p1,140,8.00582e-05,-8.66699,100
1,3011,p1,119,9.29631e-05,-8.45915,100
1,3012,p1,144,8.68909e-05,-8.54614,100
1,3013,p1,138,6.22233e-05,-8.45372,100
1,3014,p1,133,7.49059e-05,-7.95304,100
1,3015,p1,139,8.15651e-05,-8.22,100
1,2028,p1,1118,6.00379e-05,19.9288,20
1,2029,p1,1135,6.08274e-05,19.8955,20
1,3016,p1,129,7.01926e-05,-8.24081,100
1,3017,p1,157,7.41422e-05,-8.75603,100
1,3018,p1,100,5.96125e-05,-8.87523,100
1,3019,p1,140,6.86286e-05,-8.7684,100
1,2030,p1,1067,5.87645e-05,20.0366,20
1,3020,p1,170,6.73012e-05,-9.19308,100
1,3021,p1,146,5.56889e-05,-9.61829,100
1,3022,p1,137,5.62078e-05,-9.92454,100
1,3023,p1,171,6.53057e-05,-9.66041,100
1,3024,p1,116,6.3999e-05,-9.36568,100
1,3025,p1,117,4.70195e-05,-9.63993,100
1,3026,p1,178,4.15727e-05,-9.82477,100
1,2031,p1,1111,6.31036e-05,19.9166,20
1,3027,p1,161,5.46636e-05,-9.2911,100
1,3028,p1,101,4.36555e-05,-9.7463,100
1,3029,p1,173,4.09107e-05,-9.81364,100
1,3030,p1,136,5.01268e-05,-9.19635,100
1,3031,p1,168,5.67466e-05,-8.59868,100
1,3032,p1,160,5.15348e-05,-9.60747,100
1,3033,p1,177,5.42218e-05,-8.30168,100
1,3034,p1,104,5.1268e-05,-8.08487,100
1,3035,p1,114,5.28374e-05,-9.01903,100
1,2032,p1,1160,6.04118e-05,19.903,20
1,2033,p1,1085,5.98696e-05,19.9452,20
1,2034,p1,1040,5.86019e-05,19.9509,20
1,2035,p1,1051,5.8601e-05,19.9003,20
1,3036,p1,153,5.79429e-05,-8.91299,100
1,3037,p1,138,6.56782e-05,-8.26546,100
1,3038,p1,97,6.24689e-05,-8.3929,100
1,3039,p1,163,7.10723e-05,-8.38714,100
1,2036,p1,1214,6.01986e-05,19.9599,20
1,3040,p1,147,7.9667e-05,-7.88569,100
1,3041,p1,152,6.82715e-05,-8.27017,100
1,3042,p1,179,6.20965e-05,-7.79175,100
1,3043,p1,121,5.7979e-05,-7.10978,100
1,3044,p1,125,5.61658e-05,-7.19019,100
1,3045,p1,158,6.49645e-05,-7.76015,100
1,3350,p1,124,6.53704e-05,1.17903,30
1,3351,p1,158,6.38792e-05,0.772833,30
1,3352,p1,117,6.26134e-05,0.834222,30
1,3353,p1,147,6.35825e-05,0.958924,30
1,3354,p1,130,6.88068e-05,0.678557,30
1,3355,p1,101,6.77306e-05,0.602147,30
1,3356,p1,129,6.77994e-05,0.815225,30
1,3357,p1,123,6.63963e-05,0.948222,30
1,3358,p1,162,6.73527e-05,0.652251,30
1,3359,p1,144,6.78149e-05,0.384136,30
1,3360,p1,127,7.03367e-05,0.531304,30
1,3361,p1,139,7.08154e-05,0.228525,30
1,3362,p1,147,7.06069e-05,0.668818,30
1,3363,p1,111,6.95788e-05,0.434301,30
1,3364,p1,162,6.77364e-05,0.319479,30
1,3365,p1,139,6.8764e-05,0.488835,30
1,3366,p1,155,6.79459e-05,0.334783,30
1,3367,p1,154,6.38788e-05,0.332817,30
1,3368,p1,99,6.32874e-05,0.46522,30
1,3369,p1,149,6.23699e-05,0.326411,30
1,3370,p1,132,6.21439e-05,0.201181,30
1,3371,p1,86,6.51812e-05,0.656945,30
1,3372,p1,146,6.38192e-05,0.384246,30
1,3373,p1,171,6.80895e-05,0.618497,30
1,3374,p1,122,6.63377e-05,1.23266,30
1,3375,p1,168,6.98048e-05,0.883868,30
1,2037,p1,1003,5.99635e-05,20.0751,20
1,2038,p1,1050,6.10481e-05,19.9414,20
1,2039,p1,1196,6.07251e-05,19.8973,20
1,2040,p1,1050,5.84049e-05,19.9702,20
1,2041,p1,1009,6.45719e-05,19.9027,20
1,3376,p1,161,7.06651e-05,1.3502,30
1,3377,p1,157,7.24186e-05,0.992902,30
1,3378,p1,126,7.55285e-05,0.699388,30
1,3379,p1,129,7.41978e-05,1.21032,30
1,3380,p1,100,7.41645e-05,0.723367,30
1,3381,p1,119,7.49746e-05,0.702574,30
1,3382,p1,148,7.66753e-05,0.774048,30
1,3383,p1,159,7.20792e-05,0.710651,30
1,3384,p1,143,7.15737e-05,0.81035,30
1,3385,p1,145,7.08946e-05,1.22956,30
1,3386,p1,103,6.60321e-05,1.56651,30
1,3387,p1,139,6.68897e-05,1.27013,30
1,3388,p1,127,7.16594e-05,0.734636,30
1,3046,p1,119,7.31322e-05,-7.81329,100
1,3047,p1,101,7.62822e-05,-7.78901,100
1,3048,p1,155,6.69729e-05,-6.95617,100
1,3049,p1,174,6.6336e-05,-7.59714,100
1,3389,p1,118,6.99634e-05,1.2606,30
1,3390,p1,140,6.91559e-05,1.37728,30
1,3391,p1,161,6.62555e-05,0.990639,30
1,3392,p1,135,7.0831e-05,0.987806,30
1,3393,p1,112,7.17104e-05,0.724833,30
1,3394,p1,140,7.09686e-05,0.786006,30
1,3395,p1,135,6.30464e-05,1.02873,30
1,3396,p1,121,6.86637e-05,1.36726,30
1,3397,p1,103,7.0255e-05,1.16809,30
1,3398,p1,139,7.17463e-05,1.31759,30
1,3399,p1,127,7.05375e-05,1.58891,30
1,2042,p1,1034,6.06328e-05,20.051,20
1,2043,p1,1064,6.04017e-05,19.9422,20
1,2044,p1,1133,6.35729e-05,19.9316,20
1,2045,p1,862,5.89942e-05,20.0276,20
1,2046,p1,1151,5.84764e-05,20.0624,20
1,2047,p1,1074,5.71463e-05,19.9287,20
1,2048,p1,1074,5.69585e-05,19.9031,20
1,1022,p1,1461,5.85328e-05,10.0704,10
1,2049,p1,1208,5.51317e-05,20.0419,20
1,2900,p1,120,0.000152815,11.7304,50
1,2901,p1,143,0.000144572,12.2725,50
1,2902,p1,127,0.000157126,11.5649,50
1,2903,p1,129,0.000166723,10.8946,50
1,2904,p1,143,0.000155243,11.8669,50
1,2905,p1,162,0.000168943,10.5174,50
1,2906,p1,109,0.000151228,10.7544,50
1,2907,p1,137,0.000151525,11.0326,50
1,2908,p1,177,0.000144783,10.62,50
1,2909,p1,121,0.00014365,11.1418,50
1,2910,p1,154,0.000136522,11.8163,50
1,1023,p1,1295,5.73711e-05,10.0431,10
1,1024,p1,1220,5.77611e-05,10.0657,10
1,2911,p1,100,0.000137855,11.6425,50
1,2912,p1,134,0.00013658,11.6941,50
1,2913,p1,125,0.000129429,11.9898,50
1,2914,p1,121,0.000131181,12.0218,50
1,2915,p1,133,0.000141211,11.4084,50
1,2916,p1,145,0.000136248,11.7199,50
1,2917,p1,93,0.000131501,11.7865,50
1,2918,p1,125,0.000122421,12.2164,50
1,2919,p1,212,0.000114162,12.9428,50
1,2920,p1,120,0.000120712,12.6179,50
1,1025,p1,1325,5.69731e-05,10.0618,10
1,2050,p1,1068,5.64316e-05,19.8565,20
1,2051,p1,1072,5.61124e-05,19.9936,20
1,2921,p1,87,0.000118771,12.7094,50
1,2922,p1,205,0.000113292,12.931,50
1,2923,p1,165,0.000123335,12.3968,50
1,2924,p1,88,0.000103126,13.6546,50
1,2925,p1,119,0.000116694,12.8909,50
1,2926,p1,143,0.000127827,11.7675,50
1,2927,p1,136,0.000121219,12.0868,50
1,2928,p1,127,0.00010803,12.9224,50
1,2929,p1,110,0.000109756,12.836,50
1,2930,p1,162,0.000117171,12.3162,50
1,2931,p1,131,0.000113475,12.603,50
1,2052,p1,1212,5.4681e-05,19.9792,20
1,2053,p1,1012,5.13437e-05,20.1218,20
1,1026,p1,1405,5.71178e-05,10.0423,10
1,1027,p1,1319,5.65143e-05,10.0315,10
1,1028,p1,1304,5.67528e-05,10.0496,10
1,1029,p1,1086,5.71073e-05,10.0316,10
1,1030,p1,1335,5.73974e-05,10.0201,10
1,2932,p1,124,0.000109211,12.8248,50
1,2933,p1,166,0.000115034,12.173,50
1,2934,p1,112,0.000113085,12.4806,50
1,2935,p1,124,0.00010569,13.0809,50
1,2936,p1,212,9.84623e-05,13.5017,50
1,2937,p1,154,8.68154e-05,14.2576,50
1,2938,p1,95,9.86e-05,13.745,50
1,2939,p1,163,8.84655e-05,14.1634,50
1,2940,p1,170,8.66048e-05,14.1249,50
1,2941,p1,134,8.5362e-05,14.2069,50
1,2054,p1,1125,5.37042e-05,19.854,20
1,2942,p1,151,8.02046e-05,14.3246,50
1,2943,p1,148,8.10877e-05,14.1467,50
1,2944,p1,132,9.62882e-05,13.4364,50
1,2945,p1,137,9.40559e-05,13.792,50
1,2946,p1,114,8.4022e-05,13.9185,50
1,2947,p1,146,8.71024e-05,13.8323,50
1,2055,p1,1185,5.20988e-05,19.9118,20
1,2948,p1,226,9.02935e-05,13.6528,50
1,2949,p1,146,9.67144e-05,13.2049,50
1,2056,p1,1092,5.11672e-05,20.0433,20
1,2057,p1,1111,5.10203e-05,19.9538,20
1,2058,p1,1097,5.08993e-05,19.9604,20
1,2059,p1,1326,4.85682e-05,20.0374,20
1,2060,p1,1137,5.09868e-05,19.8723,20
1,2061,p1,1015,5.10522e-05,19.8704,20
1,2062,p1,1071,5.07733e-05,19.9054,20
1,2063,p1,1138,5.20076e-05,20.0079,20
1,2064,p1,1218,5.24683e-05,19.9914,20
1,2065,p1,1059,5.31253e-05,19.9457,20
1,2066,p1,1136,5.45988e-05,19.8719,20
1,2067,p1,1067,5.69623e-05,20.0412,20
1,2068,p1,1022,5.64115e-05,20.0256,20
1,1031,p1,1367,5.63066e-05,10.0241,10
1,2069,p1,1188,5.52343e-05,19.9534,20
1,1032,p1,1322,5.76072e-05,10.0282,10
1,2070,p1,993,5.45438e-05,19.967,20
1,2071,p1,996,6.10007e-05,19.8915,20
1,2072,p1,1279,6.03217e-05,19.8953,20
1,2073,p1,1205,6.24943e-05,19.9779,20
1,2074,p1,1185,6.2913e-05,19.9837,20
1,3400,p1,125,7.20387e-05,0.996655,30
1,3401,p1,92,7.46515e-05,1.0629,30
1,3402,p1,170,7.09869e-05,0.663531,30
1,3403,p1,133,7.53991e-05,0.965626,30
1,3404,p1,128,7.54044e-05,0.678295,30
1,3405,p1,137,7.35934e-05,0.817975,30
1,2075,p1,1069,6.38276e-05,20.0506,20
1,3406,p1,122,7.05153e-05,0.0808592,30
1,2076,p1,1224,6.58416e-05,19.8974,20
1,2077,p1,1192,6.33044e-05,19.9498,20
1,1033,p1,1237,5.80496e-05,10.0483,10
1,3407,p1,137,7.40277e-05,0.798811,30
1,3408,p1,102,7.52701e-05,1.05651,30
1,3409,p1,137,7.10738e-05,0.516994,30
1,1034,p1,1255,5.84943e-05,9.99834,10
1,3410,p1,99,6.90746e-05,1.25017,30
1,3411,p1,141,6.82021e-05,0.701871,30
1,3412,p1,130,6.89393e-05,0.789597,30
1,3413,p1,135,6.65224e-05,0.651905,30
1,3414,p1,122,6.65597e-05,0.469401,30
1,3415,p1,126,6.62424e-05,0.34249,30
1,3416,p1,165,6.85387e-05,0.499797,30
1,3417,p1,132,6.8523e-05,0.576752,30
1,3418,p1,110,6.51136e-05,0.260751,30
1,2078,p1,1126,6.60185e-05,19.8809,20
1,3419,p1,125,6.21926e-05,0.0484527,30
1,3420,p1,224,6.44109e-05,0.140467,30
1,3421,p1,158,5.82947e-05,-0.363575,30
1,3422,p1,154,5.37757e-05,-0.790193,30
1,3423,p1,111,6.00381e-05,-0.360573,30
1,3424,p1,127,5.5283e-05,-0.563764,30
1,3425,p1,162,6.26587e-05,-0.225066,30
1,3426,p1,147,5.82898e-05,-0.460211,30
1,3427,p1,86,5.27346e-05,-0.612585,30
1,3428,p1,156,5.30582e-05,-0.615501,30
1,3429,p1,186,5.6345e-05,-0.555081,30
1,3430,p1,166,5.62678e-05,-0.399291,30
1,3431,p1,162,5.92939e-05,-0.340868,30
1,1035,p1,1250,5.62883e-05,10.0398,10
1,1036,p1,1447,5.75602e-05,10.0284,10
1,1037,p1,1260,5.58506e-05,10.0284,10
1,2079,p1,1146,6.40249e-05,20.0242,20
1,2080,p1,1048,6.49546e-05,19.9039,20
1,1038,p1,1273,5.63101e-05,10.0451,10
1,3432,p1,114,5.87719e-05,-0.246211,30
1,3433,p1,124,5.84977e-05,-0.402019,30
1,3434,p1,145,5.76823e-05,-0.358401,30
1,3435,p1,130,5.47973e-05,-0.447247,30
1,3436,p1,103,5.70836e-05,-0.210575,30
1,3437,p1,106,5.7949e-05,-0.152459,30
1,3438,p1,133,5.63005e-05,-0.192742,30
1,3439,p1,140,5.5489e-05,-0.2075,30
1,3440,p1,117,5.48758e-05,-0.425589,30
1,3441,p1,111,5.27895e-05,-0.420472,30
1,3442,p1,113,5.32054e-05,-0.397945,30
1,3443,p1,155,5.04989e-05,-0.507237,30
1,3444,p1,133,5.72294e-05,-0.326391,30
1,2081,p1,1264,6.52402e-05,19.901,20
1,3050,p1,165,6.91041e-05,-7.81706,100
1,3051,p1,91,6.1655e-05,-7.81001,100
1,3052,p1,131,6.83666e-05,-7.24863,100
1,3053,p1,217,6.63559e-05,-7.3673,100
1,3054,p1,106,6.27069e-05,-6.27015,100
1,3055,p1,98,5.71418e-05,-6.15246,100
1,3056,p1,133,6.19416e-05,-6.74004,100
1,3057,p1,147,5.47457e-05,-6.40307,100
1,3058,p1,161,5.34987e-05,-7.23568,100
1,3059,p1,119,5.43969e-05,-7.67538,100
1,3060,p1,152,5.47451e-05,-6.94759,100
1,3445,p1,136,5.66003e-05,-0.32978,30
1,3446,p1,145,5.48411e-05,-0.500424,30
1,3447,p1,165,5.24522e-05,-0.620576,30
1,3448,p1,140,5.95406e-05,-0.127926,30
1,3449,p1,142,5.66351e-05,-0.297019,30
1,2082,p1,1102,6.33167e-05,20.0481,20
1,2950,p1,104,9.13757e-05,13.5951,50
1,3061,p1,122,5.56524e-05,-6.8637,100
1,2951,p1,111,7.36044e-05,14.337,50
1,3062,p1,184,5.65014e-05,-6.83492,100
1,2952,p1,129,7.23039e-05,14.2219,50
1,3063,p1,114,5.60707e-05,-6.0947,100
1,2953,p1,176,7.27621e-05,14.1951,50
1,3064,p1,147,5.53508e-05,-6.61649,100
1,2954,p1,127,7.19998e-05,14.0753,50
1,2955,p1,103,6.55066e-05,14.3209,50
1,3065,p1,148,5.81533e-05,-7.88927,100
1,2956,p1,132,7.13057e-05,14.0306,50
1,3066,p1,149,5.42777e-05,-6.83913,100
1,2957,p1,187,6.88594e-05,14.0113,50
1,3067,p1,148,5.50719e-05,-6.89409,100
1,2958,p1,99,6.39272e-05,14.4285,50
1,3068,p1,109,5.07066e-05,-6.48929,100
1,2959,p1,120,6.42031e-05,14.7019,50
1,3069,p1,157,5.1625e-05,-7.13914,100
1,2960,p1,138,7.07782e-05,14.8194,50
1,3070,p1,156,5.30239e-05,-6.54025,100
1,3071,p1,165,5.0375e-05,-7.58871,100
1,3072,p1,79,4.69684e-05,-6.43019,100
1,3073,p1,148,4.66241e-05,-6.37205,100
1,3074,p1,102,5.40259e-05,-7.03787,100
1,3075,p1,152,5.01852e-05,-6.36581,100
1,3076,p1,127,4.03856e-05,-5.80802,100
1,3077,p1,162,5.18368e-05,-6.07266,100
1,2961,p1,109,6.37493e-05,14.6362,50
1,2962,p1,151,5.63686e-05,14.6886,50
1,2963,p1,78,5.05761e-05,14.5543,50
1,2964,p1,107,5.79544e-05,14.3495,50
1,2965,p1,142,5.94899e-05,14.2176,50
1,2966,p1,130,6.02879e-05,14.0823,50
1,2967,p1,123,5.81859e-05,14.333,50
1,2968,p1,138,6.02956e-05,13.9279,50
1,2969,p1,174,6.64231e-05,13.9297,50
1,2970,p1,134,6.42593e-05,14.2437,50
1,2971,p1,146,6.11029e-05,14.7604,50
1,2972,p1,108,5.41388e-05,14.2887,50
1,2973,p1,137,5.68171e-05,14.6394,50
1,2974,p1,129,5.71038e-05,14.7965,50
1,2975,p1,134,6.51607e-05,14.593,50
1,2976,p1,144,6.20194e-05,14.5462,50
1,2977,p1,161,6.65632e-05,14.6334,50
1,2978,p1,154,6.92368e-05,14.3105,50
1,2979,p1,131,7.34138e-05,14.9768,50
1,2980,p1,133,6.86421e-05,14.9377,50
1,3078,p1,141,5.04965e-05,-6.47664,100
1,3079,p1,107,5.67971e-05,-6.82591,100
1,3080,p1,122,5.57192e-05,-6.58865,100
1,3081,p1,180,5.37978e-05,-5.95611,100
1,3082,p1,138,5.96595e-05,-5.49748,100
1,3083,p1,105,5.73361e-05,-5.59683,100
1,3084,p1,175,5.81721e-05,-5.60509,100
1,3085,p1,154,5.82487e-05,-6.02728,100
1,3086,p1,114,5.98203e-05,-6.35701,100
1,3087,p1,87,4.99029e-05,-5.48916,100
1,3088,p1,128,5.06393e-05,-5.41071,100
1,3089,p1,134,5.60456e-05,-6.49176,100
1,2083,p1,1069,6.46084e-05,20.0451,20
1,1039,p1,1232,5.54676e-05,10.0138,10
1,2084,p1,1251,6.14219e-05,19.9595,20
1,2981,p1,156,6.58436e-05,14.972,50
1,2982,p1,111,7.07694e-05,14.4384,50
1,2983,p1,151,7.11719e-05,14.5739,50
1,2984,p1,130,7.2629e-05,14.2149,50
1,2985,p1,121,7.46564e-05,14.1744,50
1,2986,p1,127,7.82872e-05,13.9013,50
1,2987,p1,79,7.40586e-05,13.8889,50
1,2988,p1,104,7.45839e-05,13.7655,50
1,2989,p1,158,7.15831e-05,13.7617,50
1,2990,p1,97,7.65177e-05,13.5431,50
1,2991,p1,130,7.06036e-05,13.4717,50
1,2992,p1,133,6.96187e-05,13.5355,50
1,2993,p1,124,7.42069e-05,13.6776,50
1,2994,p1,144,7.25451e-05,13.4225,50
1,2995,p1,117,7.74534e-05,13.6154,50
1,2996,p1,140,7.81467e-05,14.0617,50
1,2997,p1,116,7.61608e-05,13.3405,50
1,2998,p1,155,6.92629e-05,13.6127,50
1,2999,p1,152,6.5704e-05,14.1831,50
1,2085,p1,995,6.07377e-05,19.9017,20
1,2086,p1,1079,6.23469e-05,19.9917,20
1,3090,p1,115,5.57486e-05,-4.82437,100
1,3091,p1,122,5.27066e-05,-5.69918,100
1,3092,p1,157,5.75399e-05,-5.75444,100
1,3093,p1,123,5.40657e-05,-5.0636,100
1,3094,p1,136,5.30807e-05,-5.11835,100
1,3095,p1,113,5.39091e-05,-4.70013,100
1,3096,p1,134,5.59359e-05,-4.85048,100
1,3097,p1,144,5.80126e-05,-5.20057,100
1,3098,p1,107,6.44554e-05,-5.93129,100
1,3099,p1,131,6.28034e-05,-5.58909,100
1,3100,p1,170,6.09723e-05,-5.3258,100
1,3101,p1,109,6.74918e-05,-5.94291,100
1,3102,p1,133,6.63342e-05,-5.532,100
1,3103,p1,186,7.24393e-05,-4.94453,100
1,3104,p1,101,6.92138e-05,-4.36437,100
1,3105,p1,134,7.15376e-05,-4.37104,100
1,3106,p1,151,6.98513e-05,-5.0182,100
1,3107,p1,134,5.70094e-05,-4.43485,100
1,3108,p1,80,6.72617e-05,-5.14399,100
1,1040,p1,1455,5.57886e-05,10.0092,10
1,1041,p1,1254,5.48498e-05,9.99728,10
1,3109,p1,164,6.76779e-05,-5.57687,100
1,3110,p1,129,6.92642e-05,-4.26325,100
1,3111,p1,114,5.84611e-05,-3.99531,100
1,3112,p1,109,6.65622e-05,-3.90753,100
1,3113,p1,192,7.09942e-05,-5.49069,100
1,3114,p1,124,5.89672e-05,-4.69355,100
1,3115,p1,120,6.41986e-05,-5.40582,100
1,3116,p1,117,7.0195e-05,-4.98883,100
1,3117,p1,141,7.26467e-05,-4.8374,100
1,3118,p1,115,6.96352e-05,-5.33674,100
1,3119,p1,155,7.1062e-05,-5.32619,100
1,2087,p1,1016,6.50431e-05,19.9858,20
1,2088,p1,1117,6.53822e-05,19.9715,20
1,3120,p1,152,6.64381e-05,-5.14658,100
1,3121,p1,120,7.19066e-05,-5.65539,100
1,3122,p1,136,6.65733e-05,-5.81098,100
1,3123,p1,98,6.14312e-05,-7.12827,100
1,3124,p1,154,5.61627e-05,-6.10547,100
1,3125,p1,125,7.11286e-05,-7.06051,100
1,3126,p1,127,6.54935e-05,-7.24823,100
1,3127,p1,117,7.12864e-05,-6.85419,100
1,3128,p1,135,6.16187e-05,-6.35488,100
1,3129,p1,102,5.99303e-05,-5.99369,100
1,1042,p1,1234,5.63906e-05,10.0006,10
1,1043,p1,1241,5.72439e-05,10.0168,10
1,1044,p1,1372,5.70405e-05,10.024,10
1,2089,p1,1221,6.36695e-05,19.9536,20
1,2090,p1,1174,6.2925e-05,19.943,20
1,3450,p1,137,5.49062e-05,-0.791205,30
1,3451,p1,180,5.63708e-05,-0.816425,30
1,3452,p1,157,5.64007e-05,-0.484331,30
1,3453,p1,139,5.68446e-05,-0.666713,30
1,3454,p1,114,5.66497e-05,-0.399431,30
1,3455,p1,159,5.92777e-05,-0.418152,30
1,3456,p1,149,5.80906e-05,-0.638187,30
1,3457,p1,142,5.76664e-05,-0.216149,30
1,3458,p1,122,5.6117e-05,-0.707781,30
1,1045,p1,1339,5.74344e-05,10.0295,10
1,1046,p1,1393,5.67934e-05,10.0187,10
1,3130,p1,195,6.59149e-05,-5.74696,100
1,3131,p1,115,5.62473e-05,-6.03371,100
1,3132,p1,130,6.20006e-05,-6.26821,100
1,3133,p1,159,5.92722e-05,-6.67296,100
1,3134,p1,193,5.68427e-05,-6.82334,100
1,3135,p1,88,5.71016e-05,-6.88214,100
1,3136,p1,132,6.02327e-05,-8.03977,100
1,3137,p1,189,5.98376e-05,-7.674,100
1,3138,p1,143,4.85371e-05,-5.97311,100
1,3139,p1,130,5.4984e-05,-6.738,100
1,3140,p1,104,5.84209e-05,-7.3,100
1,3141,p1,146,5.59824e-05,-7.11858,100
1,3142,p1,126,5.68251e-05,-7.26307,100
1,3143,p1,94,4.99768e-05,-6.19798,100
1,3144,p1,134,4.72163e-05,-6.01077,100
1,3459,p1,112,5.76196e-05,-0.37437,30
1,3145,p1,163,4.25074e-05,-5.58684,100
1,3460,p1,178,5.72966e-05,-0.231108,30
1,3146,p1,131,4.5111e-05,-5.69947,100
1,3461,p1,122,5.60505e-05,-0.535629,30
1,3147,p1,145,4.7625e-05,-6.13607,100
1,3462,p1,96,5.49794e-05,-0.0297245,30
1,3463,p1,116,5.64139e-05,-0.359285,30
1,3464,p1,189,5.56813e-05,-0.317392,30
1,3465,p1,129,5.34391e-05,-0.582468,30
1,3466,p1,125,5.16234e-05,-0.530759,30
1,3467,p1,96,4.81836e-05,-0.240868,30
1,3468,p1,156,5.21255e-05,-0.346274,30
1,3469,p1,146,5.15402e-05,-0.420362,30
1,3470,p1,136,4.10502e-05,-0.225854,30
1,3471,p1,93,4.13926e-05,-0.243606,30
1,3472,p1,170,4.35438e-05,-0.249025,30
1,3473,p1,105,3.38272e-05,0.084461,30
1,3474,p1,140,3.49645e-05,-0.177606,30
1,2091,p1,1050,6.46851e-05,20.0142,20
1,2092,p1,1130,6.0561e-05,19.9493,20
1,2093,p1,1243,6.25171e-05,19.9305,20
1,1047,p1,1279,5.86754e-05,10.0109,10
1,3148,p1,118,4.50675e-05,-6.02341,100
1,3475,p1,161,3.44531e-05,0.0255556,30
1,3476,p1,129,3.1959e-05,0.0673993,30
1,3149,p1,154,4.37801e-05,-5.69896,100
1,3477,p1,80,3.61469e-05,0.230446,30
1,3478,p1,103,3.28975e-05,0.0438605,30
1,3479,p1,137,4.77812e-05,0.00640239,30
1,3480,p1,122,4.94645e-05,-0.167201,30
1,3481,p1,117,3.64282e-05,-0.0634179,30
1,3482,p1,129,2.35842e-05,0.104309,30
1,3483,p1,141,3.13518e-05,0.071065,30
1,3484,p1,115,4.09074e-05,-0.107001,30
1,3485,p1,126,2.99039e-05,-0.0979408,30
1,3486,p1,138,2.85161e-05,0.107238,30
1,3487,p1,118,3.53853e-05,-0.0564902,30
1,1048,p1,1324,6.03277e-05,10.0295,10
1,1049,p1,1362,6.12768e-05,10.0155,10
1,2094,p1,1148,6.31916e-05,19.891,20
1,2095,p1,913,6.41739e-05,19.9468,20
1,3488,p1,117,2.99284e-05,-0.0388145,30
1,3489,p1,139,3.23254e-05,-0.0721714,30
1,3490,p1,150,3.50836e-05,-0.0828279,30
1,2096,p1,1025,6.40074e-05,19.9357,20
1,2097,p1,1217,6.43226e-05,19.8801,20
1,2098,p1,938,6.21993e-05,19.8988,20
1,3491,p1,102,5.0904e-05,-0.471001,30
1,3492,p1,120,3.54816e-05,-0.0809344,30
1,3493,p1,149,4.26244e-05,-0.381958,30
1,3494,p1,157,4.67447e-05,-0.277269,30
1,3495,p1,94,5.41868e-05,-0.466445,30
1,3496,p1,140,4.10931e-05,-0.315356,30
1,3497,p1,183,5.01647e-05,-0.393448,30
1,3498,p1,97,4.06563e-05,-0.245154,30
1,3499,p1,139,3.11221e-05,-0.103585,30
1,2099,p1,1047,6.41984e-05,19.8028,20
1,2100,p1,1091,6.37999e-05,19.8265,20
1,2101,p1,1116,6.19622e-05,19.9734,20
1,2102,p1,1076,6.28789e-05,20.0247,20
1,3000,p1,140,7.11207e-05,14.0444,50
1,3500,p1,175,3.48991e-05,-0.247316,30
1,3001,p1,135,7.16903e-05,13.6971,50
1,3501,p1,106,3.91874e-05,-0.318728,30
1,3502,p1,122,4.69017e-05,-0.626965,30
1,3002,p1,141,6.31261e-05,13.6083,50
1,3003,p1,105,6.81442e-05,13.9934,50
1,3503,p1,146,3.38893e-05,-0.249444,30
1,3004,p1,168,6.78056e-05,13.9289,50
1,3504,p1,171,3.78576e-05,-0.40446,30
1,3005,p1,133,7.16799e-05,13.6274,50
1,3505,p1,172,2.95094e-05,-0.0378112,30
1,3006,p1,127,6.79453e-05,13.6856,50
1,3506,p1,108,2.78712e-05,0.17742,30
1,3007,p1,121,6.85302e-05,13.5865,50
1,3507,p1,160,3.61332e-05,-0.0733867,30
1,3008,p1,134,7.21163e-05,13.2228,50
1,3508,p1,143,3.33014e-05,-0.0735519,30
1,3509,p1,98,2.93654e-05,0.00268607,30
1,3009,p1,138,7.41659e-05,12.9935,50
1,3510,p1,169,2.59688e-05,-0.129724,30
1,3010,p1,140,7.41673e-05,13.3444,50
1,1050,p1,1216,5.9486e-05,10.015,10
1,1051,p1,1344,6.12799e-05,10.0203,10
1,3511,p1,147,2.41578e-05,-0.234196,30
1,3512,p1,171,1.92401e-05,-0.0607095,30
1,3513,p1,78,2.94436e-05,-0.35718,30
1,3514,p1,135,2.68609e-05,-0.297774,30
1,3515,p1,155,2.30079e-05,-0.177777,30
1,3516,p1,88,2.72198e-05,-0.272243,30
1,3517,p1,101,3.01407e-05,-0.13552,30
1,3518,p1,139,3.91882e-05,-0.351857,30
1,3519,p1,161,2.4311e-05,0.00589504,30
1,3520,p1,154,2.36043e-05,-0.134076,30
1,3521,p1,111,2.18923e-05,-0.0988126,30
1,3522,p1,137,2.13464e-05,-0.194524,30
1,3011,p1,111,7.55474e-05,12.8716,50
1,3523,p1,132,2.12293e-05,-0.169146,30
1,3012,p1,143,7.90643e-05,12.8468,50
1,3524,p1,185,2.28377e-05,-0.248991,30
1,3013,p1,134,8.32064e-05,13.0228,50
1,3525,p1,171,2.25182e-05,-0.36216,30
1,3014,p1,150,8.2698e-05,13.0656,50
1,3526,p1,116,2.12236e-05,-0.431487,30
1,3015,p1,161,8.32661e-05,12.8832,50
1,3527,p1,118,2.08859e-05,-0.351631,30
1,3016,p1,87,7.70842e-05,12.9819,50
1,3528,p1,120,2.10219e-05,-0.34107,30
1,3017,p1,119,8.06069e-05,12.3715,50
1,3529,p1,159,2.42961e-05,-0.449421,30
1,3018,p1,128,8.00992e-05,12.6713,50
1,3530,p1,109,2.08118e-05,-1.01857,30
1,3019,p1,151,8.25913e-05,12.3001,50
1,3531,p1,121,2.35124e-05,-0.987514,30
1,3020,p1,117,7.60768e-05,11.6416,50
1,3532,p1,159,2.34872e-05,-0.726752,30
1,3021,p1,140,7.47436e-05,11.4839,50
1,1052,p1,1394,6.14247e-05,10.0352,10
1,1053,p1,1273,6.07054e-05,10.0197,10
1,3533,p1,101,2.4525e-05,-1.07549,30
1,3534,p1,149,2.50338e-05,-1.3393,30
1,3535,p1,107,2.57966e-05,-1.57417,30
1,3536,p1,174,2.80869e-05,-1.38719,30
1,3537,p1,175,2.68077e-05,-1.53679,30
1,3538,p1,182,2.51369e-05,-1.94216,30
1,3539,p1,121,2.59808e-05,-1.92249,30
1,3540,p1,139,2.44589e-05,-2.11213,30
1,3541,p1,101,2.82879e-05,-2.1055,30
1,3542,p1,166,2.75321e-05,-2.26091,30
1,3543,p1,180,2.59948e-05,-2.5611,30
1,2103,p1,1112,6.32396e-05,19.9508,20
1,3544,p1,128,2.3576e-05,-2.32864,30
1,3545,p1,155,2.27754e-05,-2.60564,30
1,3546,p1,158,2.43575e-05,-2.4062,30
1,3547,p1,161,2.59155e-05,-2.05358,30
1,3022,p1,140,7.0986e-05,11.5312,50
1,3023,p1,128,8.27319e-05,11.8138,50
1,3024,p1,129,8.1478e-05,11.6179,50
1,3025,p1,163,8.36646e-05,11.9432,50
1,3026,p1,107,8.46904e-05,12.1515,50
1,3027,p1,108,8.65942e-05,12.1961,50
1,3028,p1,171,8.56373e-05,11.8671,50
1,3029,p1,108,8.5499e-05,11.8647,50
1,3030,p1,120,8.64337e-05,11.9084,50
1,3031,p1,127,8.76703e-05,11.4066,50
1,1054,p1,1353,6.04159e-05,10.0077,10
1,3548,p1,142,2.61285e-05,-2.05459,30
1,3549,p1,117,2.7586e-05,-1.9874,30
1,3550,p1,136,2.72024e-05,-1.78653,30
1,3551,p1,146,2.66009e-05,-1.97948,30
1,3552,p1,153,3.02595e-05,-2.5048,30
1,3553,p1,139,2.73878e-05,-2.01536,30
1,3554,p1,151,2.90505e-05,-1.68115,30
1,3555,p1,104,3.04271e-05,-1.96317,30
1,3556,p1,132,2.99171e-05,-1.76074,30
1,3557,p1,165,3.04878e-05,-1.67488,30
1,3558,p1,151,3.13403e-05,-1.74041,30
1,3559,p1,100,3.34245e-05,-1.8235,30
1,3560,p1,125,3.56451e-05,-2.1272,30
1,3561,p1,129,3.53371e-05,-2.29203,30
1,3562,p1,130,3.57287e-05,-2.74323,30
1,3563,p1,150,3.44531e-05,-2.52412,30
1,3564,p1,126,3.38102e-05,-2.69709,30
1,3565,p1,120,3.33774e-05,-3.11267,30
1,3566,p1,162,3.39798e-05,-2.73863,30
1,3567,p1,90,3.2779e-05,-2.90806,30
1,3568,p1,172,3.3811e-05,-2.94232,30
1,3569,p1,140,3.60375e-05,-2.49344,30
1,3570,p1,160,3.60664e-05,-2.65903,30
1,3571,p1,101,3.53005e-05,-2.96858,30
1,3572,p1,153,3.45609e-05,-2.23528,30
1,3573,p1,150,3.27096e-05,-1.83306,30
1,3574,p1,118,3.74673e-05,-1.80236,30
1,3575,p1,146,3.43847e-05,-1.94051,30
1,3576,p1,126,3.34061e-05,-1.63522,30
1,3032,p1,196,8.26856e-05,11.0903,50
1,3033,p1,131,8.76566e-05,11.3061,50
1,3034,p1,79,8.69901e-05,10.94,50
1,3035,p1,127,8.74282e-05,11.2406,50
1,3036,p1,164,8.91144e-05,11.2135,50
1,3037,p1,179,8.40612e-05,11.011,50
1,3038,p1,115,8.37134e-05,10.7627,50
1,3039,p1,141,8.59398e-05,10.5307,50
1,3040,p1,126,8.69444e-05,10.4849,50
1,3041,p1,134,8.7089e-05,10.5329,50
1,3042,p1,129,8.81552e-05,10.6574,50
1,2104,p1,1264,6.35098e-05,19.9031,20
1,3577,p1,111,3.51441e-05,-1.68543,30
1,3578,p1,149,3.54892e-05,-1.56593,30
1,3579,p1,126,3.6666e-05,-1.89282,30
1,3580,p1,119,3.60084e-05,-1.42638,30
1,3581,p1,167,3.61146e-05,-1.04012,30
1,3582,p1,111,3.44562e-05,-1.16357,30
1,3583,p1,119,3.49361e-05,-0.937868,30
1,3584,p1,189,3.50274e-05,-0.857851,30
1,3585,p1,128,3.60382e-05,-1.18044,30
1,3586,p1,76,3.67391e-05,-1.36597,30
1,3587,p1,108,3.3179e-05,-1.04837,30
1,1055,p1,1301,6.18948e-05,10.0364,10
1,1056,p1,1243,5.84463e-05,10.0079,10
1,3588,p1,175,3.82269e-05,-0.965172,30
1,3589,p1,86,3.7596e-05,-0.423986,30
1,3590,p1,132,3.52824e-05,-1.04211,30
1,3591,p1,131,3.7906e-05,-1.0408,30
1,3592,p1,124,3.54819e-05,-0.664756,30
1,3593,p1,107,3.40562e-05,-0.587738,30
1,3594,p1,144,3.38903e-05,-0.682649,30
1,3595,p1,143,3.45574e-05,-0.582829,30
1,3596,p1,121,3.27481e-05,-0.644502,30
1,3597,p1,129,3.61306e-05,-0.702021,30
1,3598,p1,123,3.47931e-05,-0.80328,30
1,3043,p1,144,8.93981e-05,10.5392,50
1,3044,p1,86,7.98114e-05,11.5656,50
1,3045,p1,125,8.37805e-05,11.156,50
1,3046,p1,189,8.18258e-05,11.2457,50
1,3047,p1,159,7.74956e-05,11.4024,50
1,3048,p1,121,6.91718e-05,11.7437,50
1,3049,p1,159,6.88406e-05,11.9109,50
1,2105,p1,1115,6.32712e-05,19.936,20
1,2106,p1,1177,6.29636e-05,19.8786,20
1,3599,p1,151,3.10388e-05,-0.15573,30
1,1057,p1,1393,5.86872e-05,10.0117,10
1,2107,p1,1096,6.40225e-05,19.81,20
1,2108,p1,1033,6.17557e-05,20.1051,20
1,2109,p1,1172,6.57826e-05,19.864,20
1,3150,p1,159,4.82052e-05,-6.91992,100
1,3151,p1,94,4.83918e-05,-6.42229,100
1,3152,p1,185,4.50915e-05,-6.2137,100
1,3153,p1,130,5.36822e-05,-7.0294,100
1,3154,p1,131,5.07392e-05,-7.07696,100
1,3155,p1,141,5.0806e-05,-6.70351,100
1,3156,p1,123,5.55103e-05,-7.27918,100
1,3157,p1,132,5.37511e-05,-6.9424,100
1,3158,p1,123,4.64628e-05,-6.44256,100
1,3159,p1,141,4.88094e-05,-6.50498,100
1,3160,p1,130,5.46426e-05,-6.76549,100
1,3161,p1,155,5.19881e-05,-7.17619,100
1,3162,p1,141,5.02701e-05,-7.76935,100
1,3163,p1,100,4.36295e-05,-5.99684,100
1,3164,p1,133,4.8946e-05,-6.8851,100
1,3165,p1,179,5.61596e-05,-7.81685,100
1,3166,p1,107,4.9248e-05,-6.77867,100
1,3167,p1,141,5.51532e-05,-6.94243,100
1,3168,p1,177,5.72706e-05,-6.93296,100
1,3169,p1,139,5.63007e-05,-6.63292,100
1,3170,p1,102,4.92532e-05,-5.83058,100
1,3171,p1,164,5.2489e-05,-6.04089,100
1,3172,p1,147,4.752e-05,-5.20952,100
1,3173,p1,101,3.72483e-05,-4.49098,100
1,3174,p1,114,3.75785e-05,-4.25875,100
1,3175,p1,156,4.01728e-05,-4.34649,100
1,3176,p1,111,3.94611e-05,-4.4019,100
1,3177,p1,152,3.99411e-05,-4.26018,100
1,3178,p1,131,3.89083e-05,-4.14502,100
1,3179,p1,126,4.03981e-05,-4.06428,100
1,3180,p1,106,4e-05,-4.06301,100
1,3181,p1,128,4.29373e-05,-4.16507,100
1,3182,p1,134,4.5717e-05,-4.50413,100
1,3183,p1,130,4.65015e-05,-4.53067,100
1,3184,p1,132,4.58394e-05,-4.59266,100
1,3185,p1,129,4.61201e-05,-4.22748,100
1,3186,p1,99,4.11422e-05,-4.08807,100
1,3187,p1,153,4.29837e-05,-4.43563,100
1,3188,p1,137,3.8412e-05,-3.93293,100
1,3189,p1,159,3.65179e-05,-3.6659,100
1,3190,p1,96,3.53928e-05,-3.7054,100
1,3191,p1,125,3.7232e-05,-3.81334,100
1,3192,p1,190,3.33661e-05,-3.76647,100
1,3193,p1,135,2.9265e-05,-3.88333,100
1,3194,p1,161,2.82468e-05,-3.83841,100
1,3195,p1,181,2.73531e-05,-3.96409,100
1,3196,p1,94,3.84207e-05,-4.12118,100
1,2110,p1,1104,6.40415e-05,19.8974,20
1,2111,p1,1033,6.22014e-05,19.9509,20
1,2112,p1,1146,6.03809e-05,20.0527,20
1,1058,p1,1343,5.9805e-05,10.0066,10
1,1059,p1,1189,5.98257e-05,9.99863,10
1,2113,p1,1027,6.51686e-05,19.9405,20
1,2114,p1,1144,6.32864e-05,19.9077,20
1,2115,p1,1086,5.91732e-05,19.9193,20
1,1060,p1,1295,5.85781e-05,9.96836,10
1,3050,p1,174,6.34336e-05,12.0514,50
1,3051,p1,92,7.96148e-05,11.442,50
1,3052,p1,125,7.29309e-05,11.5662,50
1,3053,p1,136,7.44493e-05,11.6157,50
1,3054,p1,151,6.2974e-05,11.7231,50
1,3055,p1,131,7.88695e-05,11.3314,50
1,3056,p1,143,8.4185e-05,11.0153,50
1,3057,p1,164,8.49229e-05,11.001,50
1,3197,p1,140,3.58923e-05,-4.01005,100
1,3198,p1,161,4.47788e-05,-4.19809,100
1,3199,p1,167,4.19703e-05,-4.17375,100
1,3058,p1,84,8.22449e-05,11.1789,50
1,3059,p1,122,8.95955e-05,10.7791,50
1,3060,p1,159,7.87851e-05,11.2708,50
1,3061,p1,129,8.9461e-05,10.6116,50
1,3062,p1,117,7.77807e-05,11.1953,50
1,2116,p1,1062,5.97703e-05,19.9918,20
1,3063,p1,113,8.0168e-05,10.8713,50
1,3064,p1,147,7.19494e-05,11.5165,50
1,3065,p1,123,6.68508e-05,11.5862,50
1,3066,p1,150,6.33649e-05,11.8836,50
1,3067,p1,108,5.79612e-05,12.0995,50
1,3068,p1,112,4.11484e-05,12.3851,50
1,1061,p1,1446,5.80545e-05,10.0077,10
1,3069,p1,149,5.23479e-05,12.1785,50
1,3070,p1,118,5.06895e-05,12.3787,50
1,3071,p1,123,3.74248e-05,12.6415,50
1,3072,p1,134,4.68153e-05,12.4532,50
1,3073,p1,181,5.1974e-05,12.2984,50
1,3074,p1,170,5.72995e-05,12.2365,50
1,3075,p1,71,5.42898e-05,12.1407,50
1,3076,p1,109,5.81092e-05,12.0177,50
1,3077,p1,197,5.06371e-05,12.3211,50
1,3078,p1,110,4.45942e-05,12.589,50
1,3079,p1,129,3.84118e-05,12.6682,50
1,2117,p1,1075,6.11261e-05,19.9111,20
1,2118,p1,1142,6.13906e-05,19.7951,20
1,1062,p1,1301,5.71073e-05,9.98653,10
1,1063,p1,1236,5.87526e-05,9.97311,10
1,3080,p1,134,5.4758e-05,12.1822,50
1,3081,p1,141,5.34163e-05,12.3047,50
1,3082,p1,144,5.02587e-05,12.2987,50
1,3083,p1,143,4.47222e-05,12.5461,50
1,3084,p1,116,3.70478e-05,12.6697,50
1,3085,p1,126,5.47651e-05,12.2123,50
1,3086,p1,158,5.78127e-05,12.4342,50
1,3087,p1,123,5.78267e-05,12.4013,50
1,3088,p1,95,5.17064e-05,12.7219,50
1,3089,p1,151,5.37139e-05,12.586,50
1,2119,p1,1064,5.80689e-05,19.9244,20
1,1064,p1,1342,5.85506e-05,10.0013,10
1,1065,p1,1360,5.9153e-05,9.99831,10
1,3090,p1,182,7.33992e-05,12.0646,50
1,3091,p1,137,7.18866e-05,11.948,50
1,3092,p1,124,8.23355e-05,11.6699,50
1,3093,p1,148,7.78335e-05,11.8192,50
1,3094,p1,129,7.99645e-05,11.6416,50
1,3095,p1,101,8.99755e-05,11.0767,50
1,3096,p1,205,8.92928e-05,11.1299,50
1,3097,p1,175,8.79633e-05,11.2122,50
1,3098,p1,139,8.92389e-05,11.0108,50
1,3099,p1,128,8.85867e-05,10.9291,50
1,2120,p1,1091,5.79383e-05,19.9186,20
1,2121,p1,1134,5.99226e-05,19.8627,20
1,2122,p1,1086,5.63118e-05,20.0201,20
1,1066,p1,1211,5.96479e-05,9.99687,10
1,1067,p1,1265,5.95358e-05,10.0244,10
1,1068,p1,1439,5.88962e-05,10.0313,10
1,3600,p1,125,3.1847e-05,-0.413655,30
1,3601,p1,144,3.26297e-05,-0.368467,30
1,3602,p1,124,3.04549e-05,-0.539856,30
1,3603,p1,151,3.10339e-05,-0.417361,30
1,3604,p1,156,3.19188e-05,-0.435961,30
1,3605,p1,194,3.196e-05,-0.921523,30
1,3606,p1,123,3.13907e-05,-0.756232,30
1,3607,p1,112,3.12703e-05,-0.702137,30
1,3608,p1,125,2.89091e-05,-0.348443,30
1,3200,p1,141,4.52663e-05,-4.15128,100
1,3201,p1,144,4.44066e-05,-4.0903,100
1,3202,p1,129,4.53726e-05,-4.12642,100
1,3203,p1,146,4.50823e-05,-4.0207,100
1,3204,p1,115,4.79357e-05,-4.1342,100
1,3205,p1,140,4.78773e-05,-4.30417,100
1,3206,p1,152,4.50383e-05,-4.12272,100
1,3207,p1,103,4.69366e-05,-4.2831,100
1,3208,p1,147,4.94801e-05,-4.28399,100
1,3209,p1,176,5.0964e-05,-4.52052,100
1,3210,p1,170,4.93234e-05,-4.35716,100
1,3211,p1,97,4.53576e-05,-4.27493,100
1,3212,p1,117,4.44707e-05,-4.22725,100
1,3213,p1,146,4.59075e-05,-4.14699,100
1,3214,p1,164,4.92045e-05,-4.29963,100
1,3215,p1,81,3.89323e-05,-4.00161,100
1,3216,p1,130,4.3918e-05,-4.09197,100
1,3217,p1,126,4.25328e-05,-4.10252,100
1,3218,p1,128,3.83435e-05,-4.0893,100
1,3219,p1,113,3.56484e-05,-4.04164,100
1,3220,p1,137,4.3956e-05,-4.0221,100
1,3221,p1,143,3.74238e-05,-3.95457,100
1,3222,p1,124,3.09281e-05,-3.94191,100
1,3223,p1,113,3.12456e-05,-3.95619,100
1,3224,p1,98,2.58486e-05,-3.85661,100
1,3225,p1,135,2.61794e-05,-3.90605,100
1,3226,p1,176,2.9903e-05,-3.94368,100
1,3227,p1,124,2.65261e-05,-3.84335,100
1,3228,p1,149,1.61894e-05,-3.96413,100
1,2123,p1,1138,5.78363e-05,19.9273,20
1,3229,p1,85,2.47661e-05,-3.83715,100
1,3230,p1,151,2.2688e-05,-3.79615,100
1,3231,p1,175,1.91082e-05,-3.78394,100
1,3232,p1,128,2.10236e-05,-3.75688,100
1,3233,p1,104,1.61404e-05,-3.88139,100
1,3234,p1,163,2.35052e-05,-3.84162,100
1,3235,p1,131,2.30397e-05,-4.00392,100
1,3236,p1,105,2.40889e-05,-4.20462,100
1,3237,p1,156,2.63392e-05,-4.16213,100
1,3238,p1,151,3.0175e-05,-4.17001,100
1,3239,p1,154,3.34957e-05,-4.34067,100
1,3240,p1,136,3.87841e-05,-4.33679,100
1,3241,p1,102,2.87832e-05,-4.46015,100
1,3242,p1,135,3.41193e-05,-4.35348,100
1,3243,p1,186,3.62467e-05,-4.33929,100
1,3244,p1,117,3.53254e-05,-4.47469,100
1,3245,p1,131,3.80365e-05,-4.42188,100
1,3609,p1,153,2.63251e-05,-0.334414,30
1,3610,p1,71,2.66792e-05,-0.172736,30
1,3611,p1,120,2.75715e-05,-0.165927,30
1,3612,p1,172,2.63746e-05,-0.20331,30
1,3613,p1,124,2.63846e-05,-0.193768,30
1,3614,p1,100,2.6695e-05,0.0858891,30
1,3615,p1,174,2.60811e-05,0.0728645,30
1,3616,p1,116,2.64718e-05,-0.124849,30
1,3617,p1,147,2.76644e-05,-0.286238,30
1,3618,p1,148,2.84564e-05,-0.24498,30
1,3619,p1,96,2.97857e-05,-0.308581,30
1,3620,p1,184,3.05838e-05,-0.112432,30
1,2124,p1,1022,5.84034e-05,19.9777,20
1,2125,p1,1171,5.59275e-05,19.9926,20
1,3246,p1,160,2.91113e-05,-4.31991,100
1,3247,p1,124,2.90118e-05,-4.41908,100
1,3248,p1,133,3.39296e-05,-4.40211,100
1,3249,p1,107,4.29247e-05,-4.48095,100
1,1069,p1,1324,5.81843e-05,10.0016,10
1,1070,p1,1236,5.80472e-05,10.0089,10
1,3621,p1,157,2.86786e-05,0.0783662,30
1,3622,p1,108,2.936e-05,-0.331788,30
1,3623,p1,155,2.83109e-05,-0.0249461,30
1,3624,p1,173,3.0134e-05,-0.491999,30
1,3625,p1,125,2.70637e-05,-0.229393,30
1,3626,p1,112,2.62492e-05,0.0839109,30
1,3627,p1,132,2.54784e-05,-0.124604,30
1,3628,p1,153,2.60722e-05,0.139676,30
1,3629,p1,133,2.55831e-05,-0.173679,30
1,3630,p1,91,2.47573e-05,0.132685,30
1,3631,p1,127,2.24797e-05,0.285742,30
1,2126,p1,1188,5.8406e-05,19.9306,20
1,3632,p1,177,2.37697e-05,0.0335012,30
1,3633,p1,118,2.61505e-05,0.0689941,30
1,3634,p1,153,2.54658e-05,0.188134,30
1,2127,p1,1030,5.57165e-05,19.9971,20
1,3635,p1,157,2.56193e-05,0.181608,30
1,3636,p1,110,2.6776e-05,0.168452,30
1,3637,p1,140,2.82247e-05,-0.443726,30
1,3638,p1,133,2.76146e-05,0.0877166,30
1,3639,p1,115,2.84049e-05,-0.406654,30
1,3640,p1,152,2.82183e-05,-0.106156,30
1,3641,p1,161,3.01589e-05,-0.31782,30
1,3642,p1,129,2.80924e-05,-0.0921755,30
1,2128,p1,1232,5.81633e-05,19.9839,20
1,1071,p1,1233,5.95194e-05,10.0066,10
1,2129,p1,1127,5.86153e-05,20.0083,20
1,3643,p1,114,2.82637e-05,-0.0938251,30
1,3644,p1,151,2.89492e-05,-0.0915592,30
1,3645,p1,183,2.82163e-05,0.132131,30
1,3646,p1,118,2.63958e-05,0.234368,30
1,3647,p1,134,2.61598e-05,0.252783,30
1,3648,p1,147,2.74946e-05,0.366276,30
1,3649,p1,93,2.86108e-05,0.361557,30
1,1072,p1,1440,5.96448e-05,9.99822,10
1,2130,p1,1036,6.07595e-05,19.969,20
1,1073,p1,1342,5.80382e-05,9.98273,10
1,1074,p1,1389,5.83221e-05,9.99932,10
1,2131,p1,1119,6.11032e-05,19.8786,20
1,2132,p1,1158,5.88577e-05,19.9768,20
1,1075,p1,1252,5.73613e-05,9.98301,10
1,2133,p1,1104,6.06277e-05,20.0078,20
1,1076,p1,1351,5.68723e-05,9.98037,10
1,3250,p1,157,3.94819e-05,-4.62818,100
1,3251,p1,153,3.89436e-05,-4.12872,100
1,3252,p1,114,3.76135e-05,-3.64068,100
1,3253,p1,121,3.92979e-05,-3.64089,100
1,3254,p1,128,3.07947e-05,-3.76351,100
1,3255,p1,114,3.12569e-05,-3.77276,100
1,3256,p1,131,2.9887e-05,-3.84081,100
1,3257,p1,143,3.35589e-05,-3.97165,100
1,3258,p1,133,3.52185e-05,-4.17282,100
1,3259,p1,150,3.69622e-05,-3.98758,100
1,3260,p1,164,4.01443e-05,-4.12305,100
1,3261,p1,145,3.65562e-05,-4.38697,100
1,3262,p1,110,3.24417e-05,-4.78488,100
1,3263,p1,117,4.84502e-05,-4.4173,100
1,3264,p1,149,4.93421e-05,-4.56219,100
1,3265,p1,155,4.54102e-05,-4.39995,100
1,3100,p1,140,9.64105e-05,10.7505,50
1,3101,p1,116,9.25528e-05,11.0345,50
1,3102,p1,141,9.40961e-05,10.8448,50
1,3103,p1,157,9.88513e-05,10.3558,50
1,3104,p1,84,9.23916e-05,10.916,50
1,3105,p1,142,9.17806e-05,10.7915,50
1,3106,p1,145,9.46445e-05,10.8131,50
1,3107,p1,133,9.20323e-05,11.2204,50
1,3108,p1,166,8.18305e-05,11.5215,50
1,3109,p1,162,8.0406e-05,11.9232,50
1,3110,p1,139,9.15048e-05,11.3877,50
1,3111,p1,158,0.000103998,10.7918,50
1,3112,p1,134,0.000102353,10.9721,50
1,3113,p1,116,0.000103737,11.0968,50
1,3114,p1,121,0.000106929,10.6223,50
1,3115,p1,179,0.000104045,11.2107,50
1,3116,p1,122,0.000103662,11.1947,50
1,3117,p1,127,9.53302e-05,11.906,50
1,3118,p1,145,8.81308e-05,12.5137,50
1,3119,p1,160,9.54178e-05,12.0593,50
1,3120,p1,101,9.92599e-05,11.7865,50
1,3121,p1,104,9.5404e-05,11.7796,50
1,3122,p1,178,0.000102598,11.5202,50
1,3123,p1,161,0.000110988,10.4614,50
1,3124,p1,107,0.00010916,10.8045,50
1,3125,p1,98,0.000108288,10.8232,50
1,3126,p1,143,0.000109012,10.1139,50
1,3127,p1,147,0.000107062,10.0932,50
1,2134,p1,1066,6.20064e-05,19.9062,20
1,2135,p1,1153,5.95229e-05,20.0974,20
1,2136,p1,1094,6.00661e-05,19.9683,20
1,1077,p1,1304,5.69695e-05,10.0087,10
1,3266,p1,103,4.75441e-05,-4.29533,100
1,3267,p1,150,5.47469e-05,-4.06925,100
1,3268,p1,130,5.22299e-05,-4.09163,100
1,3269,p1,146,5.52676e-05,-4.14144,100
1,3270,p1,179,4.99474e-05,-4.0799,100
1,3271,p1,111,4.92525e-05,-4.21356,100
1,3272,p1,167,5.55276e-05,-4.43216,100
1,3273,p1,184,5.38108e-05,-4.40153,100
1,3274,p1,147,5.6803e-05,-4.50521,100
1,3275,p1,102,5.11443e-05,-4.45316,100
1,3650,p1,137,2.8026e-05,0.299019,30
1,3651,p1,161,2.58952e-05,0.228,30
1,3652,p1,125,2.5865e-05,-0.0227321,30
1,3653,p1,114,2.70206e-05,0.22454,30
1,3654,p1,126,2.79406e-05,0.0127813,30
1,3655,p1,182,3.05176e-05,-0.253732,30
1,3656,p1,146,2.90113e-05,-0.0786013,30
1,3657,p1,106,2.65668e-05,0.0247069,30
1,3658,p1,127,2.75048e-05,-0.460924,30
1,3659,p1,122,2.84967e-05,-0.576544,30
1,3660,p1,121,2.87579e-05,-1.06712,30
1,3661,p1,147,3.01159e-05,-1.82484,30
1,3662,p1,106,2.9195e-05,-1.79319,30
1,1078,p1,1373,5.68913e-05,9.98488,10
1,3663,p1,139,2.92948e-05,-1.87366,30
1,3664,p1,103,3.07428e-05,-1.5689,30
1,3665,p1,167,3.17166e-05,-2.05831,30
1,3666,p1,147,3.05151e-05,-2.04571,30
1,3276,p1,137,4.52776e-05,-4.57907,100
1,3277,p1,110,4.04368e-05,-4.46807,100
1,3278,p1,197,4.01013e-05,-4.56529,100
1,3279,p1,110,4.1393e-05,-4.4834,100
1,3280,p1,157,3.41835e-05,-4.54795,100
1,3281,p1,106,2.60765e-05,-4.18231,100
1,3282,p1,108,2.43647e-05,-4.51654,100
1,3283,p1,127,2.92247e-05,-4.6663,100
1,3284,p1,193,2.98761e-05,-4.39934,100
1,3285,p1,162,3.3256e-05,-4.2655,100
1,3286,p1,117,2.35313e-05,-4.8755,100
1,3287,p1,128,2.78928e-05,-4.48858,100
1,3288,p1,118,1.95371e-05,-4.67407,100
1,3289,p1,162,2.58832e-05,-4.80519,100
1,3290,p1,127,1.9207e-05,-4.75838,100
1,3667,p1,115,3.17327e-05,-2.26259,30
1,3668,p1,138,3.23792e-05,-1.98052,30
1,3669,p1,139,3.19453e-05,-2.2881,30
1,3670,p1,97,3.03024e-05,-2.76463,30
1,3671,p1,137,3.35007e-05,-3.07623,30
1,3672,p1,127,3.22884e-05,-2.86084,30
1,3673,p1,113,3.13462e-05,-2.11386,30
1,3674,p1,143,3.29813e-05,-2.9804,30
1,3675,p1,143,3.26693e-05,-2.78223,30
1,3676,p1,142,3.45033e-05,-2.93365,30
1,3677,p1,117,3.17781e-05,-1.76408,30
1,3678,p1,142,3.43017e-05,-1.84045,30
1,3679,p1,113,3.5773e-05,-2.22517,30
1,3680,p1,105,3.56286e-05,-2.93037,30
1,3681,p1,127,3.49399e-05,-2.59137,30
1,3682,p1,183,3.63878e-05,-2.2208,30
1,3128,p1,121,0.000111139,10.399,50
1,3129,p1,119,0.000112922,10.9606,50
1,3130,p1,120,0.000114153,10.5661,50
1,3131,p1,157,0.00011409,10.645,50
1,3132,p1,100,0.000108998,11.2571,50
1,3133,p1,162,0.000107372,11.1569,50
1,3134,p1,190,0.000108536,11.2456,50
1,3135,p1,123,0.00010279,11.6212,50
1,3136,p1,101,0.000109638,11.5633,50
1,3137,p1,130,0.00011354,11.0813,50
1,3138,p1,163,0.000109128,11.3168,50
1,3139,p1,141,0.000106425,11.4215,50
1,3140,p1,153,0.000108756,11.187,50
1,3141,p1,165,0.000104757,11.1014,50
1,3142,p1,119,0.000103474,11.4718,50
1,3291,p1,121,1.78577e-05,-4.85787,100
1,3292,p1,131,1.66622e-05,-4.99243,100
1,3293,p1,132,1.67935e-05,-4.95769,100
1,3294,p1,143,1.92848e-05,-5.09344,100
1,3295,p1,105,1.99828e-05,-5.15382,100
1,3296,p1,103,1.94684e-05,-5.24736,100
1,3297,p1,133,2.15385e-05,-5.22295,100
1,3298,p1,216,2.00099e-05,-5.27141,100
1,3299,p1,104,1.92469e-05,-5.35267,100
1,3683,p1,160,3.45115e-05,-2.2375,30
1,3684,p1,97,3.37778e-05,-2.8384,30
1,3685,p1,150,3.30909e-05,-2.18376,30
1,3686,p1,124,3.36697e-05,-1.90465,30
1,3687,p1,173,3.72139e-05,-2.6926,30
1,3688,p1,127,3.46664e-05,-2.35598,30
1,3689,p1,111,3.59216e-05,-2.35818,30
1,3690,p1,163,3.63264e-05,-2.24444,30
1,3691,p1,157,3.86434e-05,-2.3868,30
1,3692,p1,159,3.83112e-05,-2.15976,30
1,3693,p1,139,3.66091e-05,-1.58902,30
1,3694,p1,161,3.97384e-05,-2.29308,30
1,1079,p1,1309,5.62734e-05,10.0117,10
1,1080,p1,1264,5.60912e-05,10.002,10
1,2137,p1,1132,6.25282e-05,19.9006,20
1,3143,p1,156,0.000102526,11.0069,50
1,3144,p1,137,9.28829e-05,11.6367,50
1,3145,p1,133,9.74122e-05,11.6273,50
1,3146,p1,119,9.15055e-05,11.8513,50
1,3147,p1,138,8.80017e-05,11.8907,50
1,3148,p1,184,8.22153e-05,12.4172,50
1,3149,p1,98,7.09569e-05,12.8958,50
1,3150,p1,118,9.31579e-05,12.1822,50
1,3151,p1,164,9.82531e-05,11.7206,50
1,3152,p1,126,9.95364e-05,11.4699,50
1,3153,p1,167,8.97128e-05,11.8426,50
1,3695,p1,149,4.27186e-05,-1.87931,30
1,3696,p1,79,4.15526e-05,-2.1289,30
1,3697,p1,123,4.35898e-05,-2.08575,30
1,3698,p1,160,4.32145e-05,-1.29452,30
1,3699,p1,138,4.28912e-05,-1.52566,30
1,1081,p1,1376,5.73231e-05,9.97327,10
1,2138,p1,1171,6.19753e-05,19.9191,20
1,3154,p1,141,0.000100925,11.728,50
1,3155,p1,109,8.59532e-05,11.6899,50
1,3156,p1,136,8.32799e-05,11.9819,50
1,3157,p1,136,8.59572e-05,12.2036,50
1,3158,p1,128,7.20343e-05,12.6938,50
1,3159,p1,149,8.00606e-05,12.2687,50
1,3160,p1,117,5.66952e-05,12.4586,50
1,3161,p1,109,5.44904e-05,12.6477,50
1,3162,p1,150,6.27287e-05,12.4381,50
1,2139,p1,1112,6.19957e-05,20.0609,20
1,2140,p1,1090,6.434e-05,19.952,20
1,3300,p1,140,1.84788e-05,-5.14056,100
1,3301,p1,125,1.78954e-05,-5.23875,100
1,3302,p1,107,1.78461e-05,-4.93002,100
1,3303,p1,166,1.9306e-05,-5.27796,100
1,3304,p1,124,2.04614e-05,-5.18458,100
1,3305,p1,139,1.62556e-05,-4.73602,100
1,3306,p1,122,1.77452e-05,-4.93118,100
1,3307,p1,160,1.66781e-05,-4.86265,100
1,3308,p1,157,1.71232e-05,-5.24765,100
1,3309,p1,96,1.80827e-05,-4.83699,100
1,3310,p1,128,1.80722e-05,-5.093,100
1,3311,p1,159,1.75772e-05,-5.0986,100
1,3312,p1,145,1.97258e-05,-5.081,100
1,3313,p1,146,2.18491e-05,-4.92485,100
1,3314,p1,145,2.0843e-05,-5.01669,100
1,3315,p1,160,2.01945e-05,-4.78568,100
1,1082,p1,1264,5.8243e-05,9.98196,10
1,1083,p1,1309,5.82378e-05,9.9946,10
1,3316,p1,115,2.03346e-05,-5.0005,100
1,3317,p1,132,2.1508e-05,-4.97651,100
1,3318,p1,159,2.21036e-05,-4.84715,100
1,3319,p1,161,2.13103e-05,-4.64135,100
1,3320,p1,139,1.97454e-05,-4.86608,100
1,3321,p1,169,2.08154e-05,-5.00699,100
1,3322,p1,134,2.01292e-05,-4.80867,100
1,3323,p1,121,1.9428e-05,-5.12123,100
1,3324,p1,171,2.05395e-05,-5.27473,100
1,3325,p1,109,2.03485e-05,-5.12359,100
1,3326,p1,141,2.01904e-05,-5.34979,100
1,3327,p1,106,2.0676e-05,-5.45399,100
1,3328,p1,125,2.01872e-05,-5.43913,100
1,3329,p1,200,2.12494e-05,-5.58579,100
1,3330,p1,101,1.96045e-05,-5.46102,100
1,3331,p1,124,1.90966e-05,-5.54887,100
1,3332,p1,175,1.97525e-05,-5.4819,100
1,3333,p1,179,2.17055e-05,-5.3293,100
1,3334,p1,107,2.10826e-05,-5.50101,100
1,3163,p1,123,7.62473e-05,12.3336,50
1,3164,p1,121,6.70989e-05,12.6382,50
1,3165,p1,147,7.39629e-05,12.8186,50
1,3166,p1,129,8.29121e-05,12.6396,50
1,3167,p1,115,6.59592e-05,12.7388,50
1,3168,p1,151,6.1417e-05,13.2883,50
1,3169,p1,165,6.0717e-05,13.4061,50
1,3170,p1,111,6.68542e-05,13.7018,50
1,3171,p1,116,5.49339e-05,13.5459,50
1,3172,p1,182,5.63786e-05,13.7095,50
1,3173,p1,136,5.39833e-05,13.1865,50
1,3174,p1,161,4.84559e-05,13.2268,50
1,3175,p1,167,4.7118e-05,13.6226,50
1,3176,p1,114,4.77235e-05,13.2908,50
1,3177,p1,150,3.94671e-05,13.3886,50
1,3178,p1,180,3.50772e-05,13.592,50
1,3335,p1,120,1.90753e-05,-5.62276,100
1,3336,p1,179,1.86826e-05,-5.70535,100
1,3337,p1,115,1.8738e-05,-5.78194,100
1,3338,p1,143,1.85386e-05,-5.96652,100
1,3339,p1,129,1.92714e-05,-6.09009,100
1,3340,p1,181,1.94268e-05,-5.77764,100
1,3341,p1,128,2.17084e-05,-5.81068,100
1,3342,p1,113,2.22187e-05,-5.55362,100
1,3343,p1,189,2.38934e-05,-5.48032,100
1,3344,p1,129,2.18689e-05,-5.68444,100
1,3345,p1,130,2.17376e-05,-5.72951,100
1,3346,p1,178,2.31595e-05,-5.8326,100
1,3347,p1,91,2.03152e-05,-5.85614,100
1,3348,p1,109,1.77489e-05,-6.0744,100
1,3349,p1,131,1.70998e-05,-6.04544,100
1,3350,p1,186,1.86543e-05,-6.21313,100
1,3351,p1,132,1.43231e-05,-6.37,100
1,3352,p1,166,1.70596e-05,-6.10543,100
1,3353,p1,111,1.65287e-05,-6.31213,100
1,3354,p1,141,1.51828e-05,-6.39396,100
1,3355,p1,166,2.0335e-05,-6.24564,100
1,3356,p1,154,1.81316e-05,-6.37837,100
1,1084,p1,1388,5.79568e-05,10.0076,10
1,3179,p1,126,4.40127e-05,13.3509,50
1,3180,p1,179,4.2678e-05,12.8257,50
1,3181,p1,172,6.52155e-05,12.8738,50
1,3182,p1,152,5.64764e-05,12.79,50
1,3183,p1,132,4.38108e-05,12.8323,50
1,3184,p1,156,4.41313e-05,12.9082,50
1,3185,p1,155,5.67844e-05,12.6789,50
1,2141,p1,1151,6.34231e-05,19.8771,20
1,2142,p1,1101,6.49807e-05,19.9477,20
1,3186,p1,129,3.67847e-05,13.1217,50
1,3187,p1,144,4.58389e-05,12.7823,50
1,3188,p1,99,4.27069e-05,12.7677,50
1,3189,p1,141,3.69861e-05,12.8963,50
1,3190,p1,155,3.9657e-05,13.0265,50
1,3191,p1,115,4.40975e-05,13.0014,50
1,3192,p1,146,3.4821e-05,13.2253,50
1,3193,p1,129,2.86714e-05,13.4549,50
1,3194,p1,161,3.34227e-05,13.4019,50
1,3195,p1,128,3.25845e-05,13.2724,50
1,3196,p1,125,3.58915e-05,13.267,50
1,3197,p1,157,3.13704e-05,13.4044,50
1,3198,p1,121,3.79858e-05,13.2005,50
1,3199,p1,144,3.86656e-05,13.4476,50
1,3357,p1,101,1.76115e-05,-6.35261,100
1,3358,p1,150,1.7484e-05,-6.4499,100
1,3359,p1,190,2.1246e-05,-6.00959,100
1,3700,p1,138,4.46503e-05,-1.14319,30
1,3701,p1,135,4.5392e-05,-1.07214,30
1,3702,p1,116,4.21626e-05,-0.657582,30
1,3703,p1,175,4.20945e-05,-0.600638,30
1,3704,p1,146,4.22335e-05,-0.380865,30
1,3705,p1,107,4.03498e-05,-0.225699,30
1,3706,p1,139,4.30658e-05,-0.239219,30
1,3707,p1,169,4.35352e-05,-1.04212,30
1,3708,p1,189,4.36206e-05,-0.582474,30
1,3709,p1,150,4.24907e-05,-0.96426,30
1,3710,p1,129,4.34559e-05,-0.85886,30
1,3711,p1,156,4.45264e-05,-1.14723,30
1,3360,p1,144,2.34035e-05,-5.93501,100
1,3712,p1,134,4.37244e-05,-1.80267,30
1,3713,p1,153,4.62811e-05,-1.22017,30
1,3361,p1,146,2.51722e-05,-5.54693,100
1,3714,p1,105,4.64785e-05,-1.46961,30
1,3715,p1,108,4.56511e-05,-1.25193,30
1,3716,p1,168,4.69673e-05,-0.636463,30
1,3717,p1,129,5.01698e-05,-1.49437,30
1,3718,p1,165,4.74786e-05,-1.66021,30
1,3719,p1,131,4.54787e-05,-3.37874,30
1,3720,p1,135,4.62691e-05,-2.95622,30
1,3721,p1,120,4.85823e-05,-2.49083,30
1,3362,p1,98,2.34751e-05,-5.74374,100
1,3363,p1,108,2.52911e-05,-5.78657,100
1,3364,p1,168,2.51924e-05,-5.82647,100
1,3365,p1,205,2.5803e-05,-5.61548,100
1,3722,p1,174,4.79632e-05,-2.95754,30
1,3366,p1,104,2.37246e-05,-5.36459,100
1,3367,p1,132,2.36421e-05,-5.40657,100
1,3723,p1,99,4.76839e-05,-2.48037,30
1,3368,p1,125,2.58432e-05,-5.29513,100
1,3724,p1,168,4.93624e-05,-2.19362,30
1,3725,p1,136,4.85889e-05,-3.2085,30
1,3726,p1,105,4.72639e-05,-3.24242,30
1,3727,p1,131,5.00906e-05,-2.44747,30
1,3728,p1,144,4.93632e-05,-3.05781,30
1,3729,p1,129,5.06517e-05,-3.54872,30
1,3730,p1,117,4.82424e-05,-2.9677,30
1,3731,p1,123,4.71849e-05,-3.47355,30
1,3732,p1,120,4.64236e-05,-3.61371,30
1,3733,p1,150,4.2554e-05,-4.53499,30
1,3734,p1,160,4.44088e-05,-4.2284,30
1,3735,p1,82,4.87381e-05,-3.64164,30
1,3736,p1,145,4.88911e-05,-4.20603,30
1,3737,p1,112,4.52734e-05,-3.92277,30
1,3738,p1,104,5.12773e-05,-3.13131,30
1,1085,p1,1246,5.965e-05,10.0059,10
1,3369,p1,145,2.47405e-05,-5.14673,100
1,3370,p1,124,2.89653e-05,-4.9032,100
1,3371,p1,168,2.82377e-05,-5.05623,100
1,3372,p1,78,3.03501e-05,-4.70953,100
1,3373,p1,129,2.92603e-05,-4.92321,100
1,3374,p1,228,2.92003e-05,-4.70925,100
1,3375,p1,128,2.95047e-05,-5.0487,100
1,3376,p1,110,2.96293e-05,-5.07658,100
1,3377,p1,138,3.14301e-05,-4.69911,100
1,2143,p1,1018,6.18994e-05,19.9539,20
1,3378,p1,152,3.07116e-05,-4.33719,100
1,3379,p1,145,2.88887e-05,-4.22559,100
1,3380,p1,163,3.21388e-05,-4.46995,100
1,3381,p1,109,3.05946e-05,-4.50599,100
1,3382,p1,121,2.98122e-05,-4.51174,100
1,3383,p1,151,3.17804e-05,-4.49524,100
1,2144,p1,1092,6.21629e-05,19.9956,20
1,3384,p1,124,3.18578e-05,-4.97672,100
1,3385,p1,144,3.23023e-05,-4.85309,100
1,3386,p1,138,2.99399e-05,-4.8492,100
1,3739,p1,144,5.20088e-05,-3.2184,30
1,3740,p1,169,4.98372e-05,-3.62676,30
1,3741,p1,162,4.52804e-05,-4.11683,30
1,3387,p1,117,2.69516e-05,-4.86404,100
1,3388,p1,142,2.87713e-05,-5.14543,100
1,3389,p1,142,2.90106e-05,-5.23472,100
1,3390,p1,158,2.74173e-05,-5.38995,100
1,3742,p1,114,4.62388e-05,-3.27104,30
1,3743,p1,136,4.72659e-05,-3.26701,30
1,3744,p1,139,4.71161e-05,-3.77386,30
1,3745,p1,151,4.78244e-05,-3.87402,30
1,3746,p1,120,4.75969e-05,-3.65254,30
1,3747,p1,127,4.74468e-05,-3.54637,30
1,3748,p1,124,4.31416e-05,-3.70411,30
1,3749,p1,118,4.27636e-05,-4.26215,30
1,3750,p1,132,4.60388e-05,-3.80876,30
1,3751,p1,132,4.31913e-05,-4.25901,30
1,3752,p1,162,4.11582e-05,-4.57595,30
1,3753,p1,125,4.10144e-05,-4.13531,30
1,3754,p1,117,4.12853e-05,-3.94277,30
1,3755,p1,118,4.16701e-05,-4.28029,30
1,3391,p1,134,2.89109e-05,-5.82376,100
1,3392,p1,128,3.08932e-05,-5.46959,100
1,3393,p1,143,2.90846e-05,-5.81635,100
1,3394,p1,185,2.99527e-05,-5.92429,100
1,3395,p1,136,2.61348e-05,-6.30377,100
1,3396,p1,146,2.79159e-05,-5.88579,100
1,3397,p1,119,2.94778e-05,-5.90412,100
1,3398,p1,118,3.02596e-05,-5.81655,100
1,3399,p1,118,2.87902e-05,-6.09525,100
1,1086,p1,1237,5.87205e-05,10.0292,10
1,3756,p1,141,4.01703e-05,-4.36551,30
1,3757,p1,117,3.62357e-05,-5.03495,30
1,3758,p1,137,4.16144e-05,-4.66551,30
1,3759,p1,166,3.7371e-05,-4.85607,30
1,3760,p1,148,3.40591e-05,-5.50398,30
1,3761,p1,124,3.40544e-05,-5.47601,30
1,3762,p1,120,3.91934e-05,-4.99937,30
1,3763,p1,135,4.10952e-05,-4.80018,30
1,3764,p1,133,3.74332e-05,-4.9929,30
1,3765,p1,143,3.46763e-05,-5.2382,30
1,3766,p1,169,3.47458e-05,-5.07787,30
1,3767,p1,131,3.52037e-05,-4.99024,30
1,3768,p1,100,3.37185e-05,-5.28759,30
1,3769,p1,175,3.68411e-05,-4.69741,30
1,3770,p1,179,3.71483e-05,-4.64282,30
1,3771,p1,132,3.84914e-05,-4.60732,30
1,2145,p1,1074,6.15073e-05,20.0042,20
1,1087,p1,1310,5.89133e-05,9.99537,10
1,1088,p1,1313,6.06288e-05,9.99645,10
1,2146,p1,1045,6.10328e-05,20.0609,20
1,3772,p1,172,3.80572e-05,-4.53142,30
1,3773,p1,155,3.97401e-05,-4.58971,30
1,3774,p1,132,4.08485e-05,-4.36559,30
1,3775,p1,113,3.98379e-05,-4.8257,30
1,3776,p1,107,3.61984e-05,-5.45561,30
1,3777,p1,181,3.88163e-05,-4.80396,30
1,3778,p1,131,3.60358e-05,-4.84904,30
1,3779,p1,106,3.60716e-05,-5.27896,30
1,3780,p1,156,3.91771e-05,-4.538,30
1,3781,p1,162,3.78757e-05,-4.47707,30
1,3782,p1,193,3.93039e-05,-4.51348,30
1,2147,p1,1122,6.33395e-05,19.9407,20
1,1089,p1,1310,6.05627e-05,9.98113,10
1,3783,p1,148,3.87626e-05,-4.827,30
1,3784,p1,121,4.12482e-05,-4.3402,30
1,3785,p1,122,4.08103e-05,-4.57328,30
1,3786,p1,94,4.03231e-05,-4.28662,30
1,3787,p1,154,3.90622e-05,-4.68421,30
1,3788,p1,119,3.84334e-05,-4.77375,30
1,3789,p1,128,3.83282e-05,-4.44635,30
1,3790,p1,154,3.79307e-05,-4.4451,30
1,3791,p1,161,4.00899e-05,-3.88698,30
1,3792,p1,140,3.99518e-05,-3.55759,30
1,3793,p1,136,3.96302e-05,-3.93202,30
1,1090,p1,1330,6.03751e-05,10.0029,10
1,3794,p1,142,3.95618e-05,-3.89614,30
1,3795,p1,128,3.58514e-05,-4.64654,30
1,3796,p1,175,4.14643e-05,-3.76931,30
1,3797,p1,124,3.91988e-05,-4.24105,30
1,1091,p1,1401,5.99854e-05,10.0121,10
1,3798,p1,140,3.49056e-05,-4.82719,30
1,3799,p1,171,2.97777e-05,-5.45886,30
1,2148,p1,1158,6.47478e-05,19.9385,20
1,2149,p1,1084,6.52982e-05,19.9384,20
1,1092,p1,1339,6.15692e-05,9.95522,10
1,1093,p1,1315,6.11547e-05,9.96665,10
1,1094,p1,1269,6.17334e-05,9.98253,10
1,1095,p1,1227,6.12476e-05,9.96908,10
1,1096,p1,1382,6.05712e-05,9.98339,10
1,1097,p1,1306,5.82455e-05,9.99862,10
1,1098,p1,1282,5.91577e-05,9.99622,10
1,1099,p1,1416,5.83765e-05,10.0141,10
1,3800,p1,136,3.55696e-05,-4.70969,30
1,2150,p1,1132,6.30731e-05,19.9987,20
1,3801,p1,114,3.45995e-05,-4.79668,30
1,3802,p1,152,3.501e-05,-4.65306,30
1,3803,p1,163,4.06517e-05,-3.82994,30
1,3804,p1,90,3.43957e-05,-5.0099,30
1,3805,p1,145,3.82592e-05,-4.38724,30
1,3806,p1,139,3.58923e-05,-4.94893,30
1,3807,p1,80,4.21266e-05,-3.90411,30
1,3808,p1,127,4.13333e-05,-3.99642,30
1,3809,p1,143,3.70106e-05,-4.88645,30
1,3810,p1,148,4.209e-05,-4.45696,30
1,3811,p1,138,4.21941e-05,-3.91089,30
1,3812,p1,132,4.28765e-05,-4.51505,30
1,3813,p1,150,4.19324e-05,-4.25783,30
1,3814,p1,186,3.94654e-05,-4.74254,30
1,3815,p1,116,4.09018e-05,-4.30293,30
1,2151,p1,1072,6.51167e-05,19.9537,20
1,3816,p1,149,3.31631e-05,-5.30283,30
1,3817,p1,153,3.55543e-05,-5.23829,30
1,2152,p1,972,6.38534e-05,19.9628,20
1,3818,p1,122,3.75779e-05,-4.76901,30
1,3819,p1,119,3.6997e-05,-4.84037,30
1,3820,p1,165,3.24889e-05,-5.63751,30
1,3821,p1,142,3.62088e-05,-5.0215,30
1,3822,p1,123,3.90988e-05,-4.53229,30
1,3823,p1,103,3.81558e-05,-4.7762,30
1,3824,p1,182,3.51375e-05,-5.27666,30
1,3825,p1,177,3.72608e-05,-5.04923,30
1,3826,p1,66,3.57094e-05,-5.2135,30
1,3827,p1,114,4.03701e-05,-4.72224,30
1,3828,p1,122,3.80271e-05,-5.14482,30
1,3829,p1,174,3.55465e-05,-5.22415,30
1,3830,p1,152,4.01437e-05,-4.64379,30
1,3831,p1,135,4.01866e-05,-4.38075,30
1,3832,p1,126,3.92558e-05,-4.95835,30
1,3833,p1,122,4.29669e-05,-4.07597,30
1,3834,p1,121,4.23513e-05,-3.79049,30
1,3835,p1,102,4.05469e-05,-4.52727,30
1,2153,p1,1183,6.30417e-05,19.9339,20
1,3836,p1,188,4.38653e-05,-4.24432,30
1,3837,p1,150,4.69722e-05,-3.41202,30
1,3838,p1,165,4.35668e-05,-5.02345,30
1,3839,p1,124,4.17553e-05,-5.24751,30
1,3840,p1,157,4.12266e-05,-5.31606,30
1,3841,p1,192,3.8162e-05,-5.75635,30
1,3842,p1,123,4.10209e-05,-5.2174,30
1,3843,p1,149,3.48563e-05,-6.32283,30
1,3844,p1,117,3.52586e-05,-6.42183,30
1,3845,p1,131,3.96122e-05,-5.63194,30
1,3846,p1,194,3.35353e-05,-6.54846,30
1,3847,p1,145,3.72383e-05,-6.3984,30
1,3848,p1,103,3.99665e-05,-6.55041,30
1,3849,p1,143,3.99836e-05,-6.3662,30
1,3850,p1,134,4.11186e-05,-6.12574,30
1,3851,p1,132,4.01983e-05,-6.02045,30
1,3852,p1,154,3.72656e-05,-6.85267,30
1,3853,p1,134,3.91265e-05,-6.45821,30
1,3854,p1,144,2.84626e-05,-7.02023,30
1,3855,p1,125,2.60278e-05,-7.26134,30
1,3856,p1,115,2.75425e-05,-7.26877,30
1,3857,p1,151,3.33988e-05,-6.51595,30
1,3858,p1,131,3.16401e-05,-6.71445,30
1,3859,p1,154,2.73368e-05,-7.48986,30
1,1100,p1,1272,5.77599e-05,10.0162,10
1,3860,p1,139,3.96188e-05,-6.26312,30
1,3861,p1,106,3.51193e-05,-5.94309,30
1,3862,p1,145,3.98426e-05,-6.44151,30
1,3863,p1,161,3.42558e-05,-7.16508,30
1,3864,p1,152,3.56722e-05,-6.98471,30
1,3865,p1,159,3.84245e-05,-6.7216,30
1,3866,p1,173,3.33394e-05,-7.50408,30
1,3867,p1,114,2.62377e-05,-7.39081,30
1,3868,p1,145,2.87015e-05,-7.83732,30
1,3869,p1,155,3.4297e-05,-7.17612,30
1,3870,p1,180,3.3713e-05,-7.42331,30
1,3871,p1,84,3.23838e-05,-7.39355,30
1,3872,p1,127,4.13318e-05,-6.96993,30
1,1101,p1,1249,5.83482e-05,9.97893,10
1,3873,p1,158,4.65136e-05,-6.66265,30
1,3874,p1,134,3.21606e-05,-7.6303,30
1,3875,p1,129,4.30683e-05,-7.67184,30
1,3876,p1,142,4.71886e-05,-7.32324,30
1,3877,p1,98,3.93211e-05,-7.801,30
1,3878,p1,153,4.37868e-05,-7.16516,30
1,3879,p1,114,4.66597e-05,-7.18896,30
1,3880,p1,178,4.27372e-05,-7.64289,30
1,3881,p1,133,3.99551e-05,-7.45455,30
1,3882,p1,139,4.10137e-05,-7.75683,30
1,3883,p1,175,3.81688e-05,-7.80024,30
1,3884,p1,103,4.09223e-05,-7.78122,30
1,3885,p1,117,4.75184e-05,-7.7715,30
1,3886,p1,110,4.29e-05,-7.70487,30
1,3887,p1,151,4.13293e-05,-7.7809,30
1,3888,p1,89,4.85008e-05,-8.39986,30
1,3889,p1,134,4.52796e-05,-7.84045,30
1,3890,p1,177,5.22833e-05,-6.9678,30
1,3891,p1,137,4.7323e-05,-6.96698,30
1,3892,p1,111,5.21402e-05,-6.89373,30
1,3893,p1,155,5.35376e-05,-6.16558,30
1,3894,p1,136,5.75108e-05,-6.76657,30
1,3895,p1,145,5.97715e-05,-5.97399,30
1,3896,p1,129,5.74551e-05,-6.14016,30
1,3897,p1,139,6.61871e-05,-5.43681,30
1,3898,p1,95,5.4933e-05,-6.32329,30
1,3899,p1,145,6.21436e-05,-6.02881,30
1,1102,p1,1304,5.6785e-05,9.99749,10
1,1103,p1,1388,5.72718e-05,9.98216,10
1,1104,p1,1277,5.80312e-05,9.99817,10
1,2154,p1,1121,6.52806e-05,19.9559,20
1,2155,p1,987,6.06413e-05,20.0086,20
1,3200,p1,107,3.44414e-05,13.8583,50
1,3201,p1,156,3.48231e-05,13.7766,50
1,3202,p1,162,3.68326e-05,13.2972,50
1,3203,p1,100,3.7254e-05,13.4731,50
1,3204,p1,130,3.90435e-05,13.4229,50
1,3205,p1,173,3.46249e-05,13.7865,50
1,3206,p1,145,4.07717e-05,13.0468,50
1,3207,p1,122,4.28259e-05,13.0337,50
1,3208,p1,110,4.29694e-05,12.586,50
1,3209,p1,143,3.90721e-05,13.0298,50
1,1105,p1,1277,5.69265e-05,9.98648,10
1,2156,p1,1059,6.02986e-05,20.0684,20
1,2157,p1,1148,5.95899e-05,20.0028,20
1,3210,p1,178,3.97098e-05,13.4037,50
1,3211,p1,138,4.33924e-05,12.9419,50
1,3212,p1,116,4.35635e-05,12.6411,50
1,3213,p1,136,4.35624e-05,12.9203,50
1,3214,p1,167,4.04149e-05,13.3261,50
1,3215,p1,115,4.32756e-05,12.7689,50
1,3216,p1,124,3.9018e-05,13.2998,50
1,3217,p1,169,4.26032e-05,13.0179,50
1,3218,p1,160,4.30438e-05,13.1162,50
1,3219,p1,136,4.45721e-05,12.5743,50
1,2158,p1,1118,6.30308e-05,19.9528,20
1,2159,p1,1106,5.82013e-05,19.9656,20
1,2160,p1,1073,5.74608e-05,19.9803,20
1,2161,p1,1177,5.72943e-05,20.036,20
1,2162,p1,1036,5.71125e-05,19.9237,20
1,1106,p1,1419,5.85584e-05,9.97319,10
1,2163,p1,1119,5.6553e-05,20.0473,20
1,1107,p1,1250,5.78807e-05,9.99523,10
1,3220,p1,136,4.58505e-05,12.4901,50
1,3221,p1,137,3.939e-05,13.1703,50
1,3222,p1,123,3.9065e-05,12.829,50
1,3223,p1,204,3.95611e-05,12.9432,50
1,3224,p1,150,4.28376e-05,12.8385,50
1,3225,p1,111,4.02208e-05,12.9889,50
1,3226,p1,118,4.34204e-05,12.547,50
1,3227,p1,156,4.57006e-05,12.3045,50
1,1108,p1,1302,5.83385e-05,10.0182,10
1,2164,p1,1262,5.60526e-05,19.9835,20
1,2165,p1,1018,5.5524e-05,19.9715,20
1,2166,p1,1168,5.75197e-05,19.9916,20
1,2167,p1,1046,5.71116e-05,20.0937,20
1,2168,p1,1158,5.71275e-05,20.0435,20
1,2169,p1,1185,5.83362e-05,20.0103,20
1,3228,p1,179,4.71613e-05,12.1055,50
1,2170,p1,1051,6.08841e-05,19.9589,20
1,3229,p1,80,4.56695e-05,12.3413,50
1,3230,p1,155,4.69409e-05,12.3544,50
1,3231,p1,184,4.40172e-05,12.5375,50
1,3232,p1,155,4.33569e-05,12.018,50
1,3233,p1,141,4.46343e-05,12.0239,50
1,3234,p1,133,4.40087e-05,12.4075,50
1,3235,p1,182,4.45924e-05,12.0066,50
1,3236,p1,133,4.79558e-05,12.3732,50
1,2171,p1,1168,5.66121e-05,20.0457,20
1,2172,p1,1028,5.50627e-05,20.0659,20
1,2173,p1,1279,5.59555e-05,19.9273,20
1,2174,p1,1164,5.72082e-05,20.0762,20
1,3400,p1,148,3.12934e-05,-6.31569,100
1,3401,p1,142,3.33022e-05,-5.95745,100
1,3402,p1,134,3.42153e-05,-5.99878,100
1,3403,p1,112,2.99605e-05,-5.93802,100
1,3404,p1,172,2.93742e-05,-6.01777,100
1,3405,p1,160,2.87967e-05,-5.85601,100
1,3406,p1,124,3.13589e-05,-5.46598,100
1,3407,p1,124,2.90592e-05,-5.87788,100
1,3408,p1,165,2.79989e-05,-5.91756,100
1,3409,p1,109,2.73218e-05,-5.91156,100
1,3410,p1,125,2.77206e-05,-5.42553,100
1,2175,p1,1056,5.53524e-05,19.9832,20
1,3411,p1,160,2.49221e-05,-5.91154,100
1,3412,p1,120,2.59663e-05,-6.20832,100
1,3413,p1,162,2.60747e-05,-6.26141,100
1,2176,p1,968,5.84348e-05,20.0098,20
1,2177,p1,1255,5.76531e-05,20.0245,20
1,2178,p1,1074,5.7414e-05,19.9228,20
1,2179,p1,1038,5.51383e-05,20.0104,20
1,3414,p1,129,2.25308e-05,-5.96506,100
1,3415,p1,105,2.26816e-05,-5.66721,100
1,3416,p1,170,2.34851e-05,-5.44228,100
1,3417,p1,103,2.62032e-05,-5.53901,100
1,3418,p1,136,2.8993e-05,-5.42068,100
1,3419,p1,156,2.87597e-05,-5.85093,100
1,3420,p1,135,2.95893e-05,-5.43667,100
1,3421,p1,140,2.84189e-05,-5.39371,100
1,3422,p1,111,2.96425e-05,-5.19152,100
1,3423,p1,114,2.9661e-05,-5.19225,100
1,3424,p1,141,3.03461e-05,-4.66357,100
1,3425,p1,150,2.86533e-05,-4.93687,100
1,3426,p1,141,2.59889e-05,-5.01585,100
1,3427,p1,159,3.03582e-05,-5.38945,100
1,3428,p1,139,2.83081e-05,-5.12614,100
1,3429,p1,181,2.81722e-05,-5.27199,100
1,3430,p1,72,2.39554e-05,-5.29442,100
1,3431,p1,109,2.42164e-05,-5.33278,100
1,3432,p1,169,2.63888e-05,-5.27136,100
1,3433,p1,125,2.76634e-05,-5.28551,100
1,3434,p1,132,2.64162e-05,-5.42302,100
1,3435,p1,127,2.62862e-05,-4.88449,100
1,3436,p1,138,2.80067e-05,-4.66127,100
1,3437,p1,153,2.89034e-05,-4.87046,100
1,3438,p1,130,2.28198e-05,-4.89783,100
1,3439,p1,131,3.11112e-05,-4.74979,100
1,3440,p1,155,3.21898e-05,-4.88171,100
1,3441,p1,166,3.32766e-05,-5.46601,100
1,3442,p1,183,3.63534e-05,-4.80145,100
1,3443,p1,137,3.27703e-05,-4.90156,100
1,3444,p1,111,3.61513e-05,-4.45202,100
1,3445,p1,159,3.62972e-05,-4.75535,100
1,3446,p1,128,3.85159e-05,-4.04034,100
1,3447,p1,99,3.56999e-05,-4.42838,100
1,3448,p1,159,3.71842e-05,-4.75887,100
1,2180,p1,1072,5.70531e-05,20.0335,20
1,2181,p1,1160,5.58585e-05,19.9261,20
1,2182,p1,1078,5.26172e-05,20.0539,20
1,3449,p1,135,4.10082e-05,-4.15776,100
1,3450,p1,97,4.36571e-05,-4.21591,100
1,3451,p1,208,4.4165e-05,-4.77619,100
1,3452,p1,72,4.02932e-05,-5.11515,100
1,3453,p1,83,4.14763e-05,-5.06585,100
1,3454,p1,152,3.93733e-05,-5.05312,100
1,3455,p1,171,3.69067e-05,-5.41088,100
1,3456,p1,89,4.08616e-05,-5.25969,100
1,3457,p1,132,4.04672e-05,-5.35629,100
1,3458,p1,136,3.94675e-05,-5.05802,100
1,3459,p1,136,4.02046e-05,-5.16102,100
1,3460,p1,119,4.13894e-05,-4.71796,100
1,3237,p1,178,4.59994e-05,11.7117,50
1,3238,p1,113,5.07342e-05,11.7372,50
1,3239,p1,125,4.75069e-05,12.0812,50
1,3240,p1,144,4.73194e-05,11.6478,50
1,3241,p1,165,5.07392e-05,11.702,50
1,2183,p1,1065,5.30363e-05,20.0023,20
1,3242,p1,111,5.40013e-05,11.7941,50
1,3243,p1,160,5.46816e-05,11.5681,50
1,3244,p1,138,5.70395e-05,11.2907,50
1,3245,p1,157,5.92977e-05,11.0646,50
1,3246,p1,112,5.60794e-05,10.8343,50
1,3247,p1,166,5.8861e-05,10.5663,50
1,2184,p1,1064,5.46961e-05,20.0587,20
1,2185,p1,1116,5.6125e-05,20.0281,20
1,3461,p1,127,4.00592e-05,-4.63169,100
1,3462,p1,135,4.22464e-05,-4.19289,100
1,3463,p1,128,4.32559e-05,-4.15898,100
1,3464,p1,120,4.11587e-05,-3.70844,100
1,3465,p1,127,3.67475e-05,-4.60302,100
1,3466,p1,114,4.33356e-05,-3.89839,100
1,3467,p1,153,4.56256e-05,-3.54488,100
1,3468,p1,95,4.48421e-05,-4.12443,100
1,3469,p1,152,4.51939e-05,-3.93015,100
1,3470,p1,121,4.29059e-05,-4.02198,100
1,3471,p1,134,4.41994e-05,-3.79387,100
1,3472,p1,95,4.20798e-05,-4.46601,100
1,3473,p1,163,4.23891e-05,-4.09759,100
1,3474,p1,116,4.81978e-05,-3.35568,100
1,3475,p1,109,4.65003e-05,-3.68353,100
1,3476,p1,146,4.36149e-05,-3.33619,100
1,3477,p1,112,4.30417e-05,-3.47122,100
1,3478,p1,119,4.55434e-05,-3.13158,100
1,3479,p1,156,4.63096e-05,-3.19761,100
1,3480,p1,117,4.57309e-05,-2.76256,100
1,3481,p1,108,4.6442e-05,-2.82013,100
1,3482,p1,201,4.60632e-05,-2.44802,100
1,3483,p1,90,4.59821e-05,-3.07794,100
1,2186,p1,1112,5.4924e-05,19.9933,20
1,2187,p1,1125,5.60515e-05,20.0282,20
1,1109,p1,1349,5.7804e-05,10.0108,10
1,2188,p1,1089,5.47499e-05,19.8929,20
1,3484,p1,141,4.6057e-05,-3.19504,100
1,3485,p1,78,4.44724e-05,-3.08152,100
1,3486,p1,159,4.4713e-05,-3.05396,100
1,3487,p1,139,4.68187e-05,-3.35803,100
1,3488,p1,109,4.60361e-05,-3.12792,100
1,3489,p1,150,4.67402e-05,-2.68722,100
1,3490,p1,182,4.62218e-05,-2.53727,100
1,3491,p1,116,4.6956e-05,-2.14822,100
1,3492,p1,145,4.73125e-05,-1.69301,100
1,3493,p1,185,4.72333e-05,-2.16136,100
1,3494,p1,152,4.79017e-05,-3.0247,100
1,3495,p1,84,4.48122e-05,-3.29898,100
1,3496,p1,150,4.572e-05,-3.41257,100
1,3497,p1,112,4.9031e-05,-2.82915,100
1,3498,p1,115,4.79592e-05,-2.97831,100
1,3499,p1,133,4.53044e-05,-2.8039,100
1,2189,p1,1153,5.48191e-05,19.9642,20
1,2190,p1,1147,5.58168e-05,20.0995,20
1,2191,p1,1092,5.73173e-05,20.0344,20
1,2192,p1,1146,5.49214e-05,20.1018,20
1,2193,p1,1062,5.81407e-05,20.0519,20
1,2194,p1,1081,5.79855e-05,19.8938,20
1,2195,p1,1121,5.46514e-05,20.0084,20
1,2196,p1,1089,5.60363e-05,20.01,20
1,2197,p1,1147,5.44897e-05,19.8825,20
1,2198,p1,1141,5.32636e-05,19.9706,20
1,3248,p1,173,6.1837e-05,10.0467,50
1,2199,p1,1118,5.60406e-05,19.9493,20
1,3249,p1,166,6.26125e-05,10.3601,50
1,1110,p1,1316,5.92789e-05,10.0233,10
1,1111,p1,1201,5.81293e-05,10.0078,10
1,1112,p1,1423,5.83824e-05,10.0198,10
1,3500,p1,147,4.48859e-05,-3.01839,100
1,3501,p1,138,4.4325e-05,-2.49849,100
1,3502,p1,108,4.66847e-05,-3.20758,100
1,3503,p1,124,4.79367e-05,-3.10823,100
1,3504,p1,111,4.73346e-05,-3.30224,100
1,3505,p1,125,4.86115e-05,-2.67881,100
1,3506,p1,160,4.92875e-05,-3.06321,100
1,3507,p1,168,4.66966e-05,-3.43713,100
1,3508,p1,123,4.86285e-05,-3.15859,100
1,3509,p1,153,4.88084e-05,-2.81535,100
1,3510,p1,139,4.65618e-05,-2.99849,100
1,3511,p1,183,4.83668e-05,-3.1449,100
1,3512,p1,129,5.02539e-05,-2.33037,100
1,3513,p1,120,4.88292e-05,-1.98285,100
1,3514,p1,198,5.19184e-05,-2.04477,100
1,3515,p1,152,5.13918e-05,-1.88971,100
1,3516,p1,130,5.35556e-05,-1.30853,100
1,3517,p1,178,5.29337e-05,-1.68839,100
1,3518,p1,116,4.96607e-05,-1.85875,100
1,3519,p1,118,5.19409e-05,-1.35701,100
1,3520,p1,142,5.03509e-05,-1.18389,100
1,3521,p1,140,5.16992e-05,-1.2714,100
1,3522,p1,151,5.22635e-05,-1.58853,100
1,3523,p1,136,5.30644e-05,-1.15895,100
1,3524,p1,98,4.83127e-05,-2.71428,100
1,3525,p1,127,5.00617e-05,-2.67214,100
1,3526,p1,161,4.9377e-05,-2.76535,100
1,3527,p1,131,4.80531e-05,-2.37025,100
1,3528,p1,97,4.83675e-05,-2.01629,100
1,3529,p1,170,5.06483e-05,-1.87237,100
1,3530,p1,185,4.72707e-05,-1.69957,100
1,3531,p1,95,4.32338e-05,-2.33712,100
1,3532,p1,111,4.62807e-05,-2.16148,100
1,3533,p1,164,4.58353e-05,-2.08447,100
1,3534,p1,140,4.74801e-05,-1.0581,100
1,3535,p1,161,4.76243e-05,-1.10623,100
1,3536,p1,107,4.54939e-05,-0.800302,100
1,1113,p1,1436,5.83158e-05,10.0027,10
1,1114,p1,1179,5.7339e-05,10.0063,10
1,3900,p1,167,6.45358e-05,-5.65765,30
1,3537,p1,143,4.62854e-05,-0.595804,100
1,3538,p1,205,5.10564e-05,-0.589367,100
1,3539,p1,87,5.44616e-05,-0.208817,100
1,3540,p1,117,5.16787e-05,0.496566,100
1,3541,p1,156,5.36812e-05,-0.457941,100
1,3542,p1,127,5.32978e-05,-0.249013,100
1,3543,p1,99,5.13162e-05,0.209341,100
1,3544,p1,186,5.17706e-05,0.168249,100
1,3545,p1,150,5.33651e-05,-1.02647,100
1,3546,p1,127,5.8011e-05,-0.69644,100
1,3547,p1,116,5.69352e-05,0.0115029,100
1,3548,p1,159,5.71649e-05,0.371586,100
1,3549,p1,163,5.80214e-05,-0.102309,100
1,3550,p1,111,5.80683e-05,-0.528979,100
1,3901,p1,135,5.44549e-05,-6.18321,30
1,3551,p1,177,5.90451e-05,0.172312,100
1,3902,p1,93,5.84241e-05,-5.7484,30
1,3552,p1,160,6.31178e-05,0.0781588,100
1,3903,p1,133,6.024e-05,-5.87189,30
1,3553,p1,112,5.76997e-05,0.255716,100
1,3904,p1,178,6.4275e-05,-4.88965,30
1,3905,p1,113,6.21591e-05,-5.25984,30
1,3906,p1,114,6.24119e-05,-5.84605,30
1,3907,p1,162,5.6246e-05,-5.83776,30
1,3908,p1,129,5.51214e-05,-5.5453,30
1,3909,p1,149,5.61646e-05,-5.49297,30
1,3910,p1,155,5.46023e-05,-5.18816,30
1,3911,p1,127,4.94897e-05,-6.75916,30
1,3912,p1,125,5.88848e-05,-6.10336,30
1,3913,p1,132,5.58132e-05,-6.12217,30
1,3914,p1,148,5.63724e-05,-6.15983,30
1,3915,p1,178,5.28011e-05,-6.57136,30
1,1115,p1,1544,5.75441e-05,10.0047,10
1,3916,p1,123,6.45238e-05,-5.53315,30
1,3917,p1,139,5.89522e-05,-5.80448,30
1,3918,p1,130,6.02249e-05,-6.37103,30
1,3919,p1,145,4.98759e-05,-6.1159,30
1,3920,p1,99,4.70421e-05,-6.2638,30
1,3921,p1,166,5.57167e-05,-5.8006,30
1,3922,p1,142,5.46132e-05,-6.00022,30
1,3923,p1,141,5.28059e-05,-6.27962,30
1,3924,p1,143,4.95254e-05,-6.68213,30
1,3925,p1,126,4.78471e-05,-6.84819,30
1,3926,p1,122,4.36452e-05,-6.56913,30
1,3927,p1,145,5.22185e-05,-6.46515,30
1,2200,p1,1116,5.34915e-05,20.0369,20
1,2201,p1,1015,5.41091e-05,19.9859,20
1,2202,p1,1127,5.11753e-05,20.0662,20
1,3928,p1,164,5.03768e-05,-6.40179,30
1,3929,p1,102,4.38754e-05,-6.90655,30
1,3930,p1,129,3.90262e-05,-6.13735,30
1,3931,p1,201,3.61406e-05,-5.86919,30
1,3932,p1,125,4.3128e-05,-5.2771,30
1,3933,p1,121,4.63066e-05,-5.12613,30
1,3934,p1,147,5.28516e-05,-4.45382,30
1,3935,p1,123,4.34295e-05,-5.0501,30
1,3936,p1,125,4.6105e-05,-4.84184,30
1,3937,p1,120,5.67233e-05,-3.64674,30
1,1116,p1,1255,5.79573e-05,10.0013,10
1,2203,p1,1164,5.36585e-05,20.0424,20
1,2204,p1,1115,5.48167e-05,20.0106,20
1,3938,p1,160,5.54072e-05,-3.96347,30
1,3939,p1,93,5.38236e-05,-3.99748,30
1,3940,p1,136,5.21929e-05,-4.21329,30
1,3941,p1,199,5.52463e-05,-3.61305,30
1,3942,p1,117,4.95606e-05,-4.04684,30
1,3943,p1,118,4.64507e-05,-4.38975,30
1,3944,p1,151,4.84843e-05,-4.34566,30
1,3945,p1,124,4.24574e-05,-4.76362,30
1,3946,p1,144,4.43916e-05,-4.60566,30
1,3947,p1,149,3.92962e-05,-4.88956,30
1,3948,p1,141,2.5759e-05,-5.71344,30
1,1117,p1,1368,5.73218e-05,10.022,10
1,2205,p1,1111,5.42714e-05,19.9384,20
1,3949,p1,106,2.34879e-05,-5.76658,30
1,3554,p1,118,6.09965e-05,1.42151,100
1,3555,p1,156,6.23056e-05,0.822408,100
1,3556,p1,106,5.94068e-05,0.748411,100
1,3557,p1,161,6.40523e-05,0.772436,100
1,3558,p1,139,6.58387e-05,1.79316,100
1,3559,p1,151,6.63021e-05,1.35957,100
1,3560,p1,119,6.90915e-05,1.23655,100
1,3561,p1,134,6.83616e-05,1.52073,100
1,1118,p1,1319,5.82369e-05,10.0304,10
1,3562,p1,150,7.10464e-05,1.60086,100
1,3563,p1,111,6.92468e-05,1.16954,100
1,3564,p1,127,6.93152e-05,1.09037,100
1,3565,p1,122,7.18315e-05,1.44406,100
1,3566,p1,151,7.14403e-05,1.06211,100
1,3567,p1,111,6.95358e-05,0.684341,100
1,3568,p1,100,6.63775e-05,-0.00816635,100
1,3569,p1,163,6.87254e-05,0.683338,100
1,3570,p1,114,6.80863e-05,0.223082,100
1,3571,p1,114,6.61777e-05,0.0425363,100
1,2206,p1,1116,5.55138e-05,19.8071,20
1,3250,p1,126,6.45484e-05,10.2324,50
1,3251,p1,142,6.23817e-05,10.2119,50
1,3252,p1,153,6.46128e-05,9.37311,50
1,3253,p1,108,6.42468e-05,9.39784,50
1,3254,p1,118,6.80099e-05,9.57201,50
1,3255,p1,181,6.72005e-05,9.27645,50
1,3256,p1,102,6.29364e-05,9.19078,50
1,3257,p1,112,6.32211e-05,9.08163,50
1,3258,p1,132,6.34914e-05,8.77785,50
1,3259,p1,154,6.01183e-05,9.24817,50
1,3260,p1,145,5.88516e-05,9.48521,50
1,3261,p1,116,5.89399e-05,8.87675,50
1,3262,p1,151,5.50018e-05,8.54674,50
1,2207,p1,1048,5.21465e-05,19.9809,20
1,3263,p1,93,5.97427e-05,8.3232,50
1,3264,p1,119,5.74981e-05,8.68298,50
1,3265,p1,122,5.26532e-05,8.65747,50
1,3266,p1,152,5.50628e-05,8.61397,50
1,3267,p1,151,5.42974e-05,8.52744,50
1,3268,p1,95,5.14299e-05,8.8991,50
1,3269,p1,106,4.85182e-05,8.73012,50
1,3270,p1,151,4.48597e-05,8.53464,50
1,2208,p1,1101,5.40657e-05,19.911,20
1,3271,p1,87,4.31418e-05,8.52312,50
1,3272,p1,118,4.42861e-05,8.56946,50
1,3572,p1,127,6.76775e-05,0.657793,100
1,3573,p1,121,6.74841e-05,0.258089,100
1,3574,p1,130,6.56636e-05,0.390883,100
1,3575,p1,108,6.45876e-05,-0.2801,100
1,3576,p1,121,6.6685e-05,0.655111,100
1,3577,p1,121,6.46264e-05,0.259367,100
1,3578,p1,143,6.52462e-05,0.317551,100
1,3579,p1,134,7.13845e-05,0.998887,100
1,3580,p1,158,6.82515e-05,0.587014,100
1,3273,p1,115,4.40499e-05,8.0917,50
1,3274,p1,107,4.31784e-05,8.49268,50
1,3275,p1,142,3.58927e-05,8.47803,50
1,3276,p1,96,4.35183e-05,8.24769,50
1,3277,p1,112,4.70313e-05,8.18618,50
1,3278,p1,157,4.54755e-05,8.43697,50
1,3279,p1,171,4.10516e-05,8.26613,50
1,3280,p1,125,4.16022e-05,8.68334,50
1,3281,p1,88,2.90334e-05,8.32347,50
1,3282,p1,124,2.99226e-05,8.32759,50
1,3283,p1,146,2.80763e-05,8.18636,50
1,3284,p1,146,3.77669e-05,8.33743,50
1,1119,p1,1235,5.63768e-05,9.99499,10
1,1120,p1,1269,5.77151e-05,9.98343,10
1,2209,p1,1064,5.75455e-05,19.9127,20
1,3285,p1,125,3.3519e-05,8.33704,50
1,3286,p1,126,3.27658e-05,8.32528,50
1,3287,p1,126,3.24603e-05,8.52369,50
1,3288,p1,135,3.08639e-05,8.56664,50
1,3289,p1,161,3.49342e-05,8.34344,50
1,3290,p1,126,3.13287e-05,8.6251,50
1,3291,p1,134,3.18445e-05,8.43798,50
1,3292,p1,148,3.5249e-05,8.01904,50
1,3293,p1,120,3.94622e-05,8.49078,50
1,3294,p1,126,4.00554e-05,8.71781,50
1,3581,p1,163,6.4566e-05,-0.956258,100
1,3582,p1,118,6.59257e-05,0.499253,100
1,3583,p1,117,6.46143e-05,-0.530409,100
1,3584,p1,203,6.30179e-05,-0.896792,100
1,3585,p1,168,5.96062e-05,-1.62103,100
1,3586,p1,106,6.25605e-05,-0.617878,100
1,3587,p1,143,6.54553e-05,-0.0360538,100
1,3588,p1,153,6.74226e-05,-0.911304,100
1,3589,p1,133,6.84137e-05,-0.979226,100
1,3590,p1,142,7.27142e-05,0.233843,100
1,3591,p1,75,7.096e-05,-0.133846,100
1,3592,p1,100,7.4255e-05,-0.467722,100
1,3950,p1,119,2.70574e-05,-5.67777,30
1,3593,p1,187,7.36188e-05,0.132437,100
1,3951,p1,161,3.38266e-05,-5.54474,30
1,3594,p1,125,7.14973e-05,-1.0458,100
1,3952,p1,135,2.79366e-05,-5.85312,30
1,3595,p1,137,7.44768e-05,-0.941252,100
1,3596,p1,115,7.75769e-05,-0.769171,100
1,3597,p1,141,7.45906e-05,-0.791309,100
1,3953,p1,155,2.78591e-05,-5.71381,30
1,3954,p1,137,3.68898e-05,-5.18208,30
1,3955,p1,133,3.92037e-05,-5.05213,30
1,3956,p1,139,3.77628e-05,-4.94264,30
1,3957,p1,145,4.4659e-05,-4.52412,30
1,3958,p1,147,4.88428e-05,-4.39562,30
1,3598,p1,139,7.20969e-05,-1.20945,100
1,3599,p1,162,7.38409e-05,0.154267,100
1,3959,p1,120,4.9516e-05,-4.32597,30
1,3960,p1,119,4.82413e-05,-4.55359,30
1,3961,p1,139,4.96411e-05,-4.39781,30
1,3962,p1,109,4.67158e-05,-4.35077,30
1,3963,p1,119,4.54237e-05,-4.61572,30
1,3964,p1,146,4.04152e-05,-5.06458,30
1,3965,p1,112,3.91119e-05,-5.09593,30
1,3966,p1,108,4.40183e-05,-4.73297,30
1,3967,p1,159,4.47154e-05,-4.84782,30
1,3968,p1,124,4.16828e-05,-4.99248,30
1,3969,p1,124,4.46208e-05,-4.91657,30
1,3970,p1,125,5.00112e-05,-5.09821,30
1,3971,p1,141,5.47e-05,-4.66678,30
1,3972,p1,176,5.7643e-05,-4.52653,30
1,3973,p1,162,5.74436e-05,-4.5898,30
1,3974,p1,126,6.0473e-05,-4.23602,30
1,3975,p1,122,6.06917e-05,-4.13047,30
1,3976,p1,182,6.24515e-05,-3.99345,30
1,3977,p1,148,6.42956e-05,-3.42699,30
1,3978,p1,118,6.29061e-05,-4.60744,30
1,3979,p1,141,6.43154e-05,-3.6408,30
1,3980,p1,114,6.83106e-05,-2.37356,30
1,3981,p1,150,6.60487e-05,-2.70357,30
1,3982,p1,122,6.62698e-05,-2.60756,30
1,3983,p1,113,6.75272e-05,-2.26287,30
1,3984,p1,179,6.92176e-05,-3.24257,30
1,3985,p1,185,6.98297e-05,-3.231,30
1,2210,p1,1096,5.63636e-05,19.9587,20
1,3986,p1,162,7.09656e-05,-3.67554,30
1,3987,p1,134,7.1353e-05,-3.90556,30
1,3988,p1,97,7.23164e-05,-4.25033,30
1,3989,p1,146,7.15671e-05,-3.97291,30
1,3990,p1,167,7.31615e-05,-3.28409,30
1,2211,p1,1134,5.71937e-05,19.8958,20
1,3991,p1,128,7.13864e-05,-3.1577,30
1,3992,p1,141,7.04059e-05,-2.36125,30
1,3993,p1,101,7.25184e-05,-3.01554,30
1,3994,p1,134,7.18298e-05,-2.75798,30
1,3995,p1,155,7.27713e-05,-3.03909,30
1,3996,p1,179,7.07851e-05,-1.97566,30
1,3997,p1,109,7.08859e-05,-2.07197,30
1,3998,p1,139,7.20084e-05,-2.59917,30
1,3999,p1,101,7.1717e-05,-3.15602,30
1,1121,p1,1419,5.82692e-05,9.99068,10
1,2212,p1,1178,5.61357e-05,19.9297,20
1,3295,p1,136,3.85702e-05,8.26692,50
1,3296,p1,171,4.03854e-05,8.64505,50
1,1122,p1,1216,5.6816e-05,10.0074,10
1,3297,p1,126,3.56787e-05,8.26506,50
1,3298,p1,130,2.91284e-05,8.26693,50
1,3299,p1,108,3.85751e-05,8.13243,50
1,2213,p1,1023,5.3727e-05,20.0189,20
1,2214,p1,1083,5.74127e-05,20.0224,20
1,3300,p1,165,3.65809e-05,8.33485,50
1,3301,p1,124,2.63667e-05,8.34453,50
1,3302,p1,95,2.89839e-05,8.38976,50
1,3303,p1,124,2.8112e-05,8.57993,50
1,3304,p1,169,2.58592e-05,8.64567,50
1,3305,p1,120,2.55024e-05,8.40885,50
1,3306,p1,109,2.79745e-05,8.36198,50
1,3307,p1,110,2.59967e-05,8.47628,50
1,3308,p1,193,2.50128e-05,8.33502,50
1,3309,p1,121,2.93959e-05,8.46513,50
1,1123,p1,1287,5.60192e-05,10.0389,10
1,1124,p1,1331,5.72688e-05,10.0016,10
1,2215,p1,1236,5.93586e-05,19.9523,20
1,2216,p1,1008,5.84948e-05,19.9664,20
1,2217,p1,971,6.05081e-05,19.9627,20
1,2218,p1,1191,5.9468e-05,19.9336,20
1,3310,p1,122,2.49167e-05,8.39235,50
1,3311,p1,151,2.81806e-05,8.58517,50
1,3312,p1,114,2.7116e-05,8.67442,50
1,3313,p1,142,3.05349e-05,8.73625,50
1,3314,p1,157,2.95383e-05,8.69482,50
1,3315,p1,146,2.92829e-05,8.85987,50
1,3316,p1,139,3.26055e-05,8.93744,50
1,3317,p1,105,3.44549e-05,9.07333,50
1,3318,p1,158,3.2077e-05,8.9217,50
1,3319,p1,159,3.16398e-05,8.67857,50
1,3320,p1,142,3.34276e-05,8.69207,50
1,3321,p1,143,3.31432e-05,9.0172,50
1,3322,p1,175,3.49429e-05,9.08605,50
1,3323,p1,106,3.69175e-05,9.12689,50
1,3324,p1,90,3.55272e-05,9.15686,50
1,3325,p1,155,3.29521e-05,9.04406,50
1,3326,p1,169,3.57661e-05,9.15327,50
1,3327,p1,114,3.35657e-05,8.77363,50
1,3328,p1,144,3.05177e-05,8.64041,50
1,3329,p1,120,2.8092e-05,8.54304,50
1,3330,p1,130,2.65494e-05,8.39306,50
1,3331,p1,129,3.56084e-05,8.36257,50
1,3332,p1,194,3.18177e-05,8.29533,50
1,3333,p1,84,2.96393e-05,8.39153,50
1,3334,p1,126,3.27403e-05,8.52536,50
1,2219,p1,1047,6.16496e-05,19.8018,20
1,3335,p1,136,3.02774e-05,8.38485,50
1,3336,p1,130,3.09249e-05,8.5589,50
1,3337,p1,176,2.98174e-05,8.07303,50
1,3338,p1,120,2.95507e-05,8.85879,50
1,3339,p1,83,3.13652e-05,8.81488,50
1,3340,p1,115,2.99819e-05,8.37176,50
1,3341,p1,212,2.87989e-05,8.76708,50
1,2220,p1,1058,6.30508e-05,20.0007,20
1,3342,p1,94,3.28576e-05,8.96708,50
1,2221,p1,1121,5.98352e-05,20.0889,20
1,3343,p1,129,3.04591e-05,8.54581,50
1,3344,p1,150,3.4892e-05,8.81263,50
1,3345,p1,150,3.57324e-05,8.63379,50
1,3346,p1,120,3.2375e-05,8.86127,50
1,1125,p1,1376,5.8503e-05,10.0328,10
1,3347,p1,126,3.49392e-05,8.74905,50
1,3348,p1,155,3.43969e-05,9.03008,50
1,3349,p1,103,4.16062e-05,8.61637,50
1,3350,p1,122,3.64052e-05,8.3711,50
1,3351,p1,114,3.66478e-05,8.73645,50
1,3352,p1,167,3.6601e-05,8.41002,50
1,3353,p1,117,3.95106e-05,8.63419,50
1,3354,p1,130,3.54328e-05,8.60976,50
1,3355,p1,171,3.68308e-05,8.52694,50
1,3356,p1,132,3.69823e-05,8.62346,50
1,3357,p1,142,3.51619e-05,8.67877,50
1,3358,p1,143,3.39102e-05,8.51218,50
1,3359,p1,123,3.48562e-05,8.42321,50
1,3360,p1,128,3.44864e-05,8.32104,50
1,3361,p1,125,3.64912e-05,8.49398,50
1,3362,p1,142,3.87262e-05,8.34809,50
1,3363,p1,130,3.755e-05,8.17301,50
1,3364,p1,119,3.14837e-05,7.99582,50
1,3365,p1,110,3.1312e-05,8.09206,50
1,3366,p1,122,2.94514e-05,8.31009,50
1,3367,p1,133,3.1993e-05,8.31251,50
1,3368,p1,110,3.23678e-05,8.135,50
1,3369,p1,122,2.59991e-05,8.06653,50
1,3370,p1,138,2.88148e-05,7.96911,50
1,3371,p1,100,3.09435e-05,8.42668,50
1,3372,p1,140,2.74791e-05,8.50092,50
1,3373,p1,119,2.64441e-05,8.41927,50
1,3374,p1,139,2.81373e-05,8.46595,50
1,3375,p1,128,2.82443e-05,8.15314,50
1,3376,p1,134,2.74128e-05,8.30207,50
1,3377,p1,101,2.76894e-05,8.47267,50
1,3378,p1,166,3.06723e-05,8.14483,50
1,2222,p1,1143,6.08445e-05,19.9668,20
1,3379,p1,139,3.10553e-05,8.09257,50
1,3380,p1,165,2.88986e-05,8.26411,50
1,3381,p1,144,2.93268e-05,8.50216,50
1,2223,p1,965,6.18351e-05,20.0832,20
1,3382,p1,139,2.72385e-05,8.25864,50
1,3383,p1,136,2.78774e-05,8.24246,50
1,1126,p1,1380,5.83796e-05,10.0146,10
1,3384,p1,128,2.86633e-05,8.06394,50
1,3385,p1,134,2.63697e-05,8.32405,50
1,3386,p1,149,3.03293e-05,8.2798,50
1,3387,p1,101,2.89099e-05,8.4111,50
1,1127,p1,1214,5.60235e-05,10.0233,10
1,1128,p1,1250,5.57788e-05,10.0072,10
1,2224,p1,997,6.09549e-05,20.0302,20
1,3388,p1,182,2.71442e-05,8.43886,50
1,3389,p1,121,2.97278e-05,8.27579,50
1,3390,p1,156,2.54372e-05,7.89173,50
1,3391,p1,134,2.95024e-05,8.3396,50
1,3392,p1,119,2.47656e-05,8.1509,50
1,3393,p1,145,2.62542e-05,8.36226,50
1,3394,p1,162,2.61574e-05,8.10338,50
1,2225,p1,1175,6.03272e-05,20.1653,20
1,3395,p1,140,2.42658e-05,8.27187,50
1,3396,p1,146,2.6436e-05,8.21741,50
1,3397,p1,166,2.55995e-05,7.98704,50
1,3398,p1,141,2.46177e-05,8.52636,50
1,3399,p1,126,2.67668e-05,8.41681,50
1,1129,p1,1352,5.84684e-05,10.0325,10
1,1130,p1,1384,5.72814e-05,10.0253,10
1,2226,p1,1064,6.12861e-05,20.0685,20
1,2227,p1,1108,6.2435e-05,19.9976,20
1,2228,p1,1156,6.67694e-05,19.9941,20
1,2229,p1,953,6.69826e-05,20.0428,20
1,2230,p1,1148,6.62675e-05,20.0147,20
1,2231,p1,1124,6.66532e-05,20.049,20
1,2232,p1,1185,6.91019e-05,19.968,20
1,2233,p1,1085,6.70784e-05,19.9811,20
1,1131,p1,1390,5.53316e-05,10.0042,10
1,2234,p1,1065,6.75745e-05,19.8825,20
1,1132,p1,1169,5.59844e-05,10.0385,10
1,1133,p1,1255,5.52755e-05,10.0443,10
1,2235,p1,1071,6.5486e-05,20.0529,20
1,1134,p1,1416,5.45231e-05,10.0336,10
1,1135,p1,1230,5.4124e-05,10.0135,10
1,2236,p1,1096,6.76502e-05,19.9926,20
1,1136,p1,1337,5.40496e-05,9.98871,10
1,2237,p1,1019,6.75124e-05,19.9812,20
1,2238,p1,1066,6.4643e-05,19.9529,20
1,1137,p1,1397,5.33319e-05,9.9778,10
1,1138,p1,1388,5.34894e-05,10.0089,10
1,2239,p1,1121,6.71188e-05,20.0145,20
1,1139,p1,1250,5.42984e-05,9.96652,10
1,1140,p1,1268,5.21492e-05,9.98653,10
1,1141,p1,1460,5.10151e-05,9.98604,10
1,1142,p1,1206,5.13728e-05,9.99216,10
1,1143,p1,1258,5.19946e-05,10.0122,10
1,2240,p1,1106,6.61075e-05,20.0523,20
1,2241,p1,1138,6.64996e-05,20.0618,20
1,1144,p1,1430,5.11714e-05,10.0091,10
1,1145,p1,1231,5.11852e-05,10.0352,10
1,1146,p1,1234,5.00048e-05,10.0285,10
1,3600,p1,100,7.61805e-05,0.293663,100
1,3601,p1,122,7.37433e-05,-0.415287,100
1,3602,p1,200,7.52404e-05,-0.324662,100
1,3603,p1,152,7.60364e-05,-0.429725,100
1,1147,p1,1290,5.07177e-05,10.0059,10
1,3604,p1,119,7.3642e-05,-0.919577,100
1,3605,p1,150,6.95076e-05,-2.05803,100
1,3606,p1,97,7.30907e-05,-1.5828,100
1,3607,p1,145,7.32174e-05,-1.15167,100
1,3608,p1,160,7.11277e-05,-1.082,100
1,3609,p1,142,6.50394e-05,-2.26158,100
1,3610,p1,106,6.80972e-05,-1.27434,100
1,4000,p1,123,7.17777e-05,-3.33053,30
1,4001,p1,111,7.14954e-05,-3.52623,30
1,4002,p1,152,7.30016e-05,-3.4126,30
1,4003,p1,119,7.44947e-05,-2.29228,30
1,4004,p1,135,7.32195e-05,-3.52269,30
1,4005,p1,107,7.64263e-05,-2.61491,30
1,4006,p1,173,7.56255e-05,-3.0103,30
1,4007,p1,104,7.49293e-05,-2.30375,30
1,4008,p1,165,7.46523e-05,-3.3152,30
1,4009,p1,148,7.47843e-05,-3.18433,30
1,4010,p1,124,7.47564e-05,-2.75275,30
1,4011,p1,163,7.34386e-05,-2.71603,30
1,4012,p1,104,7.02612e-05,-3.08368,30
1,4013,p1,152,7.12595e-05,-3.09753,30
1,4014,p1,123,7.1703e-05,-2.66242,30
1,4015,p1,126,7.38668e-05,-2.80062,30
1,4016,p1,160,7.29881e-05,-2.63368,30
1,4017,p1,135,7.4254e-05,-2.78906,30
1,4018,p1,131,7.41688e-05,-2.58603,30
1,4019,p1,148,7.49648e-05,-2.48298,30
1,3611,p1,154,6.29423e-05,-1.4531,100
1,3612,p1,143,6.29307e-05,-1.94138,100
1,3613,p1,91,6.09854e-05,-2.40212,100
1,3614,p1,175,5.96434e-05,-2.0217,100
1,3615,p1,170,5.84057e-05,-1.71281,100
1,3616,p1,129,6.02647e-05,-1.87777,100
1,3617,p1,151,6.30722e-05,-0.927084,100
1,3618,p1,119,5.55678e-05,-0.129436,100
1,3400,p1,133,2.55062e-05,8.2859,50
1,3619,p1,165,6.19725e-05,-0.823148,100
1,3401,p1,127,2.7303e-05,8.0379,50
1,4020,p1,127,7.55865e-05,-2.57724,30
1,3402,p1,180,2.79807e-05,8.09277,50
1,3403,p1,85,3.15073e-05,8.04128,50
1,3404,p1,127,2.98221e-05,8.12692,50
1,3405,p1,158,3.22074e-05,8.08737,50
1,3406,p1,169,3.25307e-05,7.85444,50
1,3407,p1,122,3.37278e-05,8.15503,50
1,3408,p1,137,3.05509e-05,8.10505,50
1,3409,p1,134,3.27437e-05,8.31173,50
1,3410,p1,104,3.13471e-05,8.48156,50
1,3411,p1,182,2.90486e-05,8.38981,50
1,4021,p1,138,7.61447e-05,-2.85376,30
1,4022,p1,144,7.49817e-05,-2.95247,30
1,4023,p1,118,7.62593e-05,-3.10041,30
1,4024,p1,166,7.55808e-05,-3.07184,30
1,4025,p1,146,7.09089e-05,-3.94981,30
1,4026,p1,115,7.37474e-05,-3.41009,30
1,4027,p1,100,7.5591e-05,-3.40678,30
1,4028,p1,144,7.46142e-05,-3.34242,30
1,4029,p1,131,7.20107e-05,-3.46804,30
1,4030,p1,115,7.30983e-05,-3.30468,30
1,4031,p1,135,7.00527e-05,-3.39941,30
1,4032,p1,148,7.06494e-05,-3.3696,30
1,4033,p1,154,6.69373e-05,-3.98941,30
1,4034,p1,122,7.07008e-05,-3.92466,30
1,4035,p1,120,7.53191e-05,-3.61167,30
1,4036,p1,166,7.24082e-05,-3.56531,30
1,4037,p1,102,6.92825e-05,-3.85319,30
1,4038,p1,140,6.74702e-05,-3.95806,30
1,4039,p1,111,6.9802e-05,-3.81329,30
1,4040,p1,150,6.85338e-05,-3.8494,30
1,4041,p1,105,6.27184e-05,-4.50577,30
1,4042,p1,148,6.00043e-05,-4.56399,30
1,1148,p1,1362,5.01437e-05,10.0342,10
1,3412,p1,133,2.93394e-05,8.2416,50
1,3413,p1,136,3.0808e-05,8.62178,50
1,3414,p1,121,3.11536e-05,8.50109,50
1,3415,p1,154,3.21675e-05,8.52615,50
1,3416,p1,143,3.18788e-05,8.44589,50
1,3417,p1,135,3.20716e-05,8.50736,50
1,3418,p1,125,3.2545e-05,8.6547,50
1,3419,p1,150,3.25767e-05,8.72397,50
1,3420,p1,99,2.77625e-05,8.54945,50
1,3421,p1,122,3.14909e-05,8.60772,50
1,3422,p1,143,2.96973e-05,8.54021,50
1,1149,p1,1285,5.06277e-05,10.0434,10
1,3423,p1,117,3.18208e-05,8.55364,50
1,3424,p1,141,2.87968e-05,7.96771,50
1,3425,p1,72,3.18335e-05,8.09383,50
1,3426,p1,111,2.88167e-05,8.29873,50
1,3427,p1,139,2.82962e-05,7.9696,50
1,3428,p1,148,3.26726e-05,7.80853,50
1,1150,p1,1263,5.09439e-05,10.0346,10
1,1151,p1,1328,5.1779e-05,10.0207,10
1,3429,p1,120,3.19997e-05,8.19817,50
1,3430,p1,151,2.99522e-05,8.00786,50
1,3431,p1,151,2.98551e-05,8.08626,50
1,3432,p1,122,3.09245e-05,7.99021,50
1,3433,p1,115,2.87437e-05,8.09002,50
1,3434,p1,149,2.94003e-05,7.94804,50
1,3435,p1,151,2.5705e-05,8.02593,50
1,3436,p1,118,2.42807e-05,8.03964,50
1,3437,p1,128,2.53531e-05,8.26419,50
1,3438,p1,169,2.27468e-05,7.81392,50
1,3439,p1,127,1.98841e-05,7.97118,50
1,4043,p1,168,6.8905e-05,-3.83259,30
1,4044,p1,114,6.29844e-05,-4.33116,30
1,4045,p1,137,6.48122e-05,-4.67644,30
1,4046,p1,106,6.27194e-05,-4.65047,30
1,4047,p1,119,6.27593e-05,-4.65796,30
1,4048,p1,163,7.44473e-05,-3.545,30
1,4049,p1,149,6.7113e-05,-4.22446,30
1,2242,p1,1112,6.8626e-05,20.0389,20
1,3440,p1,162,1.99802e-05,7.98153,50
1,3441,p1,164,2.29865e-05,8.26132,50
1,3442,p1,89,2.33563e-05,8.22738,50
1,1152,p1,1223,4.99989e-05,9.99738,10
1,3620,p1,179,6.05276e-05,-0.485444,100
1,3621,p1,111,6.32968e-05,-0.739916,100
1,3622,p1,146,6.50833e-05,-0.511898,100
1,3623,p1,223,6.53578e-05,-0.57875,100
1,3624,p1,113,7.02451e-05,0.231731,100
1,3625,p1,152,7.04527e-05,0.0744773,100
1,3626,p1,128,7.14349e-05,0.0805675,100
1,3627,p1,172,7.42788e-05,0.356115,100
1,3628,p1,91,7.34845e-05,0.308712,100
1,3629,p1,88,7.14075e-05,0.990004,100
1,1153,p1,1252,5.1884e-05,10.0261,10
1,1154,p1,1291,5.26001e-05,9.99855,10
1,1155,p1,1307,5.10568e-05,9.98873,10
1,3443,p1,149,2.44771e-05,8.52204,50
1,3444,p1,149,2.65263e-05,8.23722,50
1,3445,p1,128,2.65356e-05,8.0907,50
1,3446,p1,120,2.80024e-05,8.23293,50
1,3447,p1,115,2.73327e-05,7.48075,50
1,3448,p1,122,2.60259e-05,7.65888,50
1,3449,p1,174,2.58497e-05,7.67374,50
1,2243,p1,1097,7.18188e-05,19.9325,20
1,2244,p1,1188,7.19261e-05,19.9445,20
1,3630,p1,172,7.23705e-05,0.652202,100
1,3631,p1,131,7.13872e-05,-0.218438,100
1,3632,p1,133,6.93366e-05,-0.61591,100
1,3633,p1,138,7.12949e-05,-0.637824,100
1,3634,p1,127,7.10556e-05,-0.462325,100
1,3635,p1,129,7.02013e-05,-0.510524,100
1,3636,p1,144,6.81264e-05,-0.960592,100
1,3637,p1,135,6.45695e-05,-1.43483,100
1,3638,p1,108,6.5649e-05,-0.53195,100
1,3639,p1,138,6.28229e-05,-1.02461,100
1,3640,p1,178,6.50625e-05,-1.29387,100
1,1156,p1,1311,5.39413e-05,10.0008,10
1,1157,p1,1380,5.37553e-05,10.0105,10
1,1158,p1,1250,5.41276e-05,9.98215,10
1,1159,p1,1430,5.50538e-05,9.98583,10
1,3641,p1,126,5.87931e-05,-1.66679,100
1,3642,p1,166,6.07051e-05,-1.48684,100
1,3643,p1,107,7.15626e-05,-0.27042,100
1,3644,p1,168,6.78821e-05,-0.817762,100
1,3645,p1,127,6.86481e-05,-0.479064,100
1,3646,p1,130,6.75512e-05,-0.882667,100
1,3647,p1,95,6.97319e-05,-0.993171,100
1,3648,p1,156,7.36228e-05,-0.235822,100
1,3649,p1,141,7.09612e-05,-0.28464,100
1,1160,p1,1556,5.51187e-05,9.9751,10
1,1161,p1,1174,5.53678e-05,9.98342,10
1,1162,p1,1276,5.62955e-05,9.96201,10
1,2245,p1,1044,7.08345e-05,19.9754,20
1,2246,p1,1186,6.90804e-05,20.0086,20
1,1163,p1,1438,5.62259e-05,9.9992,10
1,2247,p1,1160,7.49295e-05,19.996,20
1,3450,p1,154,2.66097e-05,7.58856,50
1,3451,p1,138,2.64758e-05,7.78036,50
1,3452,p1,113,2.39165e-05,7.86487,50
1,3453,p1,187,2.37832e-05,7.86005,50
1,3454,p1,131,2.36283e-05,7.7285,50
1,3455,p1,150,2.46796e-05,7.63,50
1,3456,p1,105,2.5893e-05,7.50369,50
1,3457,p1,163,2.39563e-05,7.72708,50
1,3458,p1,141,2.51388e-05,7.95458,50
1,3459,p1,141,2.67902e-05,7.90413,50
1,3460,p1,117,2.32873e-05,7.78051,50
1,3461,p1,132,2.58603e-05,7.7578,50
1,3462,p1,175,2.61654e-05,7.52095,50
1,3463,p1,161,2.39871e-05,7.7375,50
1,3464,p1,79,2.62498e-05,7.56675,50
1,3465,p1,113,2.62201e-05,7.46806,50
1,3466,p1,150,2.50231e-05,7.49529,50
1,1164,p1,1359,5.62078e-05,9.96521,10
1,3467,p1,176,2.63296e-05,7.73195,50
1,3468,p1,96,2.75787e-05,7.23683,50
1,3469,p1,138,2.65315e-05,7.52638,50
1,3470,p1,89,2.6265e-05,7.42011,50
1,3471,p1,135,2.87117e-05,7.86223,50
1,3472,p1,155,2.81105e-05,7.6279,50
1,3473,p1,153,2.47221e-05,7.98594,50
1,3474,p1,117,2.37786e-05,7.95399,50
1,3475,p1,109,2.23007e-05,7.8368,50
1,3476,p1,139,2.09593e-05,7.66751,50
1,3477,p1,117,2.12583e-05,7.85363,50
1,3478,p1,111,2.20749e-05,8.003,50
1,1165,p1,1298,5.67842e-05,10.005,10
1,2248,p1,1098,7.33287e-05,19.9304,20
1,3479,p1,125,2.04534e-05,8.21489,50
1,3480,p1,113,2.29787e-05,7.66999,50
1,3481,p1,143,2.69211e-05,7.57455,50
1,3482,p1,114,2.6951e-05,7.69692,50
1,3483,p1,167,2.79379e-05,7.92968,50
1,3484,p1,151,2.68911e-05,7.66093,50
1,3485,p1,131,2.82842e-05,7.71156,50
1,3486,p1,144,2.8764e-05,7.48413,50
1,3487,p1,90,2.77586e-05,7.52014,50
1,3488,p1,142,2.64382e-05,7.40571,50
1,1166,p1,1258,5.55794e-05,9.97547,10
1,1167,p1,1380,5.77723e-05,9.9834,10
1,2249,p1,1120,7.30023e-05,19.8397,20
1,3489,p1,146,2.56392e-05,7.51006,50
1,3490,p1,140,2.47087e-05,7.30192,50
1,3491,p1,120,2.56087e-05,7.35457,50
1,3492,p1,144,2.29376e-05,7.09066,50
1,3493,p1,146,2.33304e-05,7.05748,50
1,3494,p1,108,2.21099e-05,6.7524,50
1,3495,p1,113,1.99663e-05,6.50088,50
1,3496,p1,142,2.27884e-05,6.64229,50
1,3497,p1,149,2.55092e-05,6.50994,50
1,3498,p1,107,2.36082e-05,6.96955,50
1,3499,p1,104,2.23798e-05,6.7027,50
1,1168,p1,1280,5.75774e-05,9.99403,10
1,1169,p1,1236,5.67983e-05,9.98672,10
1,1170,p1,1287,5.7108e-05,9.99162,10
1,1171,p1,1388,5.68244e-05,9.99012,10
1,4050,p1,163,7.10497e-05,-4.13932,30
1,4051,p1,104,6.64936e-05,-4.47387,30
1,4052,p1,160,7.22504e-05,-3.76758,30
1,4053,p1,163,7.49281e-05,-3.4238,30
1,4054,p1,108,7.79968e-05,-2.97958,30
1,4055,p1,129,7.40157e-05,-1.95663,30
1,4056,p1,150,7.892e-05,-2.12983,30
1,4057,p1,135,7.62214e-05,-3.83853,30
1,4058,p1,122,7.37859e-05,-3.7964,30
1,4059,p1,130,7.42888e-05,-4.46527,30
1,4060,p1,128,7.401e-05,-4.57795,30
1,2250,p1,1127,7.11638e-05,19.9845,20
1,2251,p1,1096,7.42974e-05,19.8729,20
1,2252,p1,1138,7.32478e-05,19.9346,20
1,1172,p1,1302,5.66456e-05,10.0014,10
1,4061,p1,120,7.7825e-05,-4.12056,30
1,4062,p1,153,7.55128e-05,-3.58893,30
1,4063,p1,101,7.96716e-05,-3.49056,30
1,4064,p1,112,8.11121e-05,-3.24696,30
1,4065,p1,160,8.08525e-05,-3.81645,30
1,4066,p1,145,8.08207e-05,-3.88889,30
1,2253,p1,1201,7.39873e-05,19.8809,20
1,4067,p1,120,8.71587e-05,-2.76542,30
1,4068,p1,129,8.45607e-05,-3.14273,30
1,4069,p1,175,8.47747e-05,-3.46995,30
1,4070,p1,172,8.55959e-05,-3.2709,30
1,4071,p1,104,8.60803e-05,-3.52689,30
1,4072,p1,130,8.26423e-05,-2.8472,30
1,2254,p1,1065,7.07014e-05,19.9031,20
1,2255,p1,1125,7.57963e-05,19.9347,20
1,3500,p1,174,2.51214e-05,6.39441,50
1,3501,p1,157,2.43627e-05,6.6423,50
1,3502,p1,100,2.1496e-05,6.59072,50
1,3503,p1,112,2.66259e-05,6.7161,50
1,3504,p1,162,2.40337e-05,6.67496,50
1,3505,p1,114,2.77062e-05,7.62851,50
1,3506,p1,121,2.901e-05,7.21448,50
1,3507,p1,150,2.87929e-05,7.40106,50
1,3508,p1,139,2.67181e-05,7.62683,50
1,3509,p1,140,3.09418e-05,7.8411,50
1,3510,p1,163,2.76303e-05,7.89735,50
1,3511,p1,83,2.65525e-05,8.02494,50
1,3512,p1,106,2.80482e-05,8.31685,50
1,3513,p1,148,2.9651e-05,8.32964,50
1,3514,p1,159,3.21704e-05,8.08729,50
1,3515,p1,111,2.70838e-05,7.56449,50
1,3516,p1,118,3.25718e-05,7.79279,50
1,3517,p1,115,3.29974e-05,8.01108,50
1,3518,p1,168,3.02349e-05,7.56361,50
1,3519,p1,147,2.81802e-05,7.10776,50
1,3520,p1,114,2.48927e-05,7.32291,50
1,3521,p1,144,2.56674e-05,6.89529,50
1,3522,p1,162,2.9541e-05,6.73005,50
1,3523,p1,94,2.61951e-05,6.32029,50
1,3524,p1,130,2.87311e-05,6.36741,50
1,3525,p1,101,2.89869e-05,6.44242,50
1,3526,p1,157,2.64733e-05,6.32891,50
1,3527,p1,112,2.71927e-05,6.73209,50
1,3528,p1,101,2.25649e-05,6.59214,50
1,4073,p1,186,8.51848e-05,-3.21761,30
1,4074,p1,103,8.4122e-05,-3.91884,30
1,4075,p1,135,8.5228e-05,-3.22127,30
1,4076,p1,157,8.70194e-05,-2.79966,30
1,4077,p1,154,9.08302e-05,-3.07861,30
1,4078,p1,156,9.23605e-05,-3.36547,30
1,4079,p1,120,8.49441e-05,-2.12393,30
1,4080,p1,97,8.84302e-05,-2.45436,30
1,4081,p1,184,9.15494e-05,-3.02805,30
1,3529,p1,171,2.43743e-05,6.49423,50
1,3530,p1,129,2.61054e-05,6.4626,50
1,3531,p1,83,2.66664e-05,6.55944,50
1,3532,p1,128,2.84888e-05,6.82669,50
1,3533,p1,137,2.68941e-05,6.26139,50
1,3534,p1,155,2.49413e-05,6.64871,50
1,3535,p1,95,2.87324e-05,7.06655,50
1,3536,p1,117,2.82512e-05,7.36246,50
1,3537,p1,134,2.54606e-05,6.60046,50
1,3538,p1,129,2.7931e-05,6.83623,50
1,3539,p1,149,2.62738e-05,6.38653,50
1,2256,p1,1018,7.52991e-05,20.0182,20
1,2257,p1,1138,7.6144e-05,19.9561,20
1,1173,p1,1359,5.56848e-05,9.98356,10
1,1174,p1,1338,5.56984e-05,9.99316,10
1,3540,p1,143,2.48169e-05,5.99592,50
1,3541,p1,145,2.73784e-05,6.02937,50
1,3542,p1,114,2.78493e-05,6.90411,50
1,3543,p1,149,2.75753e-05,6.49983,50
1,3544,p1,187,2.77793e-05,6.18741,50
1,3545,p1,142,3.37009e-05,7.16969,50
1,3546,p1,96,3.19027e-05,6.90444,50
1,3547,p1,140,3.33064e-05,7.32304,50
1,3548,p1,156,3.55367e-05,7.17239,50
1,3549,p1,152,3.42618e-05,7.14347,50
1,4082,p1,140,8.47232e-05,-1.44307,30
1,4083,p1,77,7.46635e-05,-0.551677,30
1,4084,p1,120,7.21003e-05,-0.162825,30
1,4085,p1,184,8.4861e-05,-1.54244,30
1,4086,p1,135,7.55182e-05,-0.511651,30
1,4087,p1,166,7.25974e-05,-0.0998296,30
1,4088,p1,162,7.74362e-05,-0.87668,30
1,4089,p1,100,6.63225e-05,-0.147923,30
1,4090,p1,143,6.75811e-05,0.079454,30
1,4091,p1,131,7.75858e-05,-0.533201,30
1,4092,p1,182,7.84019e-05,-0.665429,30
1,4093,p1,112,9.10212e-05,-1.92291,30
1,4094,p1,96,8.08409e-05,-0.476436,30
1,4095,p1,138,8.79873e-05,-1.07662,30
1,4096,p1,147,8.99139e-05,-1.26017,30
1,4097,p1,129,8.93444e-05,-1.25291,30
1,4098,p1,155,7.85405e-05,-0.537278,30
1,4099,p1,164,7.2342e-05,0.13469,30
1,1175,p1,1360,5.65351e-05,10.0106,10
1,3650,p1,143,7.50125e-05,-0.127118,100
1,3651,p1,118,7.4967e-05,0.406551,100
1,3652,p1,167,7.28095e-05,-0.0769813,100
1,3653,p1,112,7.01355e-05,-1.31585,100
1,3654,p1,141,7.0502e-05,-1.14625,100
1,3655,p1,148,6.49815e-05,-2.1007,100
1,3656,p1,186,7.00429e-05,-1.5557,100
1,3657,p1,118,6.66227e-05,-2.38396,100
1,3658,p1,128,6.81238e-05,-2.36432,100
1,3659,p1,156,6.38425e-05,-2.36885,100
1,3660,p1,161,6.6087e-05,-2.65133,100
1,3661,p1,125,7.04416e-05,-1.74608,100
1,3662,p1,135,6.74187e-05,-2.00511,100
1,3663,p1,118,6.33105e-05,-2.59415,100
1,3664,p1,138,6.89096e-05,-2.00646,100
1,3665,p1,124,6.5118e-05,-2.28532,100
1,3666,p1,144,6.53132e-05,-1.382,100
1,3667,p1,115,6.77992e-05,-1.96491,100
1,3668,p1,138,6.64968e-05,-1.50509,100
1,3669,p1,167,7.03526e-05,-1.00753,100
1,3670,p1,166,6.92379e-05,-0.786954,100
1,3671,p1,111,6.34048e-05,-1.17394,100
1,3672,p1,118,6.62019e-05,-0.942296,100
1,3673,p1,122,6.12974e-05,-0.944157,100
1,3674,p1,174,6.01572e-05,-0.787509,100
1,3675,p1,124,6.45282e-05,-0.150717,100
1,3676,p1,145,6.5162e-05,-0.605008,100
1,3677,p1,116,6.20411e-05,-0.411241,100
1,3678,p1,143,6.13042e-05,-1.05343,100
1,3679,p1,131,6.32169e-05,-0.613263,100
1,3680,p1,89,6.36908e-05,-1.3602,100
1,3681,p1,112,6.04002e-05,-1.12165,100
1,3682,p1,170,6.23855e-05,-1.14988,100
1,1176,p1,1332,5.62612e-05,10.0144,10
1,3683,p1,87,6.0041e-05,-1.15147,100
1,1177,p1,1260,5.62986e-05,10.0205,10
1,3684,p1,138,6.37413e-05,-0.69483,100
1,3685,p1,171,6.23453e-05,-1.09961,100
1,3686,p1,140,6.56383e-05,-0.563236,100
1,2258,p1,1126,7.94895e-05,19.9753,20
1,3687,p1,137,6.2108e-05,-1.49545,100
1,3688,p1,110,6.22814e-05,-1.00628,100
1,3689,p1,161,5.85724e-05,-0.851118,100
1,3690,p1,180,5.93852e-05,-0.363972,100
1,3691,p1,130,6.16577e-05,-1.36783,100
1,3692,p1,129,6.22021e-05,-0.832186,100
1,3693,p1,154,5.85752e-05,-0.251636,100
1,3694,p1,143,5.78466e-05,-0.778858,100
1,3695,p1,134,5.52709e-05,-0.299838,100
1,3696,p1,123,5.20371e-05,-0.109715,100
1,3697,p1,125,5.62291e-05,-0.792686,100
1,3698,p1,141,5.36487e-05,-0.279135,100
1,3699,p1,139,5.58442e-05,-0.431605,100
1,1178,p1,1356,5.75303e-05,10.0191,10
1,2259,p1,1069,7.73882e-05,19.9887,20
1,2260,p1,1036,7.74333e-05,19.9444,20
1,2261,p1,1101,7.88117e-05,20.0149,20
1,1179,p1,1375,5.92641e-05,10.019,10
1,4100,p1,134,6.73109e-05,0.3122,30
1,4101,p1,129,8.24926e-05,-0.594608,30
1,4102,p1,137,7.93892e-05,-0.43756,30
1,4103,p1,177,6.29222e-05,0.743506,30
1,4104,p1,120,7.01365e-05,0.520867,30
1,4105,p1,124,7.43152e-05,0.330311,30
1,4106,p1,155,7.26462e-05,0.508418,30
1,4107,p1,127,6.07831e-05,1.14591,30
1,4108,p1,138,5.56656e-05,1.52059,30
1,4109,p1,160,5.13352e-05,1.63277,30
1,4110,p1,109,4.69363e-05,1.79959,30
1,3550,p1,149,3.50023e-05,7.87383,50
1,3551,p1,173,3.40285e-05,8.05309,50
1,3552,p1,122,3.43631e-05,7.1681,50
1,1180,p1,1241,5.81819e-05,10.0139,10
1,3553,p1,188,3.85394e-05,7.46899,50
1,3554,p1,134,3.84543e-05,7.90685,50
1,3555,p1,132,3.7539e-05,8.54897,50
1,3556,p1,156,3.82037e-05,8.17417,50
1,3557,p1,106,3.86392e-05,8.31676,50
1,3558,p1,165,3.896e-05,7.71352,50
1,3559,p1,135,4.1561e-05,8.30853,50
1,3560,p1,106,4.47606e-05,8.55567,50
1,3561,p1,158,4.48708e-05,8.15716,50
1,3562,p1,101,4.25561e-05,7.17337,50
1,3563,p1,157,4.63007e-05,8.31322,50
1,3564,p1,167,4.69137e-05,8.65057,50
1,3565,p1,104,4.68759e-05,8.49236,50
1,3566,p1,115,4.63497e-05,8.25987,50
1,4111,p1,122,3.60249e-05,2.50576,30
1,4112,p1,116,3.97704e-05,2.18532,30
1,4113,p1,151,3.36391e-05,2.48503,30
1,4114,p1,127,3.80135e-05,2.13147,30
1,4115,p1,176,3.80871e-05,2.07634,30
1,4116,p1,114,4.38777e-05,1.70419,30
1,4117,p1,110,5.43901e-05,1.21031,30
1,4118,p1,154,3.32444e-05,2.2843,30
1,4119,p1,203,3.78331e-05,2.00609,30
1,4120,p1,127,4.10125e-05,1.82604,30
1,4121,p1,103,4.04567e-05,2.12885,30
1,4122,p1,128,4.2153e-05,2.1075,30
1,4123,p1,169,5.6031e-05,1.22872,30
1,2262,p1,1123,8.06476e-05,19.8506,20
1,4124,p1,195,5.86903e-05,1.09291,30
1,4125,p1,130,4.91873e-05,1.61166,30
1,4126,p1,89,4.02411e-05,2.42269,30
1,4127,p1,140,4.71579e-05,1.952,30
1,4128,p1,136,4.67263e-05,2.03869,30
1,4129,p1,115,5.86386e-05,1.58825,30
1,4130,p1,130,4.73849e-05,2.60929,30
1,2263,p1,1085,8.02827e-05,19.9073,20
1,3567,p1,166,4.76152e-05,8.71549,50
1,3568,p1,118,4.32559e-05,8.65105,50
1,3569,p1,113,4.47494e-05,7.44561,50
1,3570,p1,131,4.19428e-05,7.42672,50
1,3571,p1,142,4.23728e-05,7.90611,50
1,3572,p1,121,4.57209e-05,7.85282,50
1,3573,p1,157,5.02816e-05,8.10566,50
1,2264,p1,1139,8.2671e-05,19.931,20
1,3574,p1,164,4.65541e-05,7.15789,50
1,3575,p1,112,4.5157e-05,7.83394,50
1,1181,p1,1369,6.06017e-05,10.0229,10
1,3576,p1,162,4.68804e-05,8.38215,50
1,3577,p1,143,4.95579e-05,7.82282,50
1,3578,p1,157,4.49714e-05,8.21131,50
1,3579,p1,189,4.60971e-05,8.61974,50
1,3580,p1,130,4.60639e-05,8.94993,50
1,3581,p1,111,4.61679e-05,8.89615,50
1,3582,p1,126,4.96995e-05,10.5443,50
1,3583,p1,158,4.86448e-05,10.0431,50
1,3584,p1,138,4.96694e-05,10.1593,50
1,3585,p1,116,5.03344e-05,10.4204,50
1,3586,p1,112,4.95799e-05,9.61321,50
1,4131,p1,130,5.47678e-05,2.0437,30
1,4132,p1,170,6.01038e-05,1.43694,30
1,4133,p1,123,5.10698e-05,2.05923,30
1,4134,p1,137,5.81302e-05,2.05999,30
1,4135,p1,116,6.42951e-05,1.50707,30
1,4136,p1,135,6.4023e-05,1.46611,30
1,4137,p1,133,6.54624e-05,1.29541,30
1,4138,p1,121,6.76013e-05,1.05674,30
1,4139,p1,176,5.82732e-05,1.86637,30
1,4140,p1,106,6.2913e-05,1.58139,30
1,4141,p1,96,6.47597e-05,1.60317,30
1,2265,p1,1191,7.83695e-05,20.038,20
1,4142,p1,193,7.75654e-05,0.570952,30
1,4143,p1,130,6.66266e-05,1.32965,30
1,4144,p1,173,6.69832e-05,1.32315,30
1,4145,p1,118,6.8123e-05,1.46797,30
1,4146,p1,117,7.45814e-05,0.576007,30
1,1182,p1,1456,5.80263e-05,10.0312,10
1,1183,p1,1322,5.76197e-05,10.0194,10
1,3587,p1,164,5.16439e-05,9.7367,50
1,3588,p1,180,4.99855e-05,9.05083,50
1,3589,p1,125,5.05965e-05,8.59662,50
1,3590,p1,93,4.99283e-05,8.80327,50
1,3591,p1,109,5.23828e-05,9.36293,50
1,3592,p1,174,5.15567e-05,9.15423,50
1,3593,p1,134,4.95428e-05,8.08709,50
1,3594,p1,97,4.93363e-05,8.99735,50
1,3595,p1,132,4.97848e-05,7.97797,50
1,1184,p1,1250,5.51271e-05,10.0334,10
1,3596,p1,190,4.79147e-05,8.02342,50
1,2266,p1,1079,8.10867e-05,19.9155,20
1,2267,p1,1118,8.30769e-05,19.9581,20
1,4147,p1,189,6.13474e-05,1.67822,30
1,4148,p1,138,7.08832e-05,1.21828,30
1,4149,p1,134,7.14975e-05,1.45783,30
1,3597,p1,128,5.13205e-05,9.01491,50
1,3598,p1,134,4.84404e-05,8.49169,50
1,3599,p1,145,4.74839e-05,8.18729,50
1,2268,p1,1292,8.08885e-05,19.9959,20
1,2269,p1,1032,8.2782e-05,19.9648,20
1,2270,p1,1115,8.5649e-05,19.9121,20
1,2271,p1,1064,8.49303e-05,19.9473,20
1,1185,p1,1345,5.5274e-05,10.0048,10
1,2272,p1,1105,8.52743e-05,19.9884,20
1,2273,p1,1176,8.41646e-05,20.0457,20
1,2274,p1,1019,8.29991e-05,20.0162,20
1,3700,p1,118,5.78411e-05,-0.229251,100
1,1186,p1,1385,5.45861e-05,10.009,10
1,3701,p1,137,5.43281e-05,0.228657,100
1,3702,p1,143,5.46349e-05,0.544897,100
1,3703,p1,113,5.72136e-05,0.0834515,100
1,3704,p1,147,5.8191e-05,0.176029,100
1,3705,p1,134,6.26646e-05,0.131044,100
1,3706,p1,114,5.76878e-05,1.00324,100
1,3707,p1,162,5.83531e-05,0.690078,100
1,3708,p1,111,5.24048e-05,1.10057,100
1,3709,p1,150,4.89827e-05,1.11599,100
1,3710,p1,125,4.21312e-05,1.07981,100
1,3711,p1,169,3.78096e-05,1.43947,100
1,3712,p1,77,4.59513e-05,1.51218,100
1,3713,p1,123,4e-05,1.73267,100
1,3714,p1,157,3.91614e-05,1.71802,100
1,3715,p1,142,5.05969e-05,1.68179,100
1,3716,p1,167,5.58217e-05,1.27691,100
1,3717,p1,129,5.04883e-05,1.739,100
1,3718,p1,125,4.71706e-05,1.84773,100
1,3719,p1,119,5.76379e-05,1.60362,100
1,3720,p1,141,6.10316e-05,1.73969,100
1,3721,p1,179,6.46122e-05,1.74454,100
1,3722,p1,97,6.69152e-05,1.37824,100
1,3723,p1,158,5.55121e-05,1.92214,100
1,3724,p1,124,6.02738e-05,1.67387,100
1,3725,p1,179,6.06696e-05,1.5927,100
1,3726,p1,164,5.20267e-05,1.89686,100
1,3727,p1,152,6.04579e-05,1.69239,100
1,3728,p1,165,6.10224e-05,1.75931,100
1,3729,p1,124,6.99815e-05,1.62181,100
1,3730,p1,123,6.74222e-05,1.84925,100
1,3731,p1,137,6.77918e-05,1.99047,100
1,3732,p1,174,6.92814e-05,1.69902,100
1,3733,p1,135,5.44247e-05,2.36668,100
1,1187,p1,1282,5.46675e-05,9.98709,10
1,3734,p1,156,8.08939e-05,1.59901,100
1,3735,p1,155,8.39351e-05,1.33839,100
1,3736,p1,99,6.98276e-05,1.6661,100
1,3737,p1,118,6.72526e-05,1.82871,100
1,3738,p1,169,7.23649e-05,1.61891,100
1,3739,p1,153,5.15492e-05,2.31612,100
1,3740,p1,118,4.11042e-05,2.66053,100
1,3741,p1,103,5.41493e-05,2.64019,100
1,3742,p1,120,3.67691e-05,2.74761,100
1,3743,p1,100,3.17725e-05,2.97923,100
1,3600,p1,134,4.66454e-05,8.02028,50
1,3601,p1,165,4.76002e-05,8.37075,50
1,3602,p1,127,5.15847e-05,9.49241,50
1,3603,p1,121,5.00475e-05,9.56109,50
1,3604,p1,151,5.33696e-05,9.74207,50
1,3605,p1,145,5.36597e-05,9.89176,50
1,3606,p1,129,5.49228e-05,10.0679,50
1,3607,p1,138,5.45657e-05,10.2607,50
1,3608,p1,126,5.50113e-05,10.7521,50
1,3609,p1,154,5.73952e-05,11.5386,50
1,3610,p1,123,5.51107e-05,11.7281,50
1,3611,p1,135,5.60672e-05,10.4157,50
1,3612,p1,132,5.65725e-05,10.6233,50
1,3613,p1,151,5.73826e-05,11.9414,50
1,4150,p1,111,8.42095e-05,0.0315308,30
1,4151,p1,127,8.72354e-05,-0.217253,30
1,4152,p1,182,8.87788e-05,-0.134087,30
1,4153,p1,103,9.00283e-05,-0.102753,30
1,4154,p1,148,9.49368e-05,-0.273829,30
1,4155,p1,164,9.35931e-05,-0.200778,30
1,4156,p1,81,8.65226e-05,-0.169105,30
1,4157,p1,154,8.41206e-05,0.169896,30
1,1188,p1,1279,5.41006e-05,10.0036,10
1,4158,p1,183,8.84831e-05,-0.187559,30
1,4159,p1,91,8.95816e-05,0.050979,30
1,4160,p1,116,8.78248e-05,0.0197654,30
1,4161,p1,177,9.05562e-05,-0.712061,30
1,4162,p1,90,8.67593e-05,0.0968029,30
1,4163,p1,144,8.92306e-05,-0.202617,30
1,4164,p1,95,8.90493e-05,-0.226951,30
1,4165,p1,144,8.66676e-05,0.411175,30
1,4166,p1,117,9.25601e-05,-0.353891,30
1,4167,p1,127,9.03205e-05,-0.256249,30
1,4168,p1,89,9.37218e-05,-0.515969,30
1,4169,p1,114,8.76347e-05,-0.0072357,30
1,4170,p1,130,9.1997e-05,-1.09368,30
1,3744,p1,178,2.73453e-05,2.93678,100
1,4171,p1,103,8.34155e-05,0.000726787,30
1,3745,p1,134,2.01144e-05,3.20913,100
1,4172,p1,121,8.86674e-05,-0.03159,30
1,3746,p1,100,2.87575e-05,3.30034,100
1,4173,p1,147,8.83354e-05,-0.214112,30
1,3747,p1,147,2.27023e-05,3.09513,100
1,4174,p1,135,8.88351e-05,0.0523522,30
1,3748,p1,164,2.21118e-05,3.29352,100
1,2275,p1,1036,8.17709e-05,20.0903,20
1,3749,p1,129,2.82156e-05,3.56969,100
1,2276,p1,1220,8.60732e-05,19.8601,20
1,3614,p1,119,5.58658e-05,12.6885,50
1,1189,p1,1270,5.44892e-05,9.9841,10
1,3615,p1,164,5.63381e-05,13.3248,50
1,3616,p1,98,5.29342e-05,14.2012,50
1,3617,p1,152,5.4547e-05,13.1047,50
1,3618,p1,150,5.62756e-05,12.4539,50
1,3619,p1,103,5.49962e-05,11.6761,50
1,3620,p1,162,5.84555e-05,12.4362,50
1,3621,p1,136,5.62113e-05,12.5491,50
1,4175,p1,159,9.203e-05,-0.183958,30
1,4176,p1,200,9.58416e-05,-0.3898,30
1,4177,p1,73,9.5212e-05,-0.120211,30
1,4178,p1,97,8.84584e-05,0.0904691,30
1,4179,p1,191,8.99026e-05,0.272438,30
1,4180,p1,134,9.92732e-05,-0.0398745,30
1,4181,p1,99,0.000100207,0.0195838,30
1,4182,p1,145,0.000103474,-0.323839,30
1,4183,p1,136,0.000104291,-0.718045,30
1,4184,p1,176,9.8982e-05,-0.382684,30
1,4185,p1,104,8.42932e-05,0.72019,30
1,4186,p1,139,7.81753e-05,1.4474,30
1,4187,p1,200,7.21488e-05,1.85798,30
1,4188,p1,113,7.39103e-05,1.55244,30
1,4189,p1,150,7.5398e-05,1.54754,30
1,4190,p1,153,6.59603e-05,2.08592,30
1,4191,p1,132,6.34524e-05,2.53695,30
1,4192,p1,186,7.21699e-05,2.19877,30
1,1190,p1,1309,5.39009e-05,9.99488,10
1,1191,p1,1261,5.61506e-05,10.0197,10
1,3622,p1,145,5.86516e-05,10.7646,50
1,3623,p1,159,5.61265e-05,10.2326,50
1,3624,p1,152,5.7476e-05,10.907,50
1,3625,p1,124,5.69722e-05,8.97992,50
1,3626,p1,170,5.47121e-05,8.90594,50
1,3627,p1,113,5.67648e-05,8.91876,50
1,3628,p1,150,5.69967e-05,9.80948,50
1,3629,p1,135,5.27852e-05,8.23437,50
1,3630,p1,136,5.4249e-05,9.66341,50
1,3631,p1,115,5.56643e-05,9.52248,50
1,2277,p1,1295,8.41223e-05,19.9437,20
1,2278,p1,1126,8.4053e-05,19.9388,20
1,4193,p1,98,6.68451e-05,2.32931,30
1,4194,p1,145,6.257e-05,2.55065,30
1,4195,p1,98,6.95127e-05,1.84168,30
1,4196,p1,141,7.61496e-05,1.66827,30
1,4197,p1,148,6.6854e-05,2.12025,30
1,4198,p1,104,6.77237e-05,2.18017,30
1,4199,p1,109,6.11148e-05,2.65917,30
1,1192,p1,1304,5.55238e-05,10.009,10
1,3632,p1,128,5.26917e-05,8.20672,50
1,3633,p1,122,5.46036e-05,8.46551,50
1,3634,p1,106,5.55398e-05,9.59478,50
1,3635,p1,103,5.38934e-05,8.22983,50
1,3636,p1,171,5.7254e-05,9.38563,50
1,3637,p1,155,5.8251e-05,10.9327,50
1,3638,p1,95,5.46981e-05,10.6343,50
1,3639,p1,120,5.5758e-05,10.7769,50
1,3640,p1,170,5.55599e-05,10.9448,50
1,2279,p1,1033,8.51818e-05,19.8416,20
1,2280,p1,1034,8.56302e-05,19.9882,20
1,2281,p1,1156,8.61377e-05,19.9982,20
1,3641,p1,129,5.36602e-05,12.8526,50
1,3642,p1,118,5.36487e-05,12.1575,50
1,3643,p1,102,5.21107e-05,12.4506,50
1,3644,p1,188,5.18375e-05,12.7859,50
1,3645,p1,123,5.31145e-05,11.9283,50
1,3646,p1,108,5.28464e-05,12.223,50
1,3647,p1,130,5.26358e-05,12.1121,50
1,3648,p1,165,5.33126e-05,12.9246,50
1,1193,p1,1350,5.57646e-05,10.0176,10
1,2282,p1,1074,8.87333e-05,19.8035,20
1,2283,p1,1069,8.82992e-05,19.8985,20
1,3649,p1,176,5.30701e-05,12.3643,50
1,3650,p1,95,5.40454e-05,12.805,50
1,3651,p1,158,5.24629e-05,12.6703,50
1,3652,p1,107,5.22517e-05,13.7683,50
1,3653,p1,135,5.27676e-05,12.508,50
1,3654,p1,124,5.49766e-05,12.5314,50
1,3655,p1,162,5.25987e-05,14.1619,50
1,3656,p1,126,5.44224e-05,13.564,50
1,3657,p1,94,5.72787e-05,13.8647,50
1,3658,p1,132,5.43701e-05,13.8259,50
1,4200,p1,132,6.20222e-05,2.54004,30
1,4201,p1,152,6.15761e-05,2.56187,30
1,1194,p1,1325,5.44236e-05,10.0206,10
1,4202,p1,134,5.33593e-05,3.2379,30
1,4203,p1,146,5.72009e-05,3.25887,30
1,4204,p1,131,3.73096e-05,4.21608,30
1,4205,p1,175,3.59184e-05,4.26079,30
1,4206,p1,149,6.10837e-05,2.94643,30
1,4207,p1,170,7.97187e-05,1.89786,30
1,4208,p1,110,7.1119e-05,2.36673,30
1,4209,p1,200,6.84856e-05,2.72442,30
1,4210,p1,110,7.32322e-05,2.36539,30
1,4211,p1,119,7.71669e-05,2.08625,30
1,4212,p1,178,6.90801e-05,2.60932,30
1,4213,p1,112,7.08008e-05,2.58587,30
1,4214,p1,89,7.83601e-05,1.97888,30
1,4215,p1,153,8.5427e-05,1.48312,30
1,4216,p1,138,8.7746e-05,1.50158,30
1,4217,p1,113,9.57217e-05,0.683659,30
1,4218,p1,104,8.64335e-05,1.3881,30
1,3659,p1,157,5.93505e-05,14.2699,50
1,3660,p1,144,5.68352e-05,14.0394,50
1,3661,p1,152,5.75805e-05,14.728,50
1,3662,p1,81,5.91168e-05,14.4786,50
1,3663,p1,95,5.75651e-05,13.6049,50
1,3664,p1,154,5.82352e-05,13.8171,50
1,3665,p1,115,5.80639e-05,14.3319,50
1,3666,p1,131,5.77647e-05,14.5869,50
1,3667,p1,159,5.77414e-05,14.1295,50
1,3668,p1,100,5.59025e-05,14.4495,50
1,3669,p1,157,6.07467e-05,14.2126,50
1,4219,p1,135,9.53322e-05,0.444988,30
1,4220,p1,167,0.000101649,-0.805589,30
1,4221,p1,159,0.000100363,0.0937024,30
1,4222,p1,124,0.000104098,-0.472627,30
1,4223,p1,123,8.83984e-05,1.12316,30
1,4224,p1,136,9.48419e-05,0.512035,30
1,4225,p1,142,8.08208e-05,1.57792,30
1,4226,p1,128,8.82895e-05,1.40909,30
1,4227,p1,171,8.73992e-05,1.13409,30
1,4228,p1,91,9.29175e-05,0.674144,30
1,4229,p1,149,0.00010297,0.0146264,30
1,2284,p1,1086,8.89995e-05,19.9593,20
1,4230,p1,134,9.93685e-05,0.799399,30
1,3670,p1,159,5.74726e-05,14.3902,50
1,4231,p1,113,0.000106849,0.0569684,30
1,3671,p1,136,5.70967e-05,15.2952,50
1,4232,p1,148,9.23939e-05,1.36277,30
1,3672,p1,138,5.70875e-05,15.0964,50
1,4233,p1,132,0.000100666,0.491203,30
1,3673,p1,151,5.84639e-05,16.056,50
1,4234,p1,140,9.77176e-05,1.05643,30
1,4235,p1,122,8.92979e-05,1.47612,30
1,3674,p1,143,5.90496e-05,14.751,50
1,4236,p1,156,7.95318e-05,1.56909,30
1,3675,p1,133,5.98474e-05,14.3995,50
1,4237,p1,176,6.78583e-05,1.63129,30
1,3676,p1,139,5.7365e-05,15.2207,50
1,2285,p1,1216,8.83448e-05,19.8174,20
1,3677,p1,136,6.00738e-05,13.9457,50
1,4238,p1,165,8.01701e-05,0.96977,30
1,4239,p1,138,7.4242e-05,0.83655,30
1,3678,p1,162,6.16987e-05,14.2396,50
1,1195,p1,1348,5.4638e-05,10.0351,10
1,1196,p1,1300,5.38148e-05,10.031,10
1,3679,p1,157,5.66968e-05,13.692,50
1,3680,p1,122,5.56352e-05,13.8051,50
1,3681,p1,95,5.73518e-05,14.454,50
1,3682,p1,120,5.78573e-05,13.7102,50
1,2286,p1,1071,8.59944e-05,19.9629,20
1,3683,p1,120,5.94337e-05,14.3229,50
1,3684,p1,146,6.31188e-05,14.2804,50
1,3685,p1,162,6.07834e-05,14.9799,50
1,3686,p1,123,5.97112e-05,14.453,50
1,3687,p1,112,6.16342e-05,15.1991,50
1,3688,p1,153,6.06376e-05,14.8373,50
1,4240,p1,133,7.2884e-05,0.383827,30
1,4241,p1,149,8.23762e-05,-0.211469,30
1,4242,p1,144,6.77228e-05,0.817467,30
1,4243,p1,105,8.80712e-05,-0.13747,30
1,4244,p1,144,6.45925e-05,0.356994,30
1,4245,p1,82,7.65266e-05,-0.445858,30
1,4246,p1,142,8.70413e-05,-0.427808,30
1,4247,p1,122,7.96768e-05,-0.0926194,30
1,4248,p1,131,7.07182e-05,0.11422,30
1,4249,p1,167,8.22263e-05,-0.258356,30
1,2287,p1,1140,8.89614e-05,19.9472,20
1,1197,p1,1278,5.31252e-05,10.0123,10
1,1198,p1,1320,5.39215e-05,10.0219,10
1,3750,p1,128,2.67352e-05,3.17449,100
1,3751,p1,160,2.29068e-05,3.47409,100
1,3752,p1,154,2.15702e-05,3.55203,100
1,3753,p1,135,1.74529e-05,3.11916,100
1,3754,p1,124,2.24977e-05,3.40014,100
1,3755,p1,135,2.10916e-05,3.53344,100
1,3756,p1,138,2.27431e-05,3.5339,100
1,3757,p1,140,2.11286e-05,3.26131,100
1,3758,p1,171,1.78821e-05,3.41089,100
1,3759,p1,114,2.11165e-05,3.78183,100
1,2288,p1,1039,8.56103e-05,19.9905,20
1,2289,p1,1265,8.74847e-05,20.0163,20
1,3760,p1,113,1.80785e-05,3.31795,100
1,3761,p1,136,1.70264e-05,3.0576,100
1,3762,p1,119,1.82268e-05,3.14967,100
1,3763,p1,147,1.93979e-05,3.37904,100
1,3764,p1,146,2.05024e-05,3.60967,100
1,3765,p1,104,1.916e-05,3.3455,100
1,3766,p1,183,1.93413e-05,3.11906,100
1,3767,p1,128,2.15128e-05,3.2382,100
1,3768,p1,137,2.03583e-05,3.01495,100
1,3769,p1,88,2.0195e-05,2.95731,100
1,3770,p1,134,1.74749e-05,2.53023,100
1,3771,p1,180,1.97198e-05,2.84523,100
1,3772,p1,118,2.05972e-05,2.65797,100
1,3773,p1,135,1.99866e-05,3.05459,100
1,3774,p1,124,2.15973e-05,2.97485,100
1,3775,p1,126,2.09946e-05,2.897,100
1,3776,p1,137,2.14564e-05,3.06794,100
1,3777,p1,130,2.30109e-05,3.06164,100
1,3778,p1,129,2.26976e-05,2.57511,100
1,3779,p1,116,2.33045e-05,2.56757,100
1,3780,p1,129,2.12151e-05,2.71816,100
1,3781,p1,117,2.28906e-05,2.49874,100
1,3782,p1,171,2.29235e-05,2.59951,100
1,3689,p1,155,6.28872e-05,15.3776,50
1,3783,p1,125,1.91034e-05,2.40319,100
1,3690,p1,152,5.99015e-05,14.9851,50
1,3784,p1,120,1.62635e-05,2.18501,100
1,3691,p1,96,5.85645e-05,14.167,50
1,3785,p1,157,1.71453e-05,1.87717,100
1,3692,p1,154,5.60316e-05,14.281,50
1,3693,p1,141,5.5966e-05,15.1075,50
1,3786,p1,184,1.67213e-05,2.13714,100
1,3694,p1,162,5.61818e-05,14.4746,50
1,3787,p1,161,1.51551e-05,2.21703,100
1,3695,p1,126,5.69986e-05,15.2531,50
1,3788,p1,136,1.59072e-05,2.07653,100
1,3696,p1,150,5.55909e-05,15.4451,50
1,3789,p1,113,1.65867e-05,2.012,100
1,3697,p1,101,5.28517e-05,14.9566,50
1,3790,p1,157,1.90708e-05,2.02329,100
1,3698,p1,162,5.57038e-05,15.4104,50
1,3791,p1,150,1.82951e-05,2.09542,100
1,3699,p1,130,5.55047e-05,15.4411,50
1,3792,p1,116,1.67137e-05,2.20446,100
1,1199,p1,1298,5.28465e-05,10.0318,10
1,2290,p1,1047,8.65084e-05,19.9886,20
1,3793,p1,160,1.475e-05,2.10368,100
1,3794,p1,90,1.64537e-05,2.01027,100
1,3795,p1,146,1.78579e-05,2.17376,100
1,3796,p1,152,2.05166e-05,2.26079,100
1,3797,p1,126,1.96422e-05,2.10973,100
1,3798,p1,118,2.2031e-05,2.18271,100
1,3799,p1,130,2.31243e-05,2.80731,100
1,3800,p1,166,2.20872e-05,2.67041,100
1,3801,p1,124,1.95327e-05,2.25001,100
1,3802,p1,118,2.1877e-05,2.2697,100
1,3803,p1,193,2.36902e-05,2.72086,100
1,3804,p1,63,2.38637e-05,2.74183,100
1,3805,p1,120,2.54451e-05,2.99074,100
1,3806,p1,130,2.76482e-05,2.59608,100
1,3807,p1,131,2.91463e-05,2.5554,100
1,3808,p1,174,2.83226e-05,2.6244,100
1,3809,p1,104,2.92479e-05,2.12364,100
1,3810,p1,200,2.87554e-05,2.3486,100
1,3811,p1,120,2.84437e-05,2.33582,100
1,3700,p1,159,5.58823e-05,15.3054,50
1,3701,p1,99,4.83879e-05,13.6829,50
1,3702,p1,125,4.95126e-05,14.1856,50
1,3703,p1,141,5.04711e-05,13.9255,50
1,3704,p1,183,5.32723e-05,14.4837,50
1,3705,p1,132,5.06485e-05,14.203,50
1,3706,p1,139,5.26893e-05,14.8515,50
1,3707,p1,131,4.95338e-05,14.1702,50
1,3708,p1,172,5.23793e-05,14.8194,50
1,3709,p1,109,4.83655e-05,13.3738,50
1,3710,p1,131,4.86018e-05,13.87,50
1,3711,p1,182,4.95695e-05,13.8889,50
1,3712,p1,160,5.10795e-05,13.9526,50
1,3713,p1,131,4.88518e-05,13.273,50
1,3714,p1,104,4.80774e-05,13.3378,50
1,2291,p1,1093,8.84285e-05,19.9287,20
1,2292,p1,1164,9.0378e-05,19.8499,20
1,3715,p1,121,4.44481e-05,12.7179,50
1,3716,p1,166,4.21874e-05,12.6441,50
1,3717,p1,112,4.35814e-05,12.9909,50
1,3718,p1,128,4.18393e-05,12.5069,50
1,3719,p1,93,4.54394e-05,12.8456,50
1,3720,p1,115,4.70979e-05,13.1311,50
1,3721,p1,143,4.31109e-05,12.5176,50
1,3722,p1,204,4.80152e-05,13.1437,50
1,3723,p1,161,4.92165e-05,13.5687,50
1,3724,p1,126,4.50129e-05,12.6044,50
1,3812,p1,130,2.87124e-05,2.06991,100
1,3813,p1,201,2.94725e-05,1.80146,100
1,3814,p1,116,3.35088e-05,1.92492,100
1,3815,p1,117,3.12978e-05,2.58934,100
1,3816,p1,104,3.23655e-05,1.8881,100
1,3817,p1,143,3.64108e-05,2.59859,100
1,3818,p1,99,3.43184e-05,1.67508,100
1,3819,p1,117,3.52659e-05,3.02455,100
1,3820,p1,128,3.72208e-05,2.9104,100
1,3821,p1,126,3.66641e-05,2.32741,100
1,2293,p1,1064,8.4139e-05,19.9267,20
1,2294,p1,1195,8.23697e-05,20.0453,20
1,3822,p1,108,3.77598e-05,2.80003,100
1,3823,p1,134,3.7801e-05,2.56471,100
1,3824,p1,145,3.95974e-05,3.34385,100
1,3825,p1,140,4.13536e-05,2.60898,100
1,3826,p1,131,4.1381e-05,3.08957,100
1,3827,p1,128,3.95142e-05,2.34978,100
1,3828,p1,140,4.07781e-05,2.89409,100
1,3829,p1,146,4.30585e-05,3.00738,100
1,3830,p1,99,4.24059e-05,2.63143,100
1,3831,p1,168,4.24306e-05,3.1501,100
1,3725,p1,194,4.84269e-05,12.8358,50
1,3726,p1,94,4.96565e-05,12.7956,50
1,3727,p1,127,4.90812e-05,12.9606,50
1,3728,p1,150,4.59396e-05,12.5721,50
1,3729,p1,111,4.12146e-05,12.0389,50
1,3730,p1,125,4.34784e-05,12.615,50
1,3731,p1,115,5.04888e-05,13.3502,50
1,3732,p1,136,3.9175e-05,12.2307,50
1,3733,p1,164,4.10849e-05,12.1626,50
1,2295,p1,989,8.67784e-05,19.9453,20
1,2296,p1,1111,8.65082e-05,19.921,20
1,3832,p1,130,3.98047e-05,2.57821,100
1,3833,p1,128,3.89914e-05,2.30458,100
1,3834,p1,114,3.66328e-05,2.08153,100
1,3835,p1,171,3.64832e-05,1.46085,100
1,3836,p1,174,3.67088e-05,2.09416,100
1,3837,p1,124,3.94316e-05,2.24689,100
1,3838,p1,130,3.82873e-05,2.2158,100
1,3839,p1,153,3.89596e-05,2.19987,100
1,3840,p1,187,3.94052e-05,2.37639,100
1,3841,p1,167,3.85987e-05,2.26737,100
1,3842,p1,98,3.58299e-05,2.11202,100
1,3843,p1,163,3.54264e-05,1.83922,100
1,3844,p1,140,3.55168e-05,1.68638,100
1,3845,p1,94,3.79108e-05,2.24624,100
1,3846,p1,143,3.76992e-05,2.06589,100
1,3847,p1,151,3.69015e-05,1.87353,100
1,3734,p1,112,4.5515e-05,12.9122,50
1,3735,p1,114,4.31402e-05,12.3106,50
1,3736,p1,169,4.29013e-05,11.8469,50
1,3737,p1,144,5.4958e-05,12.218,50
1,3738,p1,91,4.16121e-05,10.9779,50
1,2297,p1,1114,9.06457e-05,19.9396,20
1,3739,p1,184,3.71107e-05,10.7359,50
1,3740,p1,197,4.82164e-05,11.6262,50
1,3741,p1,107,5.68242e-05,11.8843,50
1,3742,p1,132,4.86157e-05,10.3644,50
1,3743,p1,142,4.89566e-05,10.5659,50
1,3744,p1,151,4.96134e-05,10.3921,50
1,3745,p1,172,4.64829e-05,9.7826,50
1,3746,p1,130,5.14e-05,10.3682,50
1,3747,p1,148,5.26018e-05,10.9904,50
1,4250,p1,162,8.02976e-05,0.277678,30
1,4251,p1,127,8.31307e-05,-0.138094,30
1,4252,p1,148,7.40967e-05,0.480394,30
1,4253,p1,136,7.26022e-05,-0.050775,30
1,4254,p1,134,7.51779e-05,-0.0989053,30
1,4255,p1,146,7.6922e-05,0.0741336,30
1,4256,p1,129,7.62277e-05,-0.436362,30
1,4257,p1,126,7.25154e-05,0.221741,30
1,4258,p1,116,8.80589e-05,0.187603,30
1,4259,p1,155,8.7727e-05,0.112593,30
1,4260,p1,145,6.20899e-05,-0.0398516,30
1,4261,p1,168,6.55361e-05,0.070052,30
1,4262,p1,97,5.94309e-05,1.84909,30
1,4263,p1,146,6.11269e-05,1.18211,30
1,4264,p1,119,6.46875e-05,1.36014,30
1,4265,p1,120,6.43812e-05,1.50294,30
1,4266,p1,158,6.22208e-05,1.52774,30
1,4267,p1,157,7.23893e-05,1.11368,30
1,2298,p1,1042,8.99255e-05,19.9004,20
1,2299,p1,1170,8.64926e-05,19.9261,20
1,4268,p1,131,7.2258e-05,1.18549,30
1,4269,p1,155,7.07159e-05,0.355459,30
1,4270,p1,105,7.09787e-05,-0.0412079,30
1,4271,p1,185,8.13728e-05,-0.144561,30
1,4272,p1,126,9.79189e-05,-0.26006,30
1,4273,p1,106,9.20608e-05,0.31449,30
1,4274,p1,117,0.000101582,-0.291685,30
1,4275,p1,108,0.000103358,-0.800159,30
1,4276,p1,115,0.00010405,-0.897116,30
1,4277,p1,182,9.56453e-05,0.325058,30
1,4278,p1,143,7.83371e-05,-0.325911,30
1,3748,p1,107,5.01664e-05,11.0625,50
1,3749,p1,144,5.05015e-05,10.9145,50
1,3848,p1,112,3.62687e-05,1.82133,100
1,3849,p1,143,3.705e-05,1.80597,100
1,4279,p1,103,8.17782e-05,0.502113,30
1,4280,p1,125,6.93334e-05,0.566854,30
1,4281,p1,180,7.61992e-05,0.436947,30
1,4282,p1,141,7.45632e-05,0.266322,30
1,4283,p1,150,7.10764e-05,0.386004,30
1,4284,p1,183,7.8469e-05,0.802411,30
1,4285,p1,137,6.68832e-05,-0.146883,30
1,4286,p1,104,6.29521e-05,-0.0151596,30
1,4287,p1,184,7.3983e-05,0.190151,30
1,4288,p1,160,7.8666e-05,-0.56468,30
1,4289,p1,109,7.35388e-05,0.455034,30
1,4290,p1,185,7.72478e-05,0.494885,30
1,4291,p1,126,7.73784e-05,0.101238,30
1,4292,p1,116,7.80585e-05,-0.0952947,30
1,4293,p1,113,7.43872e-05,0.202755,30
1,4294,p1,152,8.77699e-05,-0.555089,30
1,4295,p1,99,0.000101252,-0.921655,30
1,4296,p1,162,7.613e-05,-0.00167072,30
1,4297,p1,102,0.000105181,-1.27757,30
1,4298,p1,174,0.000102577,-0.94155,30
1,4299,p1,154,0.000107882,-0.269728,30
1,1200,p1,1329,5.23252e-05,10.0493,10
1,1201,p1,1104,5.16061e-05,10.0417,10
1,1202,p1,1472,5.14449e-05,10.0461,10
1,1203,p1,1423,5.17647e-05,10.0621,10
1,1204,p1,1251,5.18737e-05,10.0516,10
1,1205,p1,1280,5.0915e-05,10.0208,10
1,3750,p1,161,5.00413e-05,10.8837,50
1,3751,p1,129,5.53431e-05,10.3937,50
1,3752,p1,106,4.996e-05,9.78474,50
1,3753,p1,113,5.23056e-05,10.1695,50
1,3754,p1,182,5.66689e-05,10.2313,50
1,3755,p1,204,5.76031e-05,9.94531,50
1,3756,p1,77,5.17634e-05,9.77984,50
1,3757,p1,112,4.83115e-05,9.28175,50
1,3758,p1,193,5.91432e-05,10.3149,50
1,1206,p1,1453,5.18938e-05,10.0073,10
1,3759,p1,164,5.26008e-05,9.24262,50
1,3760,p1,126,4.71573e-05,8.6312,50
1,3761,p1,132,5.11668e-05,9.15094,50
1,3762,p1,122,5.61146e-05,9.44535,50
1,3763,p1,126,5.16852e-05,8.57538,50
1,3764,p1,150,4.79507e-05,8.40079,50
1,3765,p1,115,4.84832e-05,8.43642,50
1,3766,p1,115,5.48129e-05,8.98827,50
1,3767,p1,165,4.5285e-05,8.17623,50
1,3768,p1,126,4.82206e-05,8.6774,50
1,3769,p1,134,4.86272e-05,8.07707,50
1,3770,p1,129,6.02064e-05,8.78009,50
1,3771,p1,139,5.73306e-05,9.17393,50
1,3772,p1,177,5.39542e-05,9.17743,50
1,3773,p1,122,5.18211e-05,8.58621,50
1,3774,p1,82,4.75141e-05,8.91366,50
1,3850,p1,133,3.5883e-05,1.5778,100
1,3851,p1,131,3.87885e-05,1.91314,100
1,3852,p1,152,3.88775e-05,2.13408,100
1,3853,p1,130,3.70725e-05,1.84777,100
1,3854,p1,121,3.73824e-05,1.43211,100
1,3775,p1,121,4.74749e-05,9.10369,50
1,3855,p1,152,4.0211e-05,2.06534,100
1,3776,p1,114,5.00408e-05,9.0564,50
1,3856,p1,128,4.582e-05,2.79532,100
1,3857,p1,100,4.4293e-05,2.51626,100
1,3777,p1,150,4.768e-05,8.55777,50
1,3858,p1,134,4.09782e-05,2.01883,100
1,3778,p1,126,4.26257e-05,9.08192,50
1,3859,p1,132,4.30108e-05,2.3917,100
1,3779,p1,121,3.89188e-05,9.10221,50
1,3780,p1,138,3.63445e-05,8.80925,50
1,3860,p1,169,4.29992e-05,2.24213,100
1,3781,p1,136,3.53017e-05,8.76599,50
1,3861,p1,174,3.66868e-05,1.13115,100
1,3782,p1,116,3.80559e-05,9.5058,50
1,3862,p1,92,3.50354e-05,0.334117,100
1,3863,p1,142,3.87168e-05,1.17605,100
1,3783,p1,147,3.74966e-05,9.5097,50
1,3864,p1,125,3.86019e-05,1.0604,100
1,3784,p1,118,4.1232e-05,9.38422,50
1,3785,p1,104,4.29516e-05,9.29075,50
1,3865,p1,141,2.76857e-05,0.0693016,100
1,3866,p1,106,2.61784e-05,0.188742,100
1,3786,p1,178,3.8926e-05,9.5679,50
1,3867,p1,144,3.00002e-05,0.859796,100
1,3787,p1,102,3.6721e-05,9.49552,50
1,3868,p1,149,2.83602e-05,0.633297,100
1,3788,p1,95,3.67878e-05,9.11567,50
1,3789,p1,169,3.13114e-05,9.24764,50
1,3790,p1,147,3.65565e-05,8.62037,50
1,3791,p1,136,3.21397e-05,8.12407,50
1,3792,p1,124,3.11407e-05,8.06717,50
1,3793,p1,145,3.79515e-05,9.00324,50
1,3794,p1,128,4.00201e-05,8.49685,50
1,3795,p1,148,3.98624e-05,8.04088,50
1,3796,p1,120,4.3009e-05,9.08625,50
1,3797,p1,148,4.25025e-05,8.08324,50
1,3798,p1,141,3.66151e-05,7.62608,50
1,3799,p1,150,3.54451e-05,7.89846,50
1,3869,p1,135,2.42373e-05,0.197785,100
1,3870,p1,162,2.40402e-05,0.508138,100
1,3871,p1,112,2.38951e-05,0.188861,100
1,3872,p1,149,2.51484e-05,0.0683814,100
1,3873,p1,101,2.80227e-05,-0.431452,100
1,3874,p1,156,2.68006e-05,-0.438893,100
1,3875,p1,184,2.69141e-05,-0.307422,100
1,3876,p1,132,2.29038e-05,-0.935343,100
1,3877,p1,164,2.12844e-05,-1.13231,100
1,3878,p1,132,2.68325e-05,-0.632286,100
1,3879,p1,118,2.94998e-05,-0.718408,100
1,3880,p1,165,2.95034e-05,-0.798553,100
1,3881,p1,129,2.96172e-05,-0.329159,100
1,3882,p1,113,2.64328e-05,-1.54522,100
1,3883,p1,155,2.36843e-05,-1.80046,100
1,3884,p1,132,2.65189e-05,-1.93573,100
1,3885,p1,100,2.36255e-05,-1.53862,100
1,3886,p1,177,2.2558e-05,-1.56949,100
1,3887,p1,130,2.64216e-05,-1.75341,100
1,3888,p1,98,2.38921e-05,-1.11172,100
1,3889,p1,163,2.42668e-05,-1.16354,100
1,3890,p1,104,2.51354e-05,-1.16257,100
1,3891,p1,195,2.44456e-05,-1.21396,100
1,3892,p1,96,2.35699e-05,-0.626239,100
1,3893,p1,119,2.3999e-05,-0.325605,100
1,3894,p1,158,2.63169e-05,-0.859223,100
1,3895,p1,184,2.82406e-05,-0.876341,100
1,3896,p1,166,2.6931e-05,-0.168922,100
1,3897,p1,78,2.73225e-05,0.199014,100
1,3898,p1,130,3.17219e-05,-0.554613,100
1,3899,p1,199,2.76017e-05,-0.161118,100
1,1207,p1,1476,5.14229e-05,10.0443,10
1,3900,p1,158,2.55324e-05,-0.0779885,100
1,3901,p1,126,3.03052e-05,-0.934113,100
1,1208,p1,1423,4.90913e-05,10.0223,10
1,1209,p1,1235,4.92847e-05,10.0228,10
1,3902,p1,143,2.97902e-05,0.176406,100
1,3903,p1,159,2.87255e-05,-0.276993,100
1,3904,p1,112,2.61117e-05,-0.0303514,100
1,3905,p1,112,2.66618e-05,0.0481328,100
1,3906,p1,190,2.91431e-05,-0.328213,100
1,3907,p1,143,2.98166e-05,-0.140214,100
1,3908,p1,95,2.78271e-05,-0.601175,100
1,3909,p1,115,3.02756e-05,-0.35174,100
1,3910,p1,196,2.86142e-05,-0.20874,100
1,3911,p1,119,2.88924e-05,-0.467422,100
1,3912,p1,81,3.2095e-05,0.57322,100
1,1210,p1,1328,4.96847e-05,10.0207,10
1,3913,p1,101,3.06289e-05,0.480067,100
1,3914,p1,198,3.3415e-05,-0.157375,100
1,3915,p1,168,3.88786e-05,-0.309775,100
1,3916,p1,133,4.11473e-05,0.116954,100
1,3917,p1,107,4.08975e-05,-0.0475674,100
1,3918,p1,130,4.3766e-05,-0.0641122,100
1,3919,p1,144,4.498e-05,0.264046,100
1,3920,p1,168,4.4564e-05,-0.161645,100
1,3921,p1,132,4.31683e-05,-0.116184,100
1,1211,p1,1265,4.88145e-05,10.0108,10
1,3922,p1,155,4.39806e-05,0.0723841,100
1,3923,p1,122,4.24795e-05,0.316033,100
1,3924,p1,134,4.24532e-05,0.719695,100
1,3925,p1,151,4.389e-05,0.668667,100
1,3926,p1,129,4.22955e-05,0.966686,100
1,3927,p1,117,4.53415e-05,0.424873,100
1,3928,p1,175,4.5346e-05,0.497773,100
1,3929,p1,162,4.56845e-05,0.730195,100
1,3930,p1,123,4.62526e-05,0.273516,100
1,3931,p1,108,4.27169e-05,1.16301,100
1,3932,p1,156,4.5445e-05,1.37314,100
1,3933,p1,164,4.91198e-05,0.824381,100
1,3934,p1,66,4.88051e-05,0.778728,100
1,1212,p1,1429,4.75997e-05,10.0009,10
1,3935,p1,141,4.91472e-05,0.841802,100
1,3936,p1,168,4.88377e-05,0.958844,100
1,3937,p1,127,5.12648e-05,-0.149672,100
1,3938,p1,107,5.19098e-05,-0.110014,100
1,3939,p1,158,5.09315e-05,0.732046,100
1,3940,p1,135,5.17012e-05,-0.400597,100
1,3941,p1,130,4.97953e-05,0.218104,100
1,3942,p1,132,5.0035e-05,0.300646,100
1,3943,p1,117,4.9138e-05,-0.381478,100
1,3944,p1,194,4.59568e-05,-0.590874,100
1,3945,p1,114,4.60261e-05,-0.699791,100
1,3946,p1,99,4.1908e-05,-1.34121,100
1,3947,p1,117,4.56063e-05,-0.894883,100
1,3948,p1,175,4.7599e-05,-0.690896,100
1,3949,p1,129,4.44967e-05,-1.90719,100
1,1213,p1,1346,4.75537e-05,10.0012,10
1,1214,p1,1202,4.83871e-05,10.005,10
1,2300,p1,973,9.12508e-05,19.8478,20
1,2301,p1,1102,9.08422e-05,20.0374,20
1,1215,p1,1358,4.85842e-05,10.0078,10
1,1216,p1,1408,4.9687e-05,10.0183,10
1,2302,p1,1095,8.92449e-05,19.9246,20
1,1217,p1,1224,5.01641e-05,10.0096,10
1,2303,p1,901,9.09274e-05,19.8757,20
1,4300,p1,111,0.000116557,-0.929221,30
1,4301,p1,137,0.000119237,-1.5924,30
1,4302,p1,180,0.000116836,-1.08282,30
1,4303,p1,134,0.000112982,-0.567637,30
1,4304,p1,158,0.000111348,-1.13638,30
1,4305,p1,104,0.000115255,-1.09905,30
1,4306,p1,117,0.000119217,-1.92601,30
1,4307,p1,153,0.000107159,-0.875368,30
1,4308,p1,190,0.000107773,-0.544929,30
1,4309,p1,137,0.000115587,-1.4111,30
1,4310,p1,101,0.000117576,-1.54019,30
1,4311,p1,155,0.000115606,-1.68751,30
1,4312,p1,157,0.000123205,-2.89064,30
1,4313,p1,177,0.00011881,-2.45485,30
1,4314,p1,130,0.000115093,-2.48667,30
1,4315,p1,100,0.000106166,-1.84331,30
1,4316,p1,133,0.000101164,-1.8379,30
1,4317,p1,164,8.6627e-05,-1.44415,30
1,4318,p1,128,0.000110305,-1.91738,30
1,4319,p1,97,0.000109692,-1.86596,30
1,4320,p1,189,0.000104906,-1.90941,30
1,4321,p1,130,0.000102473,-1.56709,30
1,4322,p1,160,0.000107948,-1.7422,30
1,2304,p1,1196,9.25723e-05,19.971,20
1,4323,p1,81,0.000115322,-1.64548,30
1,4324,p1,137,0.000107163,-1.51285,30
1,4325,p1,180,0.000101852,-0.96436,30
1,4326,p1,88,8.31282e-05,-1.30159,30
1,4327,p1,137,8.4581e-05,-1.00614,30
1,4328,p1,140,8.56431e-05,-1.38779,30
1,4329,p1,130,9.0508e-05,-1.29861,30
1,4330,p1,122,7.36331e-05,-1.25287,30
1,4331,p1,166,8.96474e-05,-1.58159,30
1,4332,p1,115,8.35618e-05,-1.4892,30
1,4333,p1,112,9.1545e-05,-1.80927,30
1,4334,p1,147,8.30624e-05,-1.47154,30
1,4335,p1,104,7.79197e-05,-1.24918,30
1,4336,p1,130,8.53e-05,-1.44172,30
1,4337,p1,169,7.86972e-05,-1.44823,30
1,1218,p1,1453,4.89879e-05,10.0005,10
1,2305,p1,974,9.44805e-05,19.8605,20
1,2306,p1,1061,9.38152e-05,19.9426,20
1,4338,p1,193,8.77991e-05,-1.6635,30
1,4339,p1,115,9.28348e-05,-1.40283,30
1,4340,p1,132,9.00967e-05,-1.15617,30
1,4341,p1,175,9.48771e-05,-1.47784,30
1,4342,p1,126,9.33428e-05,-1.55633,30
1,4343,p1,129,8.23722e-05,-1.17054,30
1,1219,p1,1248,4.95513e-05,10.0047,10
1,1220,p1,1318,4.97171e-05,10.003,10
1,4344,p1,127,9.3104e-05,-1.23997,30
1,4345,p1,143,0.00010788,-1.66585,30
1,4346,p1,133,9.57748e-05,-1.21207,30
1,4347,p1,157,9.15684e-05,-1.41578,30
1,4348,p1,132,9.24343e-05,-1.31767,30
1,4349,p1,119,9.68004e-05,-1.53572,30
1,1221,p1,1359,4.96184e-05,10.0102,10
1,3800,p1,117,3.82734e-05,7.96805,50
1,3801,p1,95,4.12166e-05,8.60474,50
1,3802,p1,149,4.24328e-05,8.58995,50
1,3803,p1,171,4.37795e-05,8.72529,50
1,3804,p1,142,4.18796e-05,9.47065,50
1,3805,p1,128,4.46628e-05,9.60336,50
1,3806,p1,167,4.13371e-05,8.76923,50
1,3807,p1,179,4.11708e-05,9.10431,50
1,3808,p1,146,4.2721e-05,9.65339,50
1,3809,p1,135,4.33833e-05,10.0416,50
1,3810,p1,169,4.25839e-05,9.09935,50
1,3811,p1,154,4.43654e-05,10.0653,50
1,3812,p1,154,4.40283e-05,9.37361,50
1,3813,p1,136,4.11489e-05,9.70436,50
1,3814,p1,111,4.72794e-05,10.177,50
1,3815,p1,123,4.48665e-05,10.0923,50
1,3816,p1,128,4.46915e-05,9.92332,50
1,3817,p1,113,4.10991e-05,10.0711,50
1,2307,p1,1098,9.2207e-05,19.9947,20
1,2308,p1,1078,9.32919e-05,19.9812,20
1,3818,p1,157,4.22157e-05,9.34901,50
1,3819,p1,126,4.12935e-05,9.27501,50
1,3820,p1,121,4.5726e-05,9.53287,50
1,3821,p1,145,4.19073e-05,9.83791,50
1,3822,p1,125,4.31658e-05,9.22236,50
1,3823,p1,146,4.07938e-05,9.29176,50
1,3824,p1,163,4.36904e-05,9.61629,50
1,3825,p1,102,4.56147e-05,9.82804,50
1,3826,p1,113,4.66951e-05,10.0401,50
1,3827,p1,135,4.54974e-05,10.1369,50
1,3828,p1,129,4.40959e-05,10.0886,50
1,3829,p1,131,4.64667e-05,10.2953,50
1,3830,p1,138,4.47503e-05,9.50702,50
1,3831,p1,143,4.46521e-05,9.31349,50
1,3832,p1,95,4.36737e-05,8.78763,50
1,3833,p1,98,4.58215e-05,9.71023,50
1,3834,p1,129,4.53651e-05,9.60476,50
1,3835,p1,157,4.35971e-05,9.66096,50
1,3836,p1,91,4.53804e-05,9.6571,50
1,3837,p1,114,4.60738e-05,9.70662,50
1,3838,p1,166,4.49145e-05,9.39709,50
1,1222,p1,1235,4.94062e-05,9.99893,10
1,2309,p1,1097,9.24239e-05,19.9291,20
1,3839,p1,120,4.0951e-05,8.1491,50
1,3840,p1,139,3.92619e-05,7.85207,50
1,3841,p1,135,4.10968e-05,8.18176,50
1,3842,p1,149,3.95939e-05,7.59304,50
1,3843,p1,123,3.89775e-05,6.90091,50
1,3844,p1,151,4.22249e-05,8.13056,50
1,3845,p1,113,4.24959e-05,8.01437,50
1,3846,p1,151,4.35766e-05,7.70542,50
1,3847,p1,132,4.61191e-05,8.61036,50
1,3848,p1,157,4.83237e-05,9.11867,50
1,3950,p1,72,4.6414e-05,-1.55168,100
1,3951,p1,140,4.66288e-05,-1.92465,100
1,3952,p1,130,4.84275e-05,-1.79228,100
1,3953,p1,112,4.70719e-05,-2.43905,100
1,3954,p1,140,5.29515e-05,-1.7761,100
1,1223,p1,1389,4.93438e-05,9.98208,10
1,3955,p1,149,5.01169e-05,-2.61002,100
1,3956,p1,117,4.54701e-05,-2.75806,100
1,3957,p1,135,4.84033e-05,-2.56091,100
1,3958,p1,144,4.93236e-05,-2.36489,100
1,3959,p1,113,4.89036e-05,-2.18077,100
1,1224,p1,1408,5.05208e-05,10.0194,10
1,2310,p1,995,9.09375e-05,19.9294,20
1,2311,p1,1191,9.46859e-05,19.852,20
1,3849,p1,134,4.67231e-05,8.90146,50
1,3960,p1,183,4.96629e-05,-2.34506,100
1,3961,p1,144,4.8038e-05,-2.72095,100
1,3962,p1,96,4.59456e-05,-2.68809,100
1,3963,p1,134,4.4469e-05,-2.52087,100
1,3964,p1,147,4.54901e-05,-3.05717,100
1,3965,p1,115,4.96522e-05,-2.89843,100
1,3966,p1,145,4.94159e-05,-3.08356,100
1,3967,p1,125,5.06506e-05,-3.02566,100
1,3968,p1,164,4.82193e-05,-2.59444,100
1,3969,p1,135,4.40247e-05,-3.13077,100
1,3970,p1,116,5.09583e-05,-3.38151,100
1,4350,p1,119,9.63816e-05,-1.76193,30
1,4351,p1,129,9.85464e-05,-2.00133,30
1,4352,p1,133,8.6982e-05,-1.62449,30
1,4353,p1,112,7.84961e-05,-1.71257,30
1,4354,p1,128,8.28677e-05,-1.78337,30
1,4355,p1,108,8.51573e-05,-2.00289,30
1,4356,p1,134,7.01222e-05,-1.92022,30
1,2312,p1,1156,9.31585e-05,19.8798,20
1,4357,p1,166,8.329e-05,-1.88068,30
1,4358,p1,93,8.18407e-05,-1.95561,30
1,4359,p1,112,7.44041e-05,-1.66202,30
1,4360,p1,191,6.73748e-05,-1.59053,30
1,3971,p1,155,4.73883e-05,-3.00203,100
1,3972,p1,159,4.22074e-05,-3.22511,100
1,3973,p1,120,4.67378e-05,-3.26641,100
1,3974,p1,149,4.92951e-05,-3.34741,100
1,3975,p1,150,4.69462e-05,-3.24794,100
1,3976,p1,133,4.5104e-05,-3.40836,100
1,3977,p1,155,4.24458e-05,-3.5691,100
1,3978,p1,171,4.2346e-05,-3.60911,100
1,3979,p1,150,3.97491e-05,-3.46644,100
1,4361,p1,163,9.80118e-05,-2.55996,30
1,4362,p1,159,0.000107399,-2.4281,30
1,4363,p1,126,0.000102133,-2.20957,30
1,4364,p1,124,0.000107449,-2.65247,30
1,4365,p1,108,0.000106199,-2.75044,30
1,4366,p1,127,0.000104363,-2.9397,30
1,4367,p1,183,0.000112335,-2.99541,30
1,4368,p1,159,0.000103376,-2.61117,30
1,4369,p1,166,0.000106456,-3.13195,30
1,1225,p1,1394,4.98212e-05,10.0193,10
1,1226,p1,1226,4.96569e-05,10.0217,10
1,4370,p1,155,0.000105806,-2.87537,30
1,4371,p1,85,0.000104307,-2.51804,30
1,4372,p1,146,9.84343e-05,-2.28698,30
1,4373,p1,202,0.000106127,-2.7027,30
1,4374,p1,120,0.000101876,-2.59482,30
1,4375,p1,119,0.00010067,-2.53191,30
1,4376,p1,173,9.67896e-05,-2.50101,30
1,4377,p1,164,9.96959e-05,-2.56809,30
1,4378,p1,92,0.000110443,-2.50046,30
1,2313,p1,1108,9.37856e-05,19.9414,20
1,3980,p1,103,3.97455e-05,-3.39443,100
1,3981,p1,155,4.0389e-05,-3.75396,100
1,3982,p1,186,3.71725e-05,-3.95559,100
1,3983,p1,130,4.44207e-05,-2.98973,100
1,3984,p1,114,4.1604e-05,-3.02734,100
1,2314,p1,1076,9.2004e-05,19.9941,20
1,3985,p1,152,3.81966e-05,-3.30498,100
1,3986,p1,166,3.63115e-05,-3.51588,100
1,3987,p1,160,3.70576e-05,-3.30205,100
1,3988,p1,108,4.18424e-05,-3.31782,100
1,4379,p1,118,0.000102715,-2.55808,30
1,4380,p1,162,0.000102586,-2.50382,30
1,4381,p1,184,8.58428e-05,-2.23043,30
1,4382,p1,94,9.59931e-05,-2.09391,30
1,4383,p1,138,9.21595e-05,-2.1912,30
1,4384,p1,168,8.15919e-05,-2.05151,30
1,4385,p1,131,7.76257e-05,-2.12886,30
1,4386,p1,93,0.000107584,-2.36603,30
1,4387,p1,189,8.67243e-05,-1.796,30
1,4388,p1,129,7.49516e-05,-1.78699,30
1,3989,p1,117,2.93487e-05,-3.56577,100
1,3990,p1,155,3.48418e-05,-3.38125,100
1,3991,p1,186,3.50225e-05,-3.17486,100
1,3992,p1,127,3.22146e-05,-3.64395,100
1,3993,p1,119,3.68233e-05,-3.21012,100
1,3994,p1,128,3.45154e-05,-3.22889,100
1,3995,p1,137,3.36622e-05,-3.5426,100
1,3996,p1,177,3.30912e-05,-3.49464,100
1,3997,p1,77,2.7406e-05,-3.672,100
1,3998,p1,99,2.61489e-05,-3.54766,100
1,3999,p1,159,2.63852e-05,-3.54457,100
1,1227,p1,1267,4.94156e-05,10.0292,10
1,2315,p1,1005,9.11526e-05,20.0944,20
1,2316,p1,1125,9.60337e-05,19.8847,20
1,1228,p1,1299,4.96456e-05,10.0277,10
1,1229,p1,1366,4.92118e-05,10.0169,10
1,4389,p1,136,8.16239e-05,-1.8116,30
1,4390,p1,127,6.7786e-05,-1.84956,30
1,4391,p1,151,6.36093e-05,-1.54254,30
1,4392,p1,131,5.3047e-05,-1.57577,30
1,4393,p1,154,7.26216e-05,-2.13785,30
1,4394,p1,161,5.63425e-05,-1.46247,30
1,4395,p1,105,5.75175e-05,-1.64545,30
1,4396,p1,185,6.30828e-05,-1.68911,30
1,4397,p1,109,5.96276e-05,-1.61738,30
1,4398,p1,121,7.90591e-05,-1.90389,30
1,4399,p1,183,7.16788e-05,-1.82015,30
1,2317,p1,1193,9.32163e-05,19.9811,20
1,2318,p1,917,9.51337e-05,19.9835,20
1,1230,p1,1339,5.01633e-05,10.0108,10
1,2319,p1,1098,9.45559e-05,20.024,20
1,1231,p1,1155,4.82672e-05,10.0214,10
1,3850,p1,99,4.47164e-05,8.54148,50
1,3851,p1,160,4.7073e-05,8.70882,50
1,3852,p1,150,4.88998e-05,9.1965,50
1,3853,p1,126,4.55893e-05,8.95433,50
1,3854,p1,158,4.66334e-05,9.08052,50
1,3855,p1,122,5.12329e-05,8.81085,50
1,3856,p1,172,4.91036e-05,9.2313,50
1,3857,p1,131,4.97646e-05,9.19842,50
1,3858,p1,113,4.84877e-05,9.32636,50
1,3859,p1,142,5.07675e-05,9.87856,50
1,3860,p1,115,4.92393e-05,9.40456,50
1,3861,p1,108,4.95336e-05,9.59498,50
1,3862,p1,169,5.04146e-05,10.2425,50
1,3863,p1,120,5.25687e-05,9.66249,50
1,3864,p1,137,5.10294e-05,10.4447,50
1,3865,p1,111,5.0366e-05,10.5385,50
1,3866,p1,175,4.64483e-05,10.316,50
1,3867,p1,168,4.72972e-05,10.8809,50
1,3868,p1,113,4.63631e-05,9.99454,50
1,3869,p1,108,4.41547e-05,9.52749,50
1,3870,p1,112,4.67267e-05,10.5721,50
1,3871,p1,170,4.74244e-05,9.88274,50
1,3872,p1,165,4.49614e-05,10.1939,50
1,3873,p1,154,4.57219e-05,9.75248,50
1,3874,p1,98,4.81232e-05,9.92106,50
1,3875,p1,154,4.77528e-05,9.86017,50
1,3876,p1,157,4.83947e-05,10.0031,50
1,3877,p1,126,5.03521e-05,10.4159,50
1,3878,p1,121,4.99928e-05,10.8302,50
1,3879,p1,152,5.12963e-05,11.4122,50
1,3880,p1,127,5.15525e-05,11.4816,50
1,3881,p1,105,4.96844e-05,11.1053,50
1,3882,p1,166,5.23058e-05,11.2453,50
1,3883,p1,169,4.98454e-05,11.114,50
1,3884,p1,160,4.99602e-05,11.0418,50
1,3885,p1,98,4.77936e-05,10.6501,50
1,3886,p1,88,4.52686e-05,10.859,50
1,3887,p1,168,4.70644e-05,10.792,50
1,3888,p1,97,4.95611e-05,10.8776,50
1,2320,p1,1059,9.68545e-05,19.9836,20
1,3889,p1,98,5.0973e-05,10.5698,50
1,3890,p1,173,5.03822e-05,10.5429,50
1,3891,p1,162,5.07832e-05,11.0999,50
1,3892,p1,110,4.83103e-05,10.9784,50
1,3893,p1,97,4.91285e-05,11.1081,50
1,3894,p1,202,4.71169e-05,11.0875,50
1,3895,p1,129,5.42822e-05,11.7966,50
1,3896,p1,140,5.35602e-05,11.7076,50
1,3897,p1,120,5.17795e-05,11.6985,50
1,3898,p1,144,4.75393e-05,11.2671,50
1,3899,p1,128,5.00018e-05,11.4448,50
1,2321,p1,1076,9.81518e-05,19.8415,20
1,2322,p1,1115,9.59506e-05,19.9352,20
1,2323,p1,1075,9.48173e-05,19.9783,20
1,2324,p1,1129,9.63443e-05,19.8319,20
1,4000,p1,167,3.11824e-05,-3.34713,100
1,4001,p1,94,2.85938e-05,-3.35873,100
1,2325,p1,1157,9.69701e-05,19.856,20
1,4002,p1,145,2.20685e-05,-3.94074,100
1,4003,p1,176,2.96091e-05,-3.37994,100
1,4004,p1,144,2.90758e-05,-3.51001,100
1,4005,p1,101,3.17038e-05,-4.08737,100
1,4006,p1,132,3.01633e-05,-3.76335,100
1,4007,p1,159,2.93098e-05,-3.46428,100
1,4008,p1,155,2.9632e-05,-3.7176,100
1,4009,p1,65,3.18189e-05,-3.75004,100
1,2326,p1,1110,9.4312e-05,19.954,20
1,4010,p1,142,3.24829e-05,-3.3158,100
1,4011,p1,128,2.68243e-05,-3.49351,100
1,2327,p1,1011,9.3285e-05,19.9161,20
1,4012,p1,102,2.59343e-05,-3.69446,100
1,4013,p1,110,2.5788e-05,-3.41881,100
1,4014,p1,138,2.23309e-05,-3.51419,100
1,4015,p1,132,2.27184e-05,-3.73584,100
1,4016,p1,113,2.33491e-05,-3.4248,100
1,4017,p1,130,2.3303e-05,-3.13795,100
1,4018,p1,166,2.40467e-05,-3.11081,100
1,4019,p1,133,2.26333e-05,-2.88256,100
1,4020,p1,130,2.26438e-05,-2.91805,100
1,4021,p1,146,2.67095e-05,-2.62202,100
1,4022,p1,179,2.5404e-05,-2.56656,100
1,4023,p1,138,2.64532e-05,-2.53153,100
1,4024,p1,156,2.60359e-05,-2.52909,100
1,4025,p1,135,2.82508e-05,-2.07382,100
1,4026,p1,116,3.24573e-05,-2.20189,100
1,4027,p1,158,3.01674e-05,-2.34972,100
1,4028,p1,129,3.20948e-05,-2.39931,100
1,4029,p1,123,3.68722e-05,-2.49414,100
1,4030,p1,124,3.59677e-05,-2.39318,100
1,4031,p1,139,3.66071e-05,-2.53624,100
1,2328,p1,1269,9.17422e-05,19.9774,20
1,1232,p1,1383,4.87581e-05,9.99599,10
1,2329,p1,1099,9.15505e-05,20.0051,20
1,4032,p1,146,3.57328e-05,-2.872,100
1,4033,p1,109,3.35233e-05,-3.61119,100
1,4034,p1,180,3.63617e-05,-3.33456,100
1,4035,p1,129,3.67998e-05,-3.798,100
1,4036,p1,147,3.72713e-05,-3.89558,100
1,4037,p1,132,4.1221e-05,-3.53361,100
1,4038,p1,95,4.06194e-05,-3.63513,100
1,4039,p1,113,3.72508e-05,-3.28833,100
1,4040,p1,154,3.40355e-05,-3.20362,100
1,4041,p1,112,3.81433e-05,-2.85765,100
1,4042,p1,143,3.96188e-05,-2.72272,100
1,4043,p1,165,3.26044e-05,-2.94366,100
1,4044,p1,147,3.13006e-05,-2.99892,100
1,4045,p1,119,2.80358e-05,-3.07137,100
1,4046,p1,178,2.90457e-05,-3.0116,100
1,4047,p1,147,3.07309e-05,-3.10222,100
1,4048,p1,98,3.17972e-05,-3.03778,100
1,4049,p1,148,3.25473e-05,-2.79089,100
1,2330,p1,1174,9.22664e-05,19.8792,20
1,2331,p1,1128,9.12577e-05,19.9791,20
1,2332,p1,940,9.01285e-05,19.9954,20
1,2333,p1,1097,8.96286e-05,19.9693,20
1,3900,p1,159,4.9519e-05,11.8105,50
1,3901,p1,101,4.271e-05,11.3012,50
1,3902,p1,141,4.41769e-05,11.1595,50
1,3903,p1,142,4.60722e-05,11.9666,50
1,3904,p1,108,4.46553e-05,11.9203,50
1,3905,p1,149,4.60551e-05,11.5534,50
1,3906,p1,120,4.65642e-05,12.1192,50
1,3907,p1,156,4.26062e-05,11.8222,50
1,3908,p1,184,4.59623e-05,11.5612,50
1,3909,p1,135,4.31479e-05,11.5112,50
1,3910,p1,86,4.52819e-05,11.7607,50
1,3911,p1,114,4.57333e-05,11.8519,50
1,3912,p1,176,4.54384e-05,11.6353,50
1,2334,p1,1145,9.16604e-05,19.9133,20
1,3913,p1,141,4.28791e-05,11.7193,50
1,3914,p1,123,4.44834e-05,11.642,50
1,3915,p1,136,4.57034e-05,11.7788,50
1,3916,p1,141,4.75892e-05,11.6703,50
1,3917,p1,164,4.22446e-05,10.8713,50
1,3918,p1,83,4.21433e-05,10.9047,50
1,3919,p1,119,3.97603e-05,11.2083,50
1,3920,p1,177,4.12249e-05,11.0189,50
1,3921,p1,164,4.23e-05,11.0738,50
1,3922,p1,117,4.22069e-05,11.3834,50
1,3923,p1,151,4.4154e-05,11.4704,50
1,3924,p1,138,4.35043e-05,10.7213,50
1,3925,p1,116,4.22053e-05,10.9695,50
1,3926,p1,133,4.46272e-05,10.7549,50
1,3927,p1,114,4.29559e-05,10.4845,50
1,3928,p1,163,4.27654e-05,10.0417,50
1,3929,p1,82,4.5519e-05,11.6757,50
1,3930,p1,113,4.36221e-05,10.9396,50
1,3931,p1,169,4.60681e-05,11.4129,50
1,3932,p1,137,4.4131e-05,11.6955,50
1,3933,p1,133,4.58723e-05,11.6056,50
1,3934,p1,146,4.74012e-05,11.7287,50
1,3935,p1,88,4.74445e-05,11.6496,50
1,3936,p1,142,4.60561e-05,11.596,50
1,1233,p1,1383,4.87247e-05,10.0275,10
1,2335,p1,1108,8.79692e-05,20.0582,20
1,2336,p1,1084,8.89734e-05,19.9887,20
1,1234,p1,1225,4.80177e-05,9.98649,10
1,3937,p1,165,4.29563e-05,11.8226,50
1,3938,p1,132,4.56927e-05,11.9302,50
1,3939,p1,133,4.18373e-05,12.1532,50
1,3940,p1,98,4.4861e-05,12.1686,50
1,3941,p1,117,4.50515e-05,12.4372,50
1,3942,p1,124,4.56793e-05,12.4564,50
1,3943,p1,148,4.58414e-05,12.2617,50
1,1235,p1,1305,4.80004e-05,10.0019,10
1,3944,p1,137,4.69332e-05,12.311,50
1,3945,p1,125,4.74592e-05,12.7982,50
1,3946,p1,94,4.39594e-05,12.6981,50
1,3947,p1,143,4.25608e-05,12.5844,50
1,3948,p1,150,4.66784e-05,12.4838,50
1,2337,p1,998,8.8118e-05,20.0621,20
1,2338,p1,1134,9.05951e-05,19.9268,20
1,4400,p1,141,6.17434e-05,-1.88298,30
1,4401,p1,114,5.70464e-05,-1.98267,30
1,4402,p1,154,6.06597e-05,-1.70466,30
1,4403,p1,207,5.43765e-05,-2.19932,30
1,4404,p1,127,6.02678e-05,-2.19397,30
1,4405,p1,100,6.38795e-05,-2.55974,30
1,4406,p1,200,5.67856e-05,-2.2838,30
1,4407,p1,110,6.28364e-05,-2.09224,30
1,4408,p1,162,5.27888e-05,-1.96206,30
1,4409,p1,116,6.20017e-05,-2.12745,30
1,4410,p1,143,7.67128e-05,-2.16689,30
1,4411,p1,119,6.11394e-05,-1.92846,30
1,4412,p1,143,6.31371e-05,-2.18144,30
1,4413,p1,201,6.18787e-05,-2.03913,30
1,4414,p1,110,5.76727e-05,-2.20469,30
1,4415,p1,111,5.39684e-05,-2.1134,30
1,4416,p1,145,4.7595e-05,-1.95682,30
1,4417,p1,147,4.6663e-05,-2.25276,30
1,2339,p1,1180,8.78479e-05,19.9906,20
1,2340,p1,1031,8.86291e-05,19.8946,20
1,4418,p1,115,5.42696e-05,-2.3392,30
1,4419,p1,114,6.14789e-05,-2.48903,30
1,4420,p1,124,4.5093e-05,-1.75781,30
1,4421,p1,151,4.72495e-05,-1.92256,30
1,4422,p1,138,5.08425e-05,-2.31463,30
1,4423,p1,127,4.63268e-05,-2.0561,30
1,4424,p1,167,4.55215e-05,-2.20391,30
1,4425,p1,123,5.484e-05,-1.77767,30
1,4426,p1,160,5.04881e-05,-1.82688,30
1,3949,p1,111,4.84064e-05,12.3461,50
1,4427,p1,149,4.06329e-05,-1.90348,30
1,4428,p1,112,4.1704e-05,-1.77365,30
1,4429,p1,160,4.0623e-05,-1.81166,30
1,4430,p1,121,3.69186e-05,-1.4525,30
1,4431,p1,123,4.09277e-05,-1.60859,30
1,4432,p1,158,3.84349e-05,-1.5102,30
1,4433,p1,138,3.97023e-05,-1.43134,30
1,4434,p1,115,3.92813e-05,-1.52961,30
1,4435,p1,142,4.13316e-05,-1.64953,30
1,4436,p1,145,4.04504e-05,-1.70728,30
1,4437,p1,121,4.03237e-05,-2.06957,30
1,4438,p1,144,4.11205e-05,-1.52047,30
1,4439,p1,131,4.22257e-05,-1.32236,30
1,4440,p1,97,4.19827e-05,-1.62681,30
1,4441,p1,130,4.28254e-05,-0.883223,30
1,4442,p1,108,4.53438e-05,-1.18485,30
1,4443,p1,134,4.53088e-05,-1.44684,30
1,4444,p1,150,4.44149e-05,-1.33512,30
1,4445,p1,177,4.41613e-05,-1.45289,30
1,4446,p1,135,4.29122e-05,-0.898568,30
1,4447,p1,170,4.34711e-05,-1.45428,30
1,4448,p1,135,4.54266e-05,-1.5807,30
1,4449,p1,117,5.15436e-05,-1.17475,30
1,4050,p1,213,3.38136e-05,-2.69264,100
1,4450,p1,132,4.9664e-05,-0.982128,30
1,4051,p1,156,3.34952e-05,-2.4834,100
1,4451,p1,189,4.74939e-05,-1.91925,30
1,4052,p1,134,3.33446e-05,-2.44138,100
1,4452,p1,121,4.80312e-05,-1.79414,30
1,1236,p1,1411,4.46962e-05,9.99024,10
1,4053,p1,136,3.34045e-05,-2.06248,100
1,4453,p1,129,4.77736e-05,-1.5741,30
1,4054,p1,109,3.27098e-05,-1.93433,100
1,4055,p1,109,3.40716e-05,-2.37498,100
1,4454,p1,166,4.86453e-05,-1.27066,30
1,4056,p1,115,3.49206e-05,-2.06865,100
1,4057,p1,159,3.32066e-05,-2.25264,100
1,4058,p1,122,3.24019e-05,-1.47154,100
1,4059,p1,118,3.66719e-05,-1.17979,100
1,4060,p1,116,3.77913e-05,-1.67596,100
1,4061,p1,162,3.76358e-05,-0.728191,100
1,4062,p1,137,3.67297e-05,-0.655442,100
1,1237,p1,1282,4.46899e-05,9.99815,10
1,4455,p1,134,5.10693e-05,-1.35637,30
1,4456,p1,123,5.31337e-05,-1.81746,30
1,4457,p1,191,5.05936e-05,-1.20376,30
1,4458,p1,109,5.41752e-05,-0.848629,30
1,4459,p1,135,5.31931e-05,-1.12755,30
1,4460,p1,119,5.17799e-05,-1.20372,30
1,4461,p1,156,5.46273e-05,-1.0509,30
1,4462,p1,158,5.47398e-05,-1.05438,30
1,4463,p1,93,5.33096e-05,-1.23914,30
1,4464,p1,122,5.16746e-05,-1.51014,30
1,4465,p1,141,5.75454e-05,-0.904924,30
1,4466,p1,136,4.74935e-05,-1.79406,30
1,4467,p1,111,5.56598e-05,-1.57593,30
1,4468,p1,140,5.20962e-05,-1.39759,30
1,4469,p1,138,5.15141e-05,-1.06538,30
1,4470,p1,140,5.25747e-05,-1.23937,30
1,4471,p1,144,4.71091e-05,-1.69635,30
1,4472,p1,178,4.81226e-05,-1.86902,30
1,4473,p1,121,5.06803e-05,-1.20474,30
1,4063,p1,84,3.71067e-05,-0.604393,100
1,4064,p1,130,3.68201e-05,-0.875338,100
1,4065,p1,141,3.83404e-05,-0.424336,100
1,4066,p1,164,3.63305e-05,-0.253277,100
1,4067,p1,84,2.75935e-05,-0.796792,100
1,4068,p1,127,3.31443e-05,-0.779153,100
1,4069,p1,155,3.21565e-05,-0.542344,100
1,4070,p1,91,2.78728e-05,-1.20382,100
1,4071,p1,178,3.27635e-05,-1.13146,100
1,4072,p1,151,2.98722e-05,-1.30607,100
1,4474,p1,132,5.30593e-05,-1.4416,30
1,4475,p1,174,5.12616e-05,-1.31708,30
1,4476,p1,96,4.17144e-05,-2.1762,30
1,4477,p1,144,4.54121e-05,-1.98472,30
1,4478,p1,164,4.66484e-05,-1.92908,30
1,4479,p1,121,4.49324e-05,-2.25639,30
1,4480,p1,111,4.31463e-05,-2.15154,30
1,4481,p1,145,4.31608e-05,-2.40503,30
1,4482,p1,140,4.50253e-05,-1.83325,30
1,4483,p1,150,3.6764e-05,-2.82537,30
1,4484,p1,110,4.18686e-05,-2.52314,30
1,4485,p1,106,4.22615e-05,-2.4974,30
1,4486,p1,183,4.0363e-05,-2.71139,30
1,4487,p1,190,4.82835e-05,-1.96749,30
1,4488,p1,136,4.92404e-05,-2.20058,30
1,4489,p1,105,5.13283e-05,-1.89536,30
1,4490,p1,181,5.36351e-05,-1.50001,30
1,4491,p1,238,5.11764e-05,-1.76165,30
1,4492,p1,130,4.79204e-05,-1.93899,30
1,4493,p1,106,4.98229e-05,-1.5142,30
1,4494,p1,156,4.96986e-05,-1.48583,30
1,4495,p1,162,4.76715e-05,-1.66458,30
1,4496,p1,161,4.9999e-05,-1.27763,30
1,4497,p1,158,5.07635e-05,-1.74341,30
1,4498,p1,119,5.01554e-05,-1.19152,30
1,1238,p1,1251,4.7254e-05,9.99756,10
1,4499,p1,136,4.91671e-05,-0.81269,30
1,2341,p1,1134,8.62976e-05,19.9225,20
1,4073,p1,155,3.06708e-05,-1.29555,100
1,4074,p1,118,2.89705e-05,-0.937713,100
1,4075,p1,137,3.16322e-05,-1.28589,100
1,4076,p1,139,3.20498e-05,-1.3696,100
1,4077,p1,116,2.97823e-05,-1.19832,100
1,4078,p1,160,2.69109e-05,-1.13225,100
1,4079,p1,140,2.75268e-05,-1.20809,100
1,4080,p1,192,3.14978e-05,-0.615003,100
1,4081,p1,99,2.9799e-05,-0.81582,100
1,4082,p1,121,3.37538e-05,-0.969466,100
1,4083,p1,159,3.26065e-05,-0.8516,100
1,4084,p1,141,3.23362e-05,-1.02482,100
1,4085,p1,105,3.22345e-05,-1.28377,100
1,4086,p1,169,3.27382e-05,-0.982957,100
1,4087,p1,116,3.45028e-05,-0.693413,100
1,4088,p1,138,3.38949e-05,-0.920384,100
1,4089,p1,137,3.91379e-05,-0.738528,100
1,4090,p1,134,3.79439e-05,-0.613562,100
1,4091,p1,110,3.88963e-05,-0.906008,100
1,1239,p1,1440,4.54565e-05,10.0019,10
1,2342,p1,1213,8.48299e-05,19.9996,20
1,2343,p1,1122,8.69361e-05,19.9796,20
1,1240,p1,1244,4.39982e-05,9.98984,10
1,4092,p1,102,3.91614e-05,-0.37906,100
1,4093,p1,167,3.79379e-05,-0.922501,100
1,4094,p1,137,3.72828e-05,-0.569625,100
1,4095,p1,113,3.94635e-05,0.121542,100
1,4096,p1,168,3.99825e-05,-0.388705,100
1,4097,p1,128,4.47018e-05,-0.245756,100
1,4098,p1,134,3.78057e-05,-0.0811228,100
1,4099,p1,131,3.93937e-05,0.683873,100
1,2344,p1,1117,8.82983e-05,19.9922,20
1,2345,p1,1147,8.81406e-05,19.9438,20
1,2346,p1,1230,8.83635e-05,19.9688,20
1,1241,p1,1245,4.43227e-05,9.99271,10
1,1242,p1,1387,4.38341e-05,10.0136,10
1,2347,p1,1237,8.59319e-05,20.0032,20
1,2348,p1,1038,8.81625e-05,19.971,20
1,1243,p1,1384,4.47697e-05,9.99218,10
1,1244,p1,1325,4.2893e-05,10.005,10
1,1245,p1,1408,4.31862e-05,10.0333,10
1,2349,p1,1087,8.7954e-05,19.9475,20
1,4100,p1,140,4.02712e-05,0.295564,100
1,4101,p1,156,4.19662e-05,0.227847,100
1,4102,p1,140,3.79954e-05,0.741742,100
1,4103,p1,97,3.88176e-05,0.28763,100
1,4104,p1,158,3.75264e-05,0.0261291,100
1,4105,p1,138,3.90716e-05,-0.124959,100
1,4106,p1,132,3.78145e-05,-0.604181,100
1,4107,p1,120,4.09774e-05,0.0279768,100
1,4108,p1,147,3.7576e-05,-0.637514,100
1,4109,p1,138,4.10872e-05,-0.390053,100
1,4110,p1,124,3.42417e-05,-0.663636,100
1,4111,p1,130,3.52358e-05,-0.960126,100
1,4112,p1,153,3.80815e-05,-0.767466,100
1,4113,p1,117,3.64373e-05,-0.286488,100
1,4114,p1,173,3.4946e-05,-0.503931,100
1,4115,p1,145,3.47282e-05,-0.339092,100
1,4116,p1,167,3.46949e-05,-1.00341,100
1,4117,p1,163,3.77449e-05,-0.76398,100
1,4118,p1,96,3.85124e-05,-0.772482,100
1,4119,p1,138,3.95311e-05,-0.754497,100
1,4120,p1,154,4.1265e-05,-1.09232,100
1,4121,p1,136,3.35156e-05,-1.50547,100
1,4122,p1,112,3.41805e-05,-1.20505,100
1,4123,p1,168,3.40889e-05,-1.22711,100
1,4124,p1,155,3.13344e-05,-1.44138,100
1,4125,p1,129,3.31257e-05,-1.78513,100
1,4126,p1,165,3.562e-05,-1.8998,100
1,4127,p1,143,3.44102e-05,-1.41175,100
1,4128,p1,98,3.08606e-05,-1.61032,100
1,4129,p1,178,3.351e-05,-2.09686,100
1,4130,p1,145,3.81306e-05,-1.93725,100
1,4131,p1,121,3.68161e-05,-1.87497,100
1,4132,p1,196,3.89567e-05,-1.56829,100
1,4133,p1,124,3.47047e-05,-1.4538,100
1,4134,p1,150,3.52773e-05,-1.08497,100
1,4135,p1,153,3.90484e-05,-0.149278,100
1,4136,p1,107,3.63962e-05,-0.711421,100
1,4137,p1,137,3.66434e-05,-0.229797,100
1,4138,p1,152,3.81278e-05,0.0311346,100
1,4139,p1,96,3.79807e-05,0.477878,100
1,4140,p1,132,3.86435e-05,0.228607,100
1,4141,p1,135,3.88864e-05,-0.0194445,100
1,4142,p1,112,3.82382e-05,0.246121,100
1,4143,p1,139,3.75177e-05,-0.277668,100
1,4144,p1,133,3.88682e-05,-0.347012,100
1,4145,p1,137,3.95706e-05,-0.565885,100
1,4146,p1,114,3.94125e-05,-0.327756,100
1,1246,p1,1251,4.51634e-05,10.0268,10
1,1247,p1,1249,4.73039e-05,10.0102,10
1,4147,p1,178,3.66903e-05,-0.683883,100
1,4148,p1,115,3.67013e-05,-0.533466,100
1,4149,p1,181,4.12703e-05,0.222139,100
1,3950,p1,136,4.94972e-05,12.6359,50
1,3951,p1,149,5.00651e-05,12.5909,50
1,3952,p1,131,4.87399e-05,12.5218,50
1,3953,p1,130,4.89645e-05,12.6169,50
1,3954,p1,125,5.35174e-05,12.8873,50
1,3955,p1,141,5.29614e-05,12.8338,50
1,3956,p1,106,5.69789e-05,13.0184,50
1,3957,p1,167,5.47797e-05,13.0604,50
1,3958,p1,158,5.62304e-05,13.0621,50
1,3959,p1,148,5.96199e-05,12.9853,50
1,3960,p1,174,6.18318e-05,12.9376,50
1,3961,p1,148,6.17618e-05,13.0535,50
1,3962,p1,126,5.73702e-05,13.1009,50
1,3963,p1,116,5.65439e-05,12.6845,50
1,3964,p1,165,5.77409e-05,13.0864,50
1,3965,p1,126,5.41292e-05,12.632,50
1,3966,p1,114,4.85157e-05,13.0511,50
1,3967,p1,126,4.46797e-05,12.9408,50
1,3968,p1,124,4.5494e-05,13.0921,50
1,4500,p1,123,4.94335e-05,-1.36767,30
1,4501,p1,125,4.77693e-05,-1.39726,30
1,4502,p1,120,4.96413e-05,-1.8556,30
1,4503,p1,150,4.8716e-05,-1.47049,30
1,4504,p1,145,5.01234e-05,-1.74512,30
1,4505,p1,98,4.91998e-05,-1.07093,30
1,4506,p1,136,4.95488e-05,-1.17069,30
1,4507,p1,143,5.03839e-05,-1.19339,30
1,4508,p1,157,5.21977e-05,-1.34005,30
1,4509,p1,112,5.1415e-05,-1.53594,30
1,4510,p1,104,5.09283e-05,-2.24245,30
1,4511,p1,180,5.26085e-05,-1.72172,30
1,4512,p1,122,5.13575e-05,-2.50291,30
1,4513,p1,144,5.37442e-05,-2.48353,30
1,4514,p1,128,5.59891e-05,-2.18246,30
1,4515,p1,144,5.50272e-05,-1.4534,30
1,4516,p1,100,5.6587e-05,-1.62518,30
1,4517,p1,147,5.48686e-05,-2.46287,30
1,4518,p1,111,5.72019e-05,-1.8283,30
1,4519,p1,105,5.60086e-05,-1.825,30
1,4520,p1,186,5.72401e-05,-1.28494,30
1,4521,p1,110,5.30116e-05,-2.41317,30
1,4522,p1,120,5.56087e-05,-2.44514,30
1,4523,p1,146,5.71571e-05,-1.87582,30
1,4524,p1,193,5.57838e-05,-1.62828,30
1,4525,p1,145,6.00185e-05,-1.51852,30
1,4526,p1,142,5.95564e-05,-1.34343,30
1,4527,p1,156,5.84081e-05,-1.2918,30
1,4528,p1,76,5.87803e-05,-0.776657,30
1,4529,p1,117,5.93878e-05,-0.860638,30
1,3969,p1,148,4.57371e-05,13.1737,50
1,3970,p1,107,4.47974e-05,13.0716,50
1,3971,p1,133,4.18022e-05,13.1213,50
1,3972,p1,131,4.54697e-05,13.0757,50
1,3973,p1,125,4.47494e-05,12.8949,50
1,3974,p1,110,4.73083e-05,12.4328,50
1,3975,p1,152,4.70851e-05,12.711,50
1,3976,p1,139,4.46649e-05,12.5568,50
1,3977,p1,175,4.38771e-05,12.5334,50
1,3978,p1,151,4.20826e-05,13.0352,50
1,4530,p1,167,6.10829e-05,-0.604023,30
1,4531,p1,151,6.05386e-05,-0.654565,30
1,4532,p1,139,5.79975e-05,-0.244403,30
1,4533,p1,188,6.17508e-05,-0.456596,30
1,4534,p1,155,5.79781e-05,0.00138159,30
1,4535,p1,140,5.82842e-05,-0.206276,30
1,4536,p1,123,5.8832e-05,-0.82458,30
1,4537,p1,139,5.81147e-05,-1.13725,30
1,3979,p1,133,4.39256e-05,12.9125,50
1,4538,p1,187,6.05944e-05,-0.814516,30
1,3980,p1,123,3.61392e-05,13.7766,50
1,4539,p1,129,5.73854e-05,-0.436088,30
1,3981,p1,130,4.29533e-05,13.3835,50
1,4540,p1,144,5.56773e-05,-0.329864,30
1,4541,p1,113,5.79634e-05,-0.685235,30
1,3982,p1,187,4.19667e-05,13.5162,50
1,4542,p1,124,5.92973e-05,-1.03172,30
1,3983,p1,146,2.75427e-05,14.1384,50
1,4543,p1,152,5.93867e-05,-0.982469,30
1,3984,p1,106,3.79236e-05,13.5514,50
1,4544,p1,152,5.74849e-05,-1.07399,30
1,3985,p1,145,3.79044e-05,13.6119,50
1,3986,p1,106,3.90366e-05,13.4806,50
1,4545,p1,129,6.08912e-05,-1.37855,30
1,4546,p1,129,5.89799e-05,-1.96683,30
1,3987,p1,144,3.62568e-05,13.639,50
1,3988,p1,136,4.40671e-05,13.4092,50
1,4547,p1,156,5.9028e-05,-1.82231,30
1,4548,p1,150,5.8698e-05,-1.96881,30
1,4549,p1,118,5.85137e-05,-2.26781,30
1,3989,p1,143,4.30031e-05,13.2963,50
1,3990,p1,110,4.56426e-05,12.9937,50
1,3991,p1,144,4.71892e-05,12.945,50
1,3992,p1,156,4.75113e-05,12.8778,50
1,3993,p1,154,4.91293e-05,12.9056,50
1,3994,p1,120,4.46351e-05,13.2001,50
1,3995,p1,127,4.90343e-05,13.1271,50
1,3996,p1,126,4.76653e-05,12.8532,50
1,3997,p1,144,4.98356e-05,12.728,50
1,2350,p1,1168,9.01951e-05,19.8238,20
1,2351,p1,1087,8.84897e-05,19.8891,20
1,2352,p1,1126,8.77972e-05,19.982,20
1,2353,p1,1239,8.75474e-05,19.9863,20
1,2354,p1,1004,8.80145e-05,19.8565,20
1,2355,p1,1166,8.88871e-05,19.8705,20
1,1248,p1,1300,4.40867e-05,9.99826,10
1,1249,p1,1320,4.48191e-05,10.0169,10
1,3998,p1,155,4.89436e-05,12.9134,50
1,3999,p1,109,4.41954e-05,14.084,50
1,1250,p1,1236,4.63853e-05,10.0065,10
1,2356,p1,977,8.86785e-05,19.9307,20
1,1251,p1,1266,4.56783e-05,10.0127,10
1,4550,p1,143,5.50663e-05,-2.63618,30
1,4551,p1,174,5.73454e-05,-2.64557,30
1,4552,p1,147,5.12101e-05,-2.92623,30
1,4553,p1,120,5.53694e-05,-2.94177,30
1,4554,p1,113,5.62147e-05,-3.0217,30
1,4555,p1,176,5.92935e-05,-2.70944,30
1,4556,p1,144,5.64492e-05,-3.03745,30
1,4557,p1,167,5.61499e-05,-3.38636,30
1,4558,p1,103,4.97747e-05,-3.75914,30
1,4559,p1,101,5.06039e-05,-3.93204,30
1,4560,p1,193,5.35158e-05,-3.56976,30
1,4561,p1,144,5.23785e-05,-4.06307,30
1,4562,p1,91,4.76585e-05,-4.20559,30
1,4563,p1,109,5.30696e-05,-3.94847,30
1,4564,p1,137,4.64844e-05,-4.27488,30
1,4565,p1,133,4.70154e-05,-4.44939,30
1,4566,p1,120,5.0734e-05,-5.08505,30
1,4567,p1,144,5.10086e-05,-4.78933,30
1,4568,p1,78,5.19576e-05,-4.79423,30
1,4569,p1,142,5.16445e-05,-4.69744,30
1,4570,p1,167,4.81414e-05,-4.58406,30
1,4571,p1,115,5.68862e-05,-4.38806,30
1,4572,p1,110,5.225e-05,-4.94912,30
1,2357,p1,1115,8.73684e-05,19.9445,20
1,4573,p1,164,4.80064e-05,-5.11203,30
1,4574,p1,120,5.11878e-05,-4.52422,30
1,4575,p1,107,4.99419e-05,-4.72643,30
1,4576,p1,114,5.72203e-05,-4.56723,30
1,4577,p1,150,5.29691e-05,-4.57707,30
1,4578,p1,148,5.64997e-05,-4.35416,30
1,4579,p1,133,5.05704e-05,-4.67815,30
1,4580,p1,105,5.47673e-05,-3.9381,30
1,4581,p1,187,5.51368e-05,-4.21678,30
1,4582,p1,124,5.88719e-05,-5.36109,30
1,4583,p1,145,5.43482e-05,-4.70966,30
1,4584,p1,106,5.20154e-05,-4.86174,30
1,4585,p1,134,5.18696e-05,-4.9822,30
1,4586,p1,115,5.08136e-05,-5.28875,30
1,4587,p1,158,4.92367e-05,-5.34175,30
1,4588,p1,110,4.64661e-05,-5.32523,30
1,4589,p1,109,4.38511e-05,-5.52253,30
1,4590,p1,135,4.72587e-05,-5.2829,30
1,4591,p1,134,5.14004e-05,-5.49467,30
1,4592,p1,136,5.03349e-05,-5.12925,30
1,4593,p1,104,5.9706e-05,-4.6249,30
1,4594,p1,148,5.64283e-05,-4.80115,30
1,4595,p1,126,6.18115e-05,-4.86751,30
1,4596,p1,137,6.17185e-05,-5.50075,30
1,4597,p1,178,5.84645e-05,-4.7502,30
1,4598,p1,92,6.3727e-05,-4.96402,30
1,4599,p1,130,5.9424e-05,-5.20571,30
1,1252,p1,1375,4.42759e-05,9.99992,10
1,1253,p1,1205,4.46149e-05,9.98845,10
1,1254,p1,1417,4.44968e-05,10.0047,10
1,1255,p1,1330,4.54513e-05,9.99395,10
1,2358,p1,1090,8.73284e-05,19.904,20
1,2359,p1,1081,8.78506e-05,19.8505,20
1,2360,p1,1074,9.03639e-05,19.8944,20
1,4000,p1,151,4.37816e-05,13.7324,50
1,4001,p1,146,5.24275e-05,13.1311,50
1,4002,p1,168,5.2976e-05,13.8507,50
1,4003,p1,161,4.92435e-05,13.8617,50
1,4004,p1,112,4.62129e-05,13.9108,50
1,4005,p1,161,5.15339e-05,13.9792,50
1,4006,p1,107,5.24635e-05,13.9669,50
1,4007,p1,164,5.25006e-05,13.7781,50
1,4008,p1,129,5.79193e-05,13.6112,50
1,4009,p1,104,5.87495e-05,13.8441,50
1,4010,p1,133,5.57332e-05,13.5798,50
1,4011,p1,141,5.23321e-05,14.0109,50
1,4012,p1,126,5.81705e-05,13.4105,50
1,4013,p1,95,5.1308e-05,13.6513,50
1,4014,p1,145,5.26309e-05,13.8166,50
1,4015,p1,133,6.04189e-05,13.728,50
1,4016,p1,147,6.61646e-05,13.3274,50
1,4017,p1,172,5.91362e-05,13.9071,50
1,4018,p1,118,5.48309e-05,14.3444,50
1,4019,p1,114,5.8144e-05,14.6482,50
1,4020,p1,110,5.73789e-05,14.5765,50
1,1256,p1,1348,4.50489e-05,10.0043,10
1,4150,p1,123,4.24949e-05,0.0661443,100
1,4151,p1,112,4.07338e-05,0.212487,100
1,4152,p1,183,4.258e-05,0.560811,100
1,4153,p1,105,4.36667e-05,0.473592,100
1,4154,p1,120,4.44667e-05,0.365968,100
1,4155,p1,161,4.37909e-05,0.822096,100
1,4156,p1,168,4.59602e-05,0.52033,100
1,4157,p1,157,4.25141e-05,0.24772,100
1,4158,p1,89,4.19524e-05,-0.376829,100
1,4159,p1,142,4.33225e-05,0.173748,100
1,4021,p1,153,5.93688e-05,14.7498,50
1,4022,p1,148,5.17691e-05,15.0218,50
1,4023,p1,72,5.44608e-05,14.6264,50
1,4024,p1,118,5.69186e-05,14.229,50
1,4025,p1,203,6.19695e-05,13.9241,50
1,4026,p1,137,5.7262e-05,14.7862,50
1,4027,p1,113,5.69841e-05,14.5447,50
1,4028,p1,139,5.39123e-05,14.4105,50
1,4029,p1,128,5.30859e-05,15.0236,50
1,4030,p1,155,5.42643e-05,14.8283,50
1,4160,p1,215,4.2275e-05,0.300839,100
1,4161,p1,104,4.38549e-05,0.700062,100
1,4031,p1,160,5.28854e-05,15.1854,50
1,4162,p1,108,4.19577e-05,0.24241,100
1,4032,p1,114,5.16524e-05,15.6717,50
1,4163,p1,170,4.32692e-05,0.343408,100
1,4033,p1,124,4.75927e-05,14.8738,50
1,4164,p1,152,4.22691e-05,-0.0545048,100
1,4034,p1,143,4.49777e-05,15.7567,50
1,4165,p1,99,4.12142e-05,-0.134677,100
1,4035,p1,128,5.03287e-05,15.056,50
1,4166,p1,136,4.133e-05,-0.234945,100
1,4036,p1,96,4.9917e-05,14.8061,50
1,4167,p1,148,4.3826e-05,0.372729,100
1,4037,p1,114,4.68687e-05,15.0523,50
1,4168,p1,91,4.34048e-05,-0.399071,100
1,4038,p1,131,4.72688e-05,15.4403,50
1,4169,p1,129,4.75353e-05,0.52711,100
1,4039,p1,138,5.14994e-05,15.3427,50
1,4170,p1,116,4.31833e-05,-0.332379,100
1,1257,p1,1313,4.35304e-05,9.99054,10
1,4040,p1,139,4.606e-05,15.7744,50
1,4041,p1,102,5.06473e-05,15.4088,50
1,4042,p1,128,5.32736e-05,15.3868,50
1,4043,p1,124,5.47821e-05,14.1069,50
1,4044,p1,166,5.7967e-05,14.7889,50
1,4045,p1,141,5.95994e-05,14.7358,50
1,4046,p1,104,5.90875e-05,13.6426,50
1,4047,p1,225,6.18036e-05,14.1418,50
1,4048,p1,86,6.83741e-05,13.5079,50
1,4049,p1,140,6.68551e-05,13.2502,50
1,4171,p1,124,4.19774e-05,-0.29856,100
1,4172,p1,119,4.05077e-05,-0.418368,100
1,4173,p1,164,4.50437e-05,-0.35038,100
1,4174,p1,144,4.38804e-05,-0.672613,100
1,4175,p1,106,4.5417e-05,-0.0958528,100
1,4176,p1,132,4.78217e-05,0.473379,100
1,4177,p1,170,4.83728e-05,0.280132,100
1,4178,p1,118,4.64489e-05,0.341859,100
1,4179,p1,147,4.49836e-05,-0.40493,100
1,4180,p1,119,4.2479e-05,-0.549121,100
1,2361,p1,1108,8.96678e-05,19.8684,20
1,1258,p1,1455,4.49391e-05,10.0012,10
1,1259,p1,1313,4.39543e-05,9.9846,10
1,4181,p1,142,4.41187e-05,-0.41073,100
1,4182,p1,170,4.67614e-05,-0.0236103,100
1,4183,p1,117,4.57177e-05,-0.178805,100
1,4184,p1,117,4.32333e-05,-0.193761,100
1,4185,p1,101,4.71312e-05,0.0490736,100
1,4186,p1,190,4.66956e-05,0.148919,100
1,4187,p1,98,4.59871e-05,0.275376,100
1,4188,p1,111,4.5446e-05,-0.334779,100
1,4189,p1,151,4.44939e-05,0.338616,100
1,4190,p1,154,4.5877e-05,0.235828,100
1,4191,p1,149,4.52448e-05,0.604516,100
1,1260,p1,1338,4.43576e-05,9.9875,10
1,4600,p1,115,5.34181e-05,-6.05366,30
1,4601,p1,167,5.36566e-05,-6.58088,30
1,4602,p1,97,4.70183e-05,-7.03109,30
1,4603,p1,146,4.19769e-05,-7.18673,30
1,1261,p1,1208,4.29371e-05,10.0042,10
1,4604,p1,135,4.82897e-05,-6.8281,30
1,4605,p1,120,4.99684e-05,-6.40739,30
1,4606,p1,82,4.71698e-05,-6.60312,30
1,4607,p1,151,4.43106e-05,-6.74209,30
1,4608,p1,126,4.70263e-05,-6.33749,30
1,2362,p1,1142,8.61829e-05,19.8812,20
1,2363,p1,1080,8.63212e-05,19.8997,20
1,4609,p1,129,4.32699e-05,-6.57178,30
1,4610,p1,138,4.67221e-05,-6.53859,30
1,4611,p1,149,4.23024e-05,-6.71819,30
1,4612,p1,103,3.67645e-05,-7.06576,30
1,4613,p1,116,4.7111e-05,-6.16528,30
1,4614,p1,190,4.28788e-05,-5.98217,30
1,4615,p1,130,3.41527e-05,-6.85395,30
1,4616,p1,132,3.65117e-05,-6.41747,30
1,4617,p1,111,3.5306e-05,-6.45972,30
1,4618,p1,142,3.52083e-05,-6.27324,30
1,4619,p1,153,3.81349e-05,-6.21468,30
1,4620,p1,145,3.77807e-05,-6.37791,30
1,4621,p1,153,3.70381e-05,-6.14959,30
1,4622,p1,103,4.11014e-05,-5.97227,30
1,4623,p1,122,3.71432e-05,-6.5424,30
1,4624,p1,180,3.40644e-05,-6.48507,30
1,4625,p1,121,4.23581e-05,-6.30144,30
1,4626,p1,88,3.40999e-05,-6.60612,30
1,4627,p1,150,3.29793e-05,-6.64773,30
1,4628,p1,130,3.64308e-05,-6.53298,30
1,1262,p1,1341,4.29052e-05,9.99249,10
1,4192,p1,134,4.55828e-05,1.35479,100
1,4193,p1,135,4.73835e-05,0.795089,100
1,4194,p1,130,4.65399e-05,1.23097,100
1,4195,p1,125,4.55216e-05,1.17767,100
1,4196,p1,148,4.70569e-05,1.86159,100
1,4197,p1,113,4.7425e-05,1.37548,100
1,4198,p1,144,4.33546e-05,1.40604,100
1,4199,p1,183,4.6326e-05,1.10269,100
1,4200,p1,93,4.89022e-05,0.788952,100
1,4201,p1,131,4.62534e-05,0.911516,100
1,4629,p1,157,4.1042e-05,-6.751,30
1,4630,p1,149,3.83217e-05,-6.53652,30
1,1263,p1,1407,4.28422e-05,10.0024,10
1,1264,p1,1221,4.42851e-05,9.98277,10
1,2364,p1,1140,8.85628e-05,19.8205,20
1,4631,p1,131,4.11815e-05,-6.45664,30
1,4632,p1,108,4.31207e-05,-6.9403,30
1,4633,p1,126,4.79334e-05,-6.13303,30
1,4634,p1,134,3.97305e-05,-6.51825,30
1,4635,p1,126,4.10645e-05,-6.77274,30
1,4636,p1,169,3.74936e-05,-7.04143,30
1,4637,p1,140,3.89985e-05,-7.56685,30
1,4638,p1,105,3.54263e-05,-6.86492,30
1,4639,p1,162,3.57194e-05,-6.71764,30
1,4640,p1,103,3.76831e-05,-7.52554,30
1,4202,p1,209,4.66578e-05,0.718743,100
1,4203,p1,133,4.65326e-05,0.962661,100
1,4204,p1,159,4.71079e-05,0.803195,100
1,4205,p1,148,5.0617e-05,0.401516,100
1,4206,p1,149,5.01435e-05,1.03168,100
1,4207,p1,145,4.98545e-05,0.541021,100
1,4208,p1,156,5.15572e-05,0.290183,100
1,4209,p1,128,5.10532e-05,0.834165,100
1,4210,p1,87,4.86009e-05,1.30093,100
1,2365,p1,1167,8.82605e-05,19.8312,20
1,4050,p1,133,6.73845e-05,14.7427,50
1,4051,p1,154,6.55136e-05,12.9788,50
1,4052,p1,119,6.46257e-05,12.396,50
1,4053,p1,113,6.80363e-05,13.548,50
1,4054,p1,120,6.47222e-05,12.3295,50
1,4055,p1,133,6.55277e-05,12.9598,50
1,4056,p1,149,6.09572e-05,12.2128,50
1,4057,p1,126,6.95096e-05,13.286,50
1,4058,p1,126,6.41304e-05,12.6057,50
1,4059,p1,128,6.74643e-05,13.2814,50
1,4060,p1,188,6.53182e-05,12.5635,50
1,4061,p1,103,5.42087e-05,11.0723,50
1,4062,p1,142,5.9328e-05,11.895,50
1,4063,p1,118,6.57293e-05,12.7015,50
1,4064,p1,137,6.42948e-05,11.9908,50
1,4065,p1,127,6.27999e-05,11.9619,50
1,4066,p1,135,6.67235e-05,12.6241,50
1,4067,p1,135,6.99737e-05,12.2823,50
1,4068,p1,143,6.82867e-05,12.3194,50
1,4069,p1,143,6.43586e-05,11.4652,50
1,2366,p1,1131,8.84609e-05,19.8589,20
1,4211,p1,146,5.05282e-05,1.49899,100
1,4212,p1,159,4.89138e-05,1.48234,100
1,4213,p1,97,5.17515e-05,0.688673,100
1,4214,p1,152,5.1659e-05,1.04025,100
1,4215,p1,134,5.20417e-05,0.960514,100
1,4216,p1,119,5.21729e-05,1.54231,100
1,4217,p1,108,5.21648e-05,0.638077,100
1,2367,p1,1076,8.61047e-05,19.9116,20
1,4218,p1,142,5.10911e-05,0.74533,100
1,4219,p1,129,5.63217e-05,2.07948,100
1,4220,p1,127,5.07046e-05,2.60792,100
1,4221,p1,137,5.16136e-05,1.84749,100
1,4070,p1,144,6.95091e-05,11.7995,50
1,4071,p1,133,6.91028e-05,12.0747,50
1,4072,p1,132,6.67396e-05,12.4165,50
1,4073,p1,181,6.36942e-05,12.245,50
1,4074,p1,194,7.15647e-05,12.3086,50
1,4075,p1,93,6.07654e-05,11.8601,50
1,4076,p1,161,6.20192e-05,11.8019,50
1,4077,p1,128,6.05151e-05,11.3822,50
1,4078,p1,153,6.34038e-05,11.6129,50
1,4079,p1,109,6.52891e-05,11.7353,50
1,4080,p1,132,6.69539e-05,11.699,50
1,4081,p1,183,5.77705e-05,10.9607,50
1,4082,p1,137,5.94725e-05,11.235,50
1,4083,p1,156,6.20981e-05,11.1912,50
1,4084,p1,124,6.38531e-05,12.1475,50
1,4085,p1,126,6.68465e-05,12.7841,50
1,4086,p1,152,6.91623e-05,12.6915,50
1,4087,p1,131,7.44004e-05,13.4489,50
1,4222,p1,180,4.85687e-05,2.47849,100
1,4223,p1,104,4.9314e-05,3.49017,100
1,4224,p1,111,5.60028e-05,3.42707,100
1,4225,p1,106,5.2589e-05,3.53921,100
1,4226,p1,131,5.26586e-05,3.52457,100
1,4227,p1,185,5.4575e-05,3.40156,100
1,4228,p1,181,5.6558e-05,3.7095,100
1,4229,p1,129,5.87131e-05,4.20268,100
1,4230,p1,87,5.8439e-05,3.21637,100
1,4231,p1,100,5.6154e-05,3.73508,100
1,2368,p1,1079,8.57439e-05,19.8571,20
1,4232,p1,188,5.99376e-05,3.82558,100
1,4641,p1,139,3.93639e-05,-7.83706,30
1,4642,p1,108,3.71168e-05,-7.67907,30
1,4233,p1,116,6.02296e-05,3.9685,100
1,4643,p1,141,3.59685e-05,-7.49153,30
1,4234,p1,136,5.68182e-05,4.39522,100
1,4644,p1,130,4.10962e-05,-7.84953,30
1,4235,p1,187,5.80343e-05,3.58612,100
1,4645,p1,140,3.6577e-05,-6.96632,30
1,4236,p1,96,5.97488e-05,4.31485,100
1,4646,p1,137,3.97024e-05,-7.57334,30
1,4237,p1,129,6.0475e-05,4.28675,100
1,4647,p1,133,3.66168e-05,-7.20609,30
1,4238,p1,187,5.86142e-05,4.66175,100
1,4648,p1,106,3.71992e-05,-7.51533,30
1,4239,p1,120,5.89465e-05,4.67964,100
1,4649,p1,142,3.84735e-05,-7.60987,30
1,4240,p1,110,5.87079e-05,5.2403,100
1,4241,p1,105,5.66018e-05,5.78067,100
1,4088,p1,135,6.97062e-05,13.3365,50
1,4089,p1,98,7.32591e-05,14.2127,50
1,4090,p1,129,7.39859e-05,13.8105,50
1,4091,p1,168,7.46685e-05,13.9088,50
1,4092,p1,108,6.76115e-05,15.9374,50
1,4093,p1,135,6.75561e-05,14.8209,50
1,4094,p1,108,6.71258e-05,15.1342,50
1,4095,p1,137,6.894e-05,15.6425,50
1,4096,p1,138,6.55351e-05,15.1712,50
1,4097,p1,124,6.65212e-05,14.6503,50
1,4098,p1,134,6.49248e-05,15.8511,50
1,4099,p1,145,6.26545e-05,15.5507,50
1,1265,p1,1226,4.34364e-05,9.99049,10
1,2369,p1,1097,8.72944e-05,19.9208,20
1,2370,p1,1184,8.72818e-05,19.9427,20
1,2371,p1,1146,8.54252e-05,19.905,20
1,1266,p1,1219,4.29229e-05,9.98502,10
1,4242,p1,131,5.83154e-05,5.06689,100
1,4243,p1,137,5.53415e-05,4.23524,100
1,4244,p1,164,5.47146e-05,4.22218,100
1,4245,p1,103,5.26317e-05,5.33997,100
1,4246,p1,125,5.37325e-05,4.56218,100
1,4247,p1,135,5.73918e-05,4.33143,100
1,4248,p1,141,5.59092e-05,3.72428,100
1,4249,p1,106,5.64489e-05,4.53685,100
1,2372,p1,968,8.63111e-05,19.9314,20
1,1267,p1,1300,4.43241e-05,9.99094,10
1,1268,p1,1328,4.38019e-05,10.027,10
1,2373,p1,1143,8.31373e-05,19.9255,20
1,2374,p1,1114,8.5393e-05,19.8727,20
1,1269,p1,1357,4.18319e-05,10.0218,10
1,1270,p1,1350,4.26844e-05,9.98603,10
1,2375,p1,1130,8.55638e-05,19.9034,20
1,4250,p1,129,5.69127e-05,4.64404,100
1,4251,p1,157,5.46266e-05,4.16016,100
1,4252,p1,125,5.1713e-05,4.26893,100
1,4253,p1,154,5.42123e-05,4.07668,100
1,4254,p1,140,5.24844e-05,3.77385,100
1,4255,p1,90,5.47204e-05,4.05646,100
1,4256,p1,151,5.13668e-05,3.78785,100
1,4257,p1,153,5.0235e-05,4.54633,100
1,4258,p1,124,5.25192e-05,4.50687,100
1,4259,p1,130,5.30533e-05,4.53959,100
1,4260,p1,183,5.082e-05,4.99637,100
1,4261,p1,132,5.10133e-05,4.78032,100
1,4262,p1,111,5.0659e-05,4.86193,100
1,4263,p1,146,4.88307e-05,4.87305,100
1,4264,p1,154,4.93131e-05,4.637,100
1,4265,p1,133,4.32082e-05,4.53419,100
1,4266,p1,115,4.06941e-05,5.41283,100
1,4267,p1,144,4.17294e-05,5.12134,100
1,4268,p1,180,3.84432e-05,5.62991,100
1,4269,p1,120,3.64774e-05,5.88029,100
1,4270,p1,136,3.66782e-05,6.01815,100
1,4271,p1,151,3.33334e-05,5.62919,100
1,4272,p1,127,3.58922e-05,5.60861,100
1,4273,p1,115,3.47546e-05,5.48226,100
1,4274,p1,120,3.37208e-05,5.48241,100
1,4275,p1,152,3.30696e-05,5.50622,100
1,4276,p1,118,3.63391e-05,5.25947,100
1,4277,p1,123,3.96328e-05,5.34933,100
1,4278,p1,147,3.31758e-05,5.65809,100
1,4279,p1,124,3.24776e-05,5.96206,100
1,4280,p1,135,3.97668e-05,5.92828,100
1,1271,p1,1362,4.415e-05,9.99332,10
1,4281,p1,164,4.09639e-05,6.03427,100
1,4282,p1,131,3.84235e-05,5.90944,100
1,4283,p1,118,3.69861e-05,6.08016,100
1,4284,p1,104,3.20881e-05,5.96785,100
1,4285,p1,146,3.27489e-05,5.99221,100
1,4286,p1,160,3.53941e-05,6.06757,100
1,4287,p1,133,3.68189e-05,6.20714,100
1,1272,p1,1274,4.24403e-05,9.99243,10
1,2376,p1,1101,8.43737e-05,19.9538,20
1,4288,p1,167,3.38028e-05,6.20315,100
1,4289,p1,128,3.42413e-05,6.31656,100
1,4290,p1,174,3.52618e-05,6.41249,100
1,4291,p1,117,3.61582e-05,6.09441,100
1,4292,p1,135,3.57838e-05,6.28528,100
1,4293,p1,96,3.22504e-05,6.60162,100
1,4294,p1,178,3.47057e-05,6.54205,100
1,4295,p1,173,3.57354e-05,6.6688,100
1,4296,p1,122,4.22863e-05,6.92656,100
1,4297,p1,113,4.36816e-05,6.90679,100
1,4298,p1,122,4.40779e-05,6.99995,100
1,4299,p1,135,4.00796e-05,6.83752,100
1,2377,p1,1131,8.50858e-05,19.9064,20
1,2378,p1,1036,8.5798e-05,19.9455,20
1,4650,p1,141,3.7599e-05,-7.13048,30
1,4651,p1,92,3.35474e-05,-6.95521,30
1,4652,p1,140,3.45084e-05,-6.89932,30
1,4653,p1,139,3.8359e-05,-6.47408,30
1,4654,p1,164,4.03926e-05,-6.42707,30
1,4655,p1,91,4.48376e-05,-6.89994,30
1,4656,p1,114,4.67409e-05,-7.55122,30
1,4657,p1,190,4.48101e-05,-7.5136,30
1,4658,p1,131,4.58575e-05,-7.12372,30
1,4659,p1,111,4.54529e-05,-7.28865,30
1,4660,p1,117,4.64665e-05,-7.68613,30
1,4661,p1,115,4.63346e-05,-7.21607,30
1,4662,p1,184,4.53782e-05,-7.23633,30
1,4663,p1,125,4.72566e-05,-7.22045,30
1,4664,p1,124,4.456e-05,-7.42691,30
1,4665,p1,113,4.1468e-05,-7.66094,30
1,4666,p1,126,4.03178e-05,-7.12369,30
1,4667,p1,140,4.49199e-05,-8.00123,30
1,4668,p1,150,3.97384e-05,-7.32805,30
1,4669,p1,123,3.92666e-05,-7.32003,30
1,4670,p1,155,4.33003e-05,-7.298,30
1,4671,p1,155,4.15925e-05,-7.05376,30
1,4672,p1,151,4.58133e-05,-7.6316,30
1,4673,p1,120,3.75306e-05,-7.07967,30
1,4674,p1,177,4.09247e-05,-6.84716,30
1,4675,p1,147,4.07913e-05,-7.09824,30
1,4676,p1,127,4.17038e-05,-7.30934,30
1,4677,p1,130,4.25169e-05,-7.11355,30
1,4678,p1,148,4.34854e-05,-6.80787,30
1,4679,p1,180,4.29144e-05,-6.83122,30
1,4680,p1,76,4.26039e-05,-7.05019,30
1,4681,p1,119,3.90622e-05,-7.30896,30
1,4682,p1,183,4.06589e-05,-7.1523,30
1,4683,p1,158,3.8072e-05,-6.98215,30
1,4684,p1,76,3.95637e-05,-7.02668,30
1,4685,p1,141,4.16372e-05,-6.76717,30
1,4686,p1,106,4.4693e-05,-7.26152,30
1,4687,p1,147,4.2849e-05,-7.00919,30
1,2379,p1,1160,8.52904e-05,19.8853,20
1,2380,p1,1187,8.36853e-05,20.0507,20
1,2381,p1,964,8.52037e-05,19.9044,20
1,4100,p1,148,6.42524e-05,15.547,50
1,4101,p1,94,6.09937e-05,15.4082,50
1,4102,p1,133,6.00124e-05,15.8111,50
1,4103,p1,159,6.37131e-05,15.1739,50
1,4104,p1,116,5.96685e-05,15.4761,50
1,4105,p1,112,5.96959e-05,15.3766,50
1,4106,p1,145,5.97134e-05,15.6843,50
1,4107,p1,122,5.23068e-05,16.0071,50
1,4108,p1,131,6.41658e-05,14.7599,50
1,4109,p1,145,6.17503e-05,14.9529,50
1,4110,p1,125,6.17366e-05,14.7981,50
1,4111,p1,164,6.33295e-05,15.0268,50
1,4112,p1,119,6.55695e-05,14.7199,50
1,4113,p1,145,5.78119e-05,14.4085,50
1,4114,p1,112,5.16833e-05,15.2088,50
1,4115,p1,108,5.67683e-05,15.0313,50
1,4116,p1,162,4.95997e-05,15.1358,50
1,4117,p1,110,4.98372e-05,14.3816,50
1,4118,p1,127,5.26183e-05,15.2366,50
1,4119,p1,121,5.15761e-05,15.1732,50
1,4120,p1,136,5.37627e-05,14.8191,50
1,4121,p1,139,5.67453e-05,15.6064,50
1,1273,p1,1267,4.14788e-05,9.9687,10
1,4122,p1,118,5.87611e-05,15.6787,50
1,4123,p1,120,5.69191e-05,15.8075,50
1,4124,p1,139,5.85593e-05,16.1672,50
1,4688,p1,134,4.28779e-05,-7.5171,30
1,4689,p1,124,4.18698e-05,-6.74428,30
1,4690,p1,126,4.46403e-05,-7.24829,30
1,4691,p1,143,4.38579e-05,-7.28944,30
1,4692,p1,133,4.01755e-05,-6.98956,30
1,4693,p1,109,4.47967e-05,-7.52247,30
1,4694,p1,156,4.82131e-05,-7.88724,30
1,4695,p1,113,4.6625e-05,-7.81627,30
1,4696,p1,140,4.38253e-05,-8.00652,30
1,4697,p1,124,4.51301e-05,-7.74697,30
1,4125,p1,154,6.20221e-05,16.3022,50
1,4126,p1,164,5.73552e-05,16.53,50
1,4127,p1,102,5.73587e-05,16.9283,50
1,4128,p1,135,5.85281e-05,16.048,50
1,4129,p1,155,5.68219e-05,16.6141,50
1,4130,p1,189,5.71237e-05,17.2506,50
1,4131,p1,130,4.92524e-05,17.6765,50
1,4132,p1,130,5.8458e-05,16.1162,50
1,4133,p1,139,5.65121e-05,16.6561,50
1,4134,p1,146,5.92147e-05,16.2506,50
1,2382,p1,1020,8.67332e-05,19.9221,20
1,2383,p1,1182,8.32208e-05,19.9107,20
1,1274,p1,1305,4.08017e-05,9.96937,10
1,4135,p1,108,6.12573e-05,16.0141,50
1,4136,p1,155,6.33913e-05,16.1819,50
1,4137,p1,85,6.37225e-05,15.9376,50
1,4138,p1,139,5.95554e-05,16.5356,50
1,4139,p1,152,6.43099e-05,16.2419,50
1,4140,p1,150,6.74991e-05,14.595,50
1,4141,p1,138,6.49375e-05,15.6696,50
1,4142,p1,129,5.34418e-05,17.7912,50
1,4143,p1,146,5.93162e-05,17.1366,50
1,4144,p1,142,6.63698e-05,16.7769,50
1,4698,p1,174,4.44686e-05,-7.78438,30
1,4699,p1,138,4.45812e-05,-8.2062,30
1,2384,p1,1120,8.5371e-05,19.8917,20
1,1275,p1,1360,4.14207e-05,9.99214,10
1,2385,p1,1010,8.1977e-05,20.0093,20
1,1276,p1,1319,3.99286e-05,9.99304,10
1,2386,p1,1125,8.40975e-05,19.8739,20
1,1277,p1,1292,3.85074e-05,9.98677,10
1,4145,p1,132,6.66193e-05,16.6609,50
1,4146,p1,179,6.79309e-05,16.5961,50
1,4147,p1,134,6.78213e-05,16.6262,50
1,4148,p1,137,7.06034e-05,14.3235,50
1,4149,p1,119,6.90665e-05,14.2029,50
1,4150,p1,150,7.2302e-05,14.8403,50
1,4151,p1,114,7.02135e-05,13.8068,50
1,4152,p1,143,6.12509e-05,12.9842,50
1,4153,p1,160,6.49898e-05,13.8211,50
1,4154,p1,112,6.4888e-05,13.1752,50
1,1278,p1,1188,3.84293e-05,10.0084,10
1,4155,p1,145,6.08521e-05,12.6826,50
1,4156,p1,176,5.83925e-05,12.1467,50
1,4157,p1,95,5.55834e-05,12.381,50
1,4158,p1,129,5.89207e-05,12.5907,50
1,1279,p1,1413,3.90053e-05,10.017,10
1,2387,p1,1273,8.53124e-05,20.0219,20
1,4159,p1,183,6.51545e-05,13.0994,50
1,4160,p1,132,5.79775e-05,11.7481,50
1,2388,p1,1120,8.58374e-05,19.961,20
1,4161,p1,121,5.92371e-05,12.1845,50
1,4162,p1,152,6.04272e-05,12.2062,50
1,4163,p1,172,6.87551e-05,12.899,50
1,4164,p1,93,7.40681e-05,13.0099,50
1,4165,p1,160,6.72654e-05,12.4109,50
1,4166,p1,85,7.1609e-05,13.0257,50
1,4167,p1,144,7.29237e-05,13.293,50
1,2389,p1,1080,8.43293e-05,19.9655,20
1,4168,p1,170,7.2946e-05,13.2553,50
1,4169,p1,119,7.74857e-05,14.0364,50
1,2390,p1,1041,8.23478e-05,19.9118,20
1,4170,p1,191,7.43761e-05,12.991,50
1,4171,p1,123,7.42055e-05,13.0743,50
1,4172,p1,137,7.63759e-05,14.1072,50
1,4173,p1,135,7.38491e-05,13.2464,50
1,4174,p1,176,7.37949e-05,13.3836,50
1,4175,p1,164,7.37955e-05,13.0938,50
1,4176,p1,142,7.53705e-05,13.6906,50
1,2391,p1,1229,8.14362e-05,19.9764,20
1,4177,p1,128,7.70279e-05,13.5691,50
1,4300,p1,76,4.06077e-05,6.84103,100
1,4301,p1,140,4.23811e-05,6.76364,100
1,4302,p1,115,4.02718e-05,6.83578,100
1,4303,p1,138,4.5372e-05,6.69841,100
1,1280,p1,1411,3.72846e-05,10.0022,10
1,4304,p1,131,4.27734e-05,6.70328,100
1,4305,p1,139,4.23361e-05,6.64309,100
1,4306,p1,191,4.33867e-05,6.33853,100
1,4307,p1,144,3.99416e-05,6.46004,100
1,4308,p1,157,4.09138e-05,6.43542,100
1,4309,p1,98,4.63479e-05,6.44086,100
1,4310,p1,112,4.66912e-05,6.44039,100
1,4311,p1,151,4.22731e-05,6.37256,100
1,4312,p1,97,4.80907e-05,6.69064,100
1,4313,p1,169,4.09875e-05,6.42034,100
1,4314,p1,152,4.12069e-05,6.28176,100
1,4315,p1,151,3.90906e-05,6.32642,100
1,4316,p1,114,3.8373e-05,6.33225,100
1,4317,p1,120,3.80285e-05,6.22546,100
1,4318,p1,164,4.28421e-05,6.43384,100
1,4319,p1,129,4.86089e-05,6.70745,100
1,4320,p1,116,4.73673e-05,6.58921,100
1,4321,p1,144,4.25048e-05,6.57545,100
1,4322,p1,85,4.50125e-05,6.7472,100
1,4323,p1,77,4.17043e-05,6.53164,100
1,4324,p1,159,3.64906e-05,6.46849,100
1,4325,p1,156,3.48439e-05,6.50356,100
1,4326,p1,140,3.14561e-05,6.31356,100
1,4327,p1,118,3.45095e-05,6.31897,100
1,4328,p1,140,3.02436e-05,6.29208,100
1,4329,p1,157,3.00235e-05,6.291,100
1,4330,p1,112,3.14353e-05,6.28359,100
1,4331,p1,136,2.88011e-05,6.3773,100
1,4332,p1,150,2.74022e-05,6.38386,100
1,4333,p1,131,3.23769e-05,6.1845,100
1,4334,p1,139,2.43693e-05,6.14915,100
1,4335,p1,146,2.73686e-05,6.20018,100
1,4336,p1,154,2.46545e-05,6.25571,100
1,4337,p1,96,2.87196e-05,6.20094,100
1,4338,p1,157,2.58929e-05,6.30749,100
1,4339,p1,168,3.02758e-05,6.36583,100
1,4340,p1,111,2.71861e-05,6.14718,100
1,4341,p1,135,2.81811e-05,6.05414,100
1,4342,p1,172,2.69582e-05,5.99265,100
1,4343,p1,99,2.59769e-05,6.28729,100
1,4344,p1,175,2.68867e-05,6.37792,100
1,4345,p1,132,2.8313e-05,6.1993,100
1,4346,p1,123,2.60787e-05,6.28252,100
1,4347,p1,143,2.68906e-05,6.30921,100
1,4348,p1,179,2.88707e-05,6.08371,100
1,4349,p1,118,2.90053e-05,5.96394,100
1,4350,p1,158,2.61981e-05,5.72837,100
1,4351,p1,137,2.80934e-05,5.40682,100
1,4352,p1,149,3.11382e-05,4.91634,100
1,4178,p1,130,7.5963e-05,13.6892,50
1,4179,p1,187,7.60941e-05,13.2656,50
1,4180,p1,141,6.32358e-05,12.1294,50
1,4181,p1,115,6.81898e-05,12.4084,50
1,4182,p1,148,6.58569e-05,12.248,50
1,4183,p1,143,6.86999e-05,12.4401,50
1,4184,p1,148,6.87322e-05,12.3127,50
1,4185,p1,99,7.02622e-05,12.9303,50
1,1281,p1,1284,3.73368e-05,9.99461,10
1,4186,p1,147,7.16701e-05,13.1923,50
1,4187,p1,123,7.47819e-05,13.1343,50
1,4188,p1,151,7.37562e-05,12.76,50
1,4189,p1,122,7.19773e-05,13.2589,50
1,4190,p1,145,7.34904e-05,12.8991,50
1,4191,p1,157,7.25307e-05,13.2462,50
1,4353,p1,148,2.8296e-05,5.00065,100
1,4192,p1,116,7.67899e-05,13.5159,50
1,4354,p1,117,2.9413e-05,4.40188,100
1,4193,p1,153,7.72393e-05,13.4695,50
1,4355,p1,131,3.16975e-05,4.62365,100
1,4194,p1,164,7.50905e-05,13.236,50
1,4356,p1,159,3.39745e-05,4.36411,100
1,4195,p1,134,7.36651e-05,12.7758,50
1,4357,p1,122,3.34671e-05,4.32239,100
1,4196,p1,127,7.68054e-05,13.4829,50
1,4358,p1,155,3.5733e-05,4.79512,100
1,4359,p1,164,3.56642e-05,4.57782,100
1,4360,p1,111,3.54468e-05,4.98956,100
1,4361,p1,127,3.65729e-05,4.92918,100
1,4362,p1,144,3.21692e-05,5.00194,100
1,4363,p1,209,3.43271e-05,4.83221,100
1,4364,p1,127,3.48317e-05,4.77673,100
1,4365,p1,110,3.59653e-05,5.25596,100
1,4366,p1,151,3.3518e-05,5.01578,100
1,1282,p1,1412,3.58301e-05,10.0152,10
1,4367,p1,145,3.51829e-05,4.97295,100
1,4368,p1,112,3.8288e-05,4.43255,100
1,4369,p1,126,3.80959e-05,4.20573,100
1,4370,p1,153,3.47037e-05,3.94174,100
1,4371,p1,114,3.73084e-05,3.83911,100
1,4372,p1,135,3.48195e-05,3.42983,100
1,4373,p1,130,3.72843e-05,3.76852,100
1,4374,p1,122,4.33832e-05,3.59093,100
1,1283,p1,1335,3.65004e-05,10.0144,10
1,4375,p1,100,4.09335e-05,3.31187,100
1,4376,p1,128,4.05875e-05,3.42704,100
1,4377,p1,185,4.38907e-05,3.34796,100
1,4378,p1,135,4.37284e-05,2.80018,100
1,4379,p1,138,4.56551e-05,3.01291,100
1,4380,p1,119,4.38384e-05,3.0838,100
1,4381,p1,105,4.5512e-05,3.13265,100
1,4382,p1,176,4.64645e-05,2.94017,100
1,4383,p1,93,4.39814e-05,2.69625,100
1,4384,p1,115,4.05259e-05,2.95023,100
1,4385,p1,142,4.91192e-05,2.28591,100
1,4386,p1,136,5.02947e-05,1.97653,100
1,4387,p1,146,4.88584e-05,1.94469,100
1,4388,p1,131,4.75809e-05,2.25361,100
1,4197,p1,130,6.31408e-05,12.1614,50
1,4198,p1,154,6.91531e-05,12.5236,50
1,4199,p1,141,7.08118e-05,12.571,50
1,2392,p1,1093,8.00022e-05,19.9841,20
1,2393,p1,1027,8.29599e-05,19.9343,20
1,4389,p1,135,4.34359e-05,1.99726,100
1,4390,p1,150,4.37338e-05,1.73151,100
1,4391,p1,158,4.81085e-05,2.20308,100
1,4392,p1,133,4.77692e-05,2.0328,100
1,4393,p1,134,4.71099e-05,2.08258,100
1,4394,p1,142,4.81467e-05,1.67995,100
1,4395,p1,144,5.66122e-05,2.04858,100
1,4396,p1,91,5.84718e-05,2.34992,100
1,4397,p1,145,5.83372e-05,1.89081,100
1,4398,p1,158,5.38319e-05,1.60883,100
1,4399,p1,156,5.12734e-05,1.61772,100
1,1284,p1,1416,3.69342e-05,10.0135,10
1,2394,p1,1012,8.07668e-05,19.8772,20
1,2395,p1,1030,8.08886e-05,19.9524,20
1,1285,p1,1246,3.91012e-05,10.018,10
1,2396,p1,1209,7.87718e-05,19.9631,20
1,2397,p1,1081,8.28184e-05,19.8262,20
1,4700,p1,119,4.20595e-05,-7.67478,30
1,4701,p1,171,4.22978e-05,-7.47045,30
1,4702,p1,119,4.18865e-05,-7.78829,30
1,4703,p1,120,3.76628e-05,-7.78281,30
1,4704,p1,155,3.36343e-05,-7.82176,30
1,4705,p1,152,3.77361e-05,-8.01274,30
1,4706,p1,129,3.93868e-05,-7.94291,30
1,4707,p1,137,4.08661e-05,-8.06522,30
1,4708,p1,153,4.1917e-05,-8.07633,30
1,4709,p1,151,5.14905e-05,-7.81735,30
1,4710,p1,132,4.19011e-05,-7.86248,30
1,4711,p1,157,4.07791e-05,-8.30622,30
1,4712,p1,198,4.3874e-05,-8.2829,30
1,4713,p1,118,4.2263e-05,-8.01293,30
1,4714,p1,137,4.30401e-05,-7.63112,30
1,4715,p1,135,3.61918e-05,-7.98994,30
1,4716,p1,109,3.82287e-05,-8.36912,30
1,4717,p1,156,4.15261e-05,-8.18332,30
1,4200,p1,106,6.63394e-05,12.4094,50
1,4201,p1,160,7.82543e-05,13.5521,50
1,4202,p1,159,7.70055e-05,12.8659,50
1,4203,p1,119,7.65285e-05,12.7538,50
1,4204,p1,135,8.43177e-05,13.9504,50
1,4205,p1,170,8.02882e-05,13.5997,50
1,4206,p1,114,7.97276e-05,13.3393,50
1,4207,p1,148,8.19766e-05,13.6523,50
1,1286,p1,1358,3.86819e-05,9.9863,10
1,1287,p1,1263,3.74919e-05,10.0069,10
1,4208,p1,132,8.48772e-05,14.102,50
1,4209,p1,113,8.1616e-05,13.2316,50
1,4210,p1,138,8.1653e-05,13.0518,50
1,4211,p1,92,8.78019e-05,13.188,50
1,2398,p1,1169,8.37682e-05,19.9005,20
1,4212,p1,153,8.60731e-05,13.9386,50
1,4213,p1,91,8.29048e-05,12.8144,50
1,4214,p1,130,8.35222e-05,13.0961,50
1,4215,p1,114,7.66682e-05,12.5746,50
1,4216,p1,142,7.67578e-05,12.8053,50
1,4217,p1,122,8.3315e-05,12.8862,50
1,4218,p1,147,7.32033e-05,12.1625,50
1,4718,p1,178,3.55885e-05,-7.98723,30
1,4719,p1,152,4.00545e-05,-7.97431,30
1,4720,p1,117,3.2147e-05,-7.94688,30
1,4721,p1,130,2.94722e-05,-7.93113,30
1,4722,p1,138,3.11103e-05,-8.10327,30
1,4723,p1,88,3.03964e-05,-7.8529,30
1,4724,p1,124,3.05385e-05,-7.79836,30
1,4219,p1,128,7.74445e-05,12.6037,50
1,4220,p1,173,7.41782e-05,12.1042,50
1,4221,p1,170,6.28052e-05,11.2504,50
1,4222,p1,156,6.99573e-05,12.0327,50
1,4223,p1,88,6.63849e-05,12.1649,50
1,4400,p1,113,5.60729e-05,1.48797,100
1,4401,p1,119,5.25475e-05,1.61517,100
1,4402,p1,100,4.9181e-05,1.12215,100
1,4403,p1,178,5.16903e-05,1.29795,100
1,4404,p1,137,5.36427e-05,1.16085,100
1,4405,p1,153,5.21071e-05,0.981141,100
1,4406,p1,119,5.02909e-05,0.929347,100
1,4407,p1,113,4.55807e-05,1.08318,100
1,4408,p1,150,5.50702e-05,1.3039,100
1,4409,p1,142,5.19136e-05,1.04235,100
1,4410,p1,172,4.92126e-05,0.963838,100
1,4411,p1,94,5.19268e-05,1.26982,100
1,4412,p1,176,4.73333e-05,0.947056,100
1,4413,p1,198,4.76992e-05,0.430158,100
1,4414,p1,71,4.39218e-05,-0.0974584,100
1,4415,p1,88,4.58232e-05,0.394494,100
1,4416,p1,136,4.6719e-05,0.306354,100
1,4417,p1,181,4.55635e-05,0.490578,100
1,4418,p1,115,5.00647e-05,0.864721,100
1,4419,p1,122,4.52798e-05,0.450062,100
1,4420,p1,182,4.63493e-05,0.684342,100
1,4421,p1,124,4.59804e-05,0.811732,100
1,4422,p1,127,4.1714e-05,0.496255,100
1,4423,p1,131,4.70975e-05,0.700155,100
1,4424,p1,162,5.22679e-05,1.11369,100
1,4425,p1,133,5.54605e-05,1.49254,100
1,4426,p1,139,5.54759e-05,0.887281,100
1,4427,p1,148,5.26399e-05,1.03608,100
1,4428,p1,186,5.53801e-05,1.3166,100
1,4224,p1,164,6.32657e-05,11.7941,50
1,2399,p1,1156,8.08238e-05,19.9149,20
1,4225,p1,147,8.09355e-05,13.2296,50
1,4226,p1,100,8.3005e-05,13.8308,50
1,4227,p1,125,8.4735e-05,14.1211,50
1,4228,p1,150,8.63093e-05,14.8423,50
1,4229,p1,166,8.73948e-05,15.1082,50
1,4230,p1,176,8.80362e-05,14.4966,50
1,4231,p1,108,8.83248e-05,13.9694,50
1,2400,p1,1089,7.9689e-05,20.0429,20
1,4725,p1,130,3.09062e-05,-7.73542,30
1,4726,p1,142,2.84609e-05,-8.0621,30
1,4727,p1,86,2.95004e-05,-8.16151,30
1,4728,p1,132,3.30363e-05,-8.09901,30
1,4729,p1,152,3.04447e-05,-8.10428,30
1,4730,p1,118,2.74767e-05,-8.26329,30
1,4731,p1,126,3.16544e-05,-8.41444,30
1,4732,p1,127,3.17872e-05,-8.32825,30
1,4733,p1,159,2.79392e-05,-8.13234,30
1,4734,p1,99,2.94735e-05,-7.62968,30
1,4735,p1,119,2.89355e-05,-7.7763,30
1,1288,p1,1250,3.73703e-05,10.0108,10
1,4429,p1,171,5.90277e-05,1.19244,100
1,4430,p1,105,5.93478e-05,1.34836,100
1,4431,p1,94,5.94449e-05,1.58667,100
1,4432,p1,209,6.00686e-05,1.85844,100
1,4433,p1,141,6.48609e-05,2.42464,100
1,4434,p1,138,6.34557e-05,3.03033,100
1,4435,p1,99,6.57249e-05,2.53678,100
1,4436,p1,132,6.65453e-05,2.38357,100
1,4437,p1,170,6.50945e-05,3.06257,100
1,4232,p1,161,8.89387e-05,14.1057,50
1,4233,p1,145,9.2118e-05,14.7286,50
1,4234,p1,143,9.21673e-05,14.2882,50
1,4235,p1,158,8.82505e-05,13.9767,50
1,4236,p1,110,8.54062e-05,13.7632,50
1,4237,p1,160,8.77521e-05,13.7168,50
1,4238,p1,138,9.40819e-05,14.9122,50
1,4239,p1,145,8.62426e-05,13.7628,50
1,4240,p1,121,8.92309e-05,14.9099,50
1,4736,p1,132,2.90002e-05,-7.99891,30
1,4737,p1,133,2.87798e-05,-7.8927,30
1,4738,p1,127,3.07297e-05,-7.88041,30
1,4739,p1,109,2.84332e-05,-8.01329,30
1,4740,p1,147,2.98181e-05,-7.79958,30
1,4741,p1,172,3.13372e-05,-7.77972,30
1,4742,p1,109,3.35999e-05,-7.73118,30
1,4743,p1,124,3.29718e-05,-8.14132,30
1,4744,p1,137,3.15265e-05,-7.69209,30
1,4745,p1,183,3.31131e-05,-7.61113,30
1,4746,p1,173,3.267e-05,-7.60145,30
1,4747,p1,111,3.44006e-05,-7.43947,30
1,4748,p1,110,3.25587e-05,-7.71081,30
1,4749,p1,96,3.48253e-05,-7.81913,30
1,4241,p1,125,9.0265e-05,15.2003,50
1,4242,p1,130,8.89979e-05,14.4479,50
1,4243,p1,172,8.81118e-05,14.3722,50
1,4244,p1,164,8.94588e-05,14.9853,50
1,4245,p1,170,8.71621e-05,15.2597,50
1,4246,p1,143,9.04719e-05,15.0184,50
1,4247,p1,113,9.08701e-05,15.184,50
1,4248,p1,182,9.13048e-05,15.9491,50
1,4249,p1,118,8.83615e-05,16.8438,50
1,2401,p1,1175,8.08658e-05,19.9002,20
1,4438,p1,154,6.55353e-05,3.04219,100
1,4439,p1,135,6.63108e-05,3.48661,100
1,2402,p1,1188,7.98939e-05,19.8869,20
1,4440,p1,149,6.28776e-05,3.62457,100
1,4441,p1,168,6.88859e-05,3.8956,100
1,4442,p1,89,5.03478e-05,4.27476,100
1,4443,p1,146,4.62704e-05,4.46826,100
1,4444,p1,178,6.19901e-05,4.09041,100
1,4445,p1,115,6.98049e-05,4.22535,100
1,4446,p1,100,5.87305e-05,4.43895,100
1,4447,p1,121,6.29209e-05,3.96101,100
1,1289,p1,1301,3.88957e-05,9.99516,10
1,1290,p1,1309,4.02812e-05,9.97857,10
1,4448,p1,157,6.22011e-05,4.22733,100
1,4449,p1,157,5.9687e-05,4.51256,100
1,1291,p1,1305,3.88387e-05,10.017,10
1,1292,p1,1220,3.75564e-05,10.0015,10
1,1293,p1,1388,3.75914e-05,10.0185,10
1,1294,p1,1278,3.88873e-05,10.0104,10
1,4250,p1,141,9.13168e-05,16.6801,50
1,4251,p1,137,9.37549e-05,16.0412,50
1,4252,p1,99,9.59234e-05,16.1242,50
1,4253,p1,143,9.49042e-05,16.7475,50
1,4254,p1,156,9.66387e-05,15.6792,50
1,4255,p1,131,9.73143e-05,15.3969,50
1,4256,p1,109,9.49209e-05,15.4271,50
1,4257,p1,90,9.38123e-05,14.5207,50
1,4258,p1,112,9.20906e-05,14.0345,50
1,4259,p1,144,9.08039e-05,14.2899,50
1,4260,p1,142,9.45532e-05,14.6152,50
1,4261,p1,164,9.19038e-05,14.1264,50
1,4262,p1,149,9.78683e-05,15.1117,50
1,4263,p1,151,9.64769e-05,14.5939,50
1,4264,p1,153,9.76058e-05,15.1573,50
1,4265,p1,105,9.67088e-05,15.4945,50
1,4266,p1,160,0.00010138,15.5536,50
1,4267,p1,135,0.000101241,16.0335,50
1,4268,p1,113,0.000100558,16.9489,50
1,4269,p1,100,9.8856e-05,16.5566,50
1,4270,p1,167,0.000100346,16.5226,50
1,4271,p1,174,9.779e-05,16.7862,50
1,4272,p1,163,9.60635e-05,15.6917,50
1,4273,p1,110,9.86802e-05,16.0611,50
1,4274,p1,181,9.99473e-05,15.9946,50
1,4275,p1,107,9.95078e-05,16.5928,50
1,4276,p1,136,9.8507e-05,16.9238,50
1,4277,p1,160,0.000100012,16.0542,50
1,4278,p1,139,0.000101704,17.5234,50
1,4279,p1,155,9.55915e-05,17.0269,50
1,4280,p1,99,9.26395e-05,18.1668,50
1,4281,p1,117,9.88363e-05,18.558,50
1,4282,p1,191,9.44741e-05,18.6975,50
1,1295,p1,1360,3.69588e-05,10.0412,10
1,4283,p1,160,9.33262e-05,18.276,50
1,4284,p1,132,9.43265e-05,17.8632,50
1,4285,p1,138,9.70271e-05,17.9151,50
1,4286,p1,139,8.25188e-05,18.5093,50
1,4287,p1,132,8.39184e-05,18.3936,50
1,4288,p1,86,9.00723e-05,18.6481,50
1,4289,p1,181,8.44304e-05,18.7606,50
1,4290,p1,129,8.67331e-05,18.3728,50
1,4291,p1,129,8.51124e-05,18.6824,50
1,4292,p1,206,7.89239e-05,18.8498,50
1,4293,p1,130,8.19139e-05,19.1311,50
1,4294,p1,140,8.66712e-05,18.3928,50
1,4295,p1,135,8.89621e-05,18.3943,50
1,4296,p1,169,9.00728e-05,18.3176,50
1,4297,p1,96,8.49528e-05,18.6343,50
1,4450,p1,103,6.22858e-05,4.31068,100
1,4451,p1,180,6.55407e-05,4.33417,100
1,4452,p1,147,6.80031e-05,4.53856,100
1,4453,p1,86,6.52454e-05,4.60553,100
1,4454,p1,120,6.03118e-05,4.54862,100
1,4455,p1,95,5.80194e-05,4.89565,100
1,4456,p1,129,5.82017e-05,4.88668,100
1,4457,p1,158,5.18797e-05,5.00836,100
1,4458,p1,124,5.52127e-05,4.82776,100
1,4459,p1,138,5.80779e-05,4.91405,100
1,4460,p1,133,5.82435e-05,5.07104,100
1,4461,p1,144,6.58714e-05,5.15696,100
1,4462,p1,144,6.26276e-05,5.3676,100
1,4463,p1,145,6.4751e-05,5.12763,100
1,2403,p1,1111,7.89291e-05,19.8812,20
1,2404,p1,942,8.18972e-05,19.9082,20
1,4464,p1,150,6.36178e-05,4.84312,100
1,4465,p1,144,6.92867e-05,5.01377,100
1,4466,p1,138,6.67402e-05,5.1351,100
1,4467,p1,142,6.9756e-05,4.89031,100
1,4468,p1,95,6.51213e-05,5.2819,100
1,4469,p1,169,7.25839e-05,5.25366,100
1,4470,p1,120,6.34687e-05,5.20314,100
1,4471,p1,130,6.11438e-05,5.14045,100
1,4472,p1,157,6.25528e-05,5.23551,100
1,4473,p1,193,5.42011e-05,5.29298,100
1,4474,p1,105,5.12966e-05,5.17936,100
1,4475,p1,134,4.61743e-05,5.1622,100
1,4476,p1,114,4.81171e-05,5.31461,100
1,4477,p1,146,5.41354e-05,5.04553,100
1,4478,p1,160,4.87109e-05,5.10129,100
1,4479,p1,155,5.30379e-05,5.027,100
1,4480,p1,115,4.98571e-05,5.06215,100
1,4481,p1,139,4.40096e-05,5.17048,100
1,4482,p1,102,5.51322e-05,4.96938,100
1,4483,p1,153,5.83825e-05,4.86052,100
1,4484,p1,147,6.59984e-05,5.11745,100
1,4485,p1,120,5.89674e-05,5.341,100
1,4486,p1,136,5.29961e-05,5.08334,100
1,4487,p1,103,5.38807e-05,5.19426,100
1,4488,p1,151,5.17105e-05,5.27124,100
1,4489,p1,117,5.73479e-05,5.19979,100
1,4490,p1,145,5.08595e-05,5.08078,100
1,4491,p1,167,5.31988e-05,5.36228,100
1,4492,p1,86,5.03306e-05,5.47813,100
1,4493,p1,94,5.45162e-05,5.75557,100
1,4494,p1,144,6.06629e-05,5.29724,100
1,4495,p1,148,5.39443e-05,5.66109,100
1,1296,p1,1338,3.71929e-05,10.0351,10
1,1297,p1,1403,3.76276e-05,10.026,10
1,2405,p1,1027,8.06186e-05,20.0058,20
1,2406,p1,1047,8.20481e-05,20.0439,20
1,4496,p1,98,5.5442e-05,5.60296,100
1,4298,p1,95,8.20188e-05,18.6718,50
1,4497,p1,119,5.94651e-05,5.6223,100
1,4299,p1,140,7.85821e-05,18.66,50
1,4498,p1,100,4.46675e-05,5.63731,100
1,4499,p1,141,4.08088e-05,5.92895,100
1,1298,p1,1242,3.5909e-05,10.0193,10
1,4750,p1,209,3.405e-05,-7.63822,30
1,4751,p1,188,3.4241e-05,-7.60505,30
1,4752,p1,82,3.58879e-05,-7.26342,30
1,4753,p1,74,3.58145e-05,-7.22019,30
1,4754,p1,127,3.38697e-05,-7.5654,30
1,4755,p1,137,3.61106e-05,-7.26924,30
1,4756,p1,158,3.79138e-05,-6.96721,30
1,4757,p1,115,3.81304e-05,-6.87488,30
1,2407,p1,1167,8.16239e-05,19.9506,20
1,2408,p1,1148,7.85431e-05,20.0157,20
1,4758,p1,148,3.58117e-05,-6.82003,30
1,4759,p1,154,3.63683e-05,-7.10184,30
1,4760,p1,130,3.52893e-05,-7.10865,30
1,4761,p1,116,3.58297e-05,-7.31644,30
1,4762,p1,119,3.75941e-05,-6.94886,30
1,4763,p1,129,3.42732e-05,-7.50763,30
1,4764,p1,125,3.58208e-05,-7.31757,30
1,4765,p1,136,3.63006e-05,-7.13103,30
1,4766,p1,129,3.54955e-05,-7.12047,30
1,4767,p1,106,3.58664e-05,-7.30348,30
1,4768,p1,163,3.29258e-05,-7.29414,30
1,2409,p1,1057,7.97298e-05,19.9429,20
1,4769,p1,133,3.24563e-05,-6.95328,30
1,4770,p1,133,3.32565e-05,-7.16485,30
1,4771,p1,95,3.07235e-05,-7.30232,30
1,4772,p1,133,2.81407e-05,-7.73908,30
1,4773,p1,129,3.54756e-05,-7.44958,30
1,4774,p1,166,3.10214e-05,-7.26544,30
1,4775,p1,132,3.35953e-05,-7.18279,30
1,4776,p1,125,3.34829e-05,-7.86665,30
1,2410,p1,1138,7.88906e-05,19.982,20
1,4777,p1,157,2.91633e-05,-8.66661,30
1,4778,p1,104,3.26881e-05,-8.33176,30
1,2411,p1,1163,8.01632e-05,19.885,20
1,4779,p1,145,3.51149e-05,-7.98632,30
1,4780,p1,119,3.26975e-05,-8.60466,30
1,4781,p1,145,3.33453e-05,-8.55446,30
1,4782,p1,152,3.11833e-05,-8.83207,30
1,4783,p1,122,3.23717e-05,-9.11999,30
1,4784,p1,131,3.26831e-05,-9.18275,30
1,4785,p1,129,3.18184e-05,-9.23177,30
1,4786,p1,114,3.27562e-05,-9.03208,30
1,4787,p1,124,3.86619e-05,-9.06908,30
1,4788,p1,166,3.69959e-05,-8.58755,30
1,1299,p1,1354,3.63335e-05,9.9941,10
1,4789,p1,115,3.82106e-05,-9.19382,30
1,4790,p1,83,3.50036e-05,-9.45398,30
1,4791,p1,142,4.09123e-05,-8.61264,30
1,4792,p1,149,4.15463e-05,-8.79189,30
1,4793,p1,94,4.33612e-05,-8.32776,30
1,4794,p1,140,4.20487e-05,-8.09451,30
1,4795,p1,135,4.30033e-05,-7.61554,30
1,4796,p1,124,4.21495e-05,-8.00113,30
1,4797,p1,124,4.38632e-05,-7.54333,30
1,4798,p1,88,4.42853e-05,-7.48508,30
1,4799,p1,113,4.34321e-05,-7.51601,30
1,2412,p1,1097,7.85463e-05,19.9497,20
1,2413,p1,1074,7.55142e-05,19.9755,20
1,4300,p1,146,7.54675e-05,18.513,50
1,4301,p1,99,8.69131e-05,17.9027,50
1,4302,p1,152,9.13128e-05,17.55,50
1,4303,p1,150,8.4876e-05,18.1363,50
1,4304,p1,130,7.89627e-05,18.58,50
1,4305,p1,97,9.5009e-05,17.2146,50
1,4306,p1,161,9.16626e-05,18.5362,50
1,4307,p1,133,8.25021e-05,18.8713,50
1,4308,p1,135,8.3113e-05,18.9562,50
1,4309,p1,123,8.81496e-05,18.6341,50
1,4310,p1,133,9.04788e-05,17.8864,50
1,4311,p1,170,8.544e-05,18.01,50
1,4312,p1,119,9.2909e-05,18.4816,50
1,4313,p1,119,8.56867e-05,18.7059,50
1,4314,p1,159,8.72511e-05,18.822,50
1,4315,p1,179,8.59839e-05,18.7988,50
1,4316,p1,126,8.45059e-05,18.1783,50
1,4317,p1,110,8.4405e-05,18.3834,50
1,4318,p1,148,8.67593e-05,17.9825,50
1,4319,p1,145,7.8926e-05,19.117,50
1,4320,p1,137,7.80513e-05,18.7482,50
1,4321,p1,108,7.94552e-05,18.0038,50
1,4322,p1,150,7.63511e-05,18.2644,50
1,4323,p1,134,8.38118e-05,17.4249,50
1,4324,p1,74,7.72169e-05,17.5568,50
1,4325,p1,120,8.49247e-05,17.5293,50
1,4326,p1,200,8.85023e-05,17.2764,50
1,4327,p1,118,9.08345e-05,17.178,50
1,4328,p1,138,9.09323e-05,17.501,50
1,4329,p1,178,9.63418e-05,18.3146,50
1,4330,p1,146,9.1721e-05,17.4622,50
1,4331,p1,122,9.49761e-05,17.7142,50
1,4332,p1,128,9.39218e-05,17.7807,50
1,4333,p1,168,8.89985e-05,17.3223,50
1,4334,p1,97,0.00010188,17.2365,50
1,4335,p1,131,0.000101238,16.5471,50
1,4336,p1,150,9.84587e-05,17.5759,50
1,4337,p1,170,0.000100838,16.9203,50
1,4338,p1,158,9.73416e-05,17.6598,50
1,4339,p1,121,0.000108638,17.2992,50
1,4340,p1,135,9.25257e-05,17.2402,50
1,1300,p1,1432,3.56944e-05,9.99325,10
1,2414,p1,1175,7.63515e-05,19.9222,20
1,2415,p1,1094,7.94964e-05,20.0044,20
1,1301,p1,1327,3.47903e-05,10.02,10
1,4800,p1,139,4.24856e-05,-7.7912,30
1,4801,p1,137,4.43844e-05,-7.73064,30
1,4802,p1,133,4.5552e-05,-7.84234,30
1,4803,p1,147,4.60253e-05,-7.86203,30
1,4804,p1,140,4.4613e-05,-7.59018,30
1,4805,p1,123,4.33099e-05,-7.62527,30
1,4806,p1,89,4.38518e-05,-7.20518,30
1,4807,p1,151,4.33722e-05,-7.19542,30
1,4808,p1,130,4.27926e-05,-7.37113,30
1,4809,p1,107,4.39322e-05,-7.14727,30
1,4810,p1,142,4.40386e-05,-7.2885,30
1,4811,p1,173,4.48426e-05,-6.90647,30
1,4812,p1,144,4.82026e-05,-6.44751,30
1,4813,p1,122,4.6601e-05,-6.85724,30
1,4814,p1,134,4.841e-05,-7.28412,30
1,4815,p1,101,5.04122e-05,-6.93387,30
1,4816,p1,168,4.86871e-05,-6.85517,30
1,4817,p1,158,5.12991e-05,-7.52446,30
1,4818,p1,136,5.10913e-05,-7.04971,30
1,4819,p1,103,5.11076e-05,-7.29996,30
1,4820,p1,156,5.20628e-05,-7.22409,30
1,4821,p1,136,5.00062e-05,-7.34571,30
1,4822,p1,139,5.39581e-05,-7.18993,30
1,4823,p1,113,5.17464e-05,-7.7981,30
1,4824,p1,169,5.16622e-05,-7.39598,30
1,4825,p1,157,5.42645e-05,-7.23616,30
1,4826,p1,88,5.05282e-05,-7.64826,30
1,4827,p1,129,5.2794e-05,-7.4892,30
1,4828,p1,198,5.54516e-05,-6.89814,30
1,4829,p1,162,5.67511e-05,-6.62894,30
1,4830,p1,113,5.68968e-05,-5.8355,30
1,4500,p1,134,4.19871e-05,5.94077,100
1,4501,p1,118,4.84254e-05,5.94528,100
1,4502,p1,114,5.52574e-05,6.02364,100
1,4503,p1,163,4.55386e-05,5.87182,100
1,4504,p1,100,4.70815e-05,6.11782,100
1,4505,p1,138,5.45841e-05,5.65097,100
1,4506,p1,139,4.80195e-05,5.71681,100
1,4507,p1,182,5.25753e-05,5.48278,100
1,4508,p1,92,5.3281e-05,5.29263,100
1,4509,p1,126,5.56522e-05,5.33166,100
1,4510,p1,168,4.59933e-05,5.32574,100
1,4511,p1,110,5.87843e-05,4.76406,100
1,4512,p1,148,4.99085e-05,5.16598,100
1,4513,p1,143,4.84669e-05,5.16296,100
1,4514,p1,157,4.54166e-05,5.29072,100
1,4515,p1,140,4.91653e-05,5.29439,100
1,1302,p1,1323,3.74337e-05,10.0273,10
1,4831,p1,128,5.78488e-05,-6.17978,30
1,4832,p1,191,5.81318e-05,-6.28522,30
1,4833,p1,80,6.04445e-05,-5.85024,30
1,4834,p1,138,5.92202e-05,-5.90235,30
1,4835,p1,146,5.81758e-05,-6.27771,30
1,4836,p1,157,5.7993e-05,-6.07072,30
1,4837,p1,111,6.02419e-05,-6.34333,30
1,4838,p1,168,6.05253e-05,-6.22941,30
1,1303,p1,1264,3.66166e-05,10.0104,10
1,4839,p1,179,5.87196e-05,-6.46217,30
1,4516,p1,140,5.64357e-05,5.01283,100
1,4517,p1,135,5.29701e-05,5.55328,100
1,4518,p1,122,5.09802e-05,5.56833,100
1,4519,p1,102,5.7896e-05,5.25315,100
1,4520,p1,143,5.61734e-05,5.36048,100
1,4521,p1,154,5.55501e-05,5.373,100
1,4522,p1,163,5.14517e-05,5.32589,100
1,4523,p1,114,6.09307e-05,5.30846,100
1,4524,p1,134,6.18052e-05,5.3136,100
1,4525,p1,144,5.4837e-05,5.45983,100
1,4526,p1,170,4.30355e-05,5.68761,100
1,4527,p1,115,5.07928e-05,5.22993,100
1,4528,p1,141,5.48265e-05,5.295,100
1,4529,p1,155,5.12974e-05,5.26207,100
1,4530,p1,185,4.64099e-05,5.19522,100
1,4531,p1,109,5.54297e-05,4.82075,100
1,4532,p1,109,5.29223e-05,4.96394,100
1,4533,p1,206,4.92199e-05,5.03082,100
1,4534,p1,134,5.20954e-05,5.07339,100
1,2416,p1,1134,8.04746e-05,19.943,20
1,2417,p1,1083,7.62053e-05,20.0388,20
1,1304,p1,1341,3.77205e-05,10.0209,10
1,4535,p1,106,5.75899e-05,4.86167,100
1,4536,p1,133,5.60099e-05,5.07317,100
1,4537,p1,194,5.38159e-05,5.01896,100
1,4538,p1,126,5.15013e-05,5.20373,100
1,4539,p1,88,4.20409e-05,5.8431,100
1,4540,p1,121,4.25408e-05,5.60104,100
1,4541,p1,117,4.64165e-05,6.00495,100
1,4542,p1,178,4.30945e-05,6.3324,100
1,4543,p1,152,4.24483e-05,6.44678,100
1,4341,p1,151,8.71464e-05,17.4664,50
1,4342,p1,172,9.06238e-05,17.6827,50
1,4343,p1,161,6.55754e-05,17.6529,50
1,4344,p1,139,7.26572e-05,18.0014,50
1,4345,p1,137,6.52981e-05,18.1921,50
1,4346,p1,138,5.39285e-05,18.5094,50
1,4347,p1,200,6.39905e-05,18.9809,50
1,4348,p1,126,6.089e-05,18.3071,50
1,4840,p1,136,5.62735e-05,-6.87296,30
1,4841,p1,91,6.01642e-05,-6.38699,30
1,4842,p1,115,5.90896e-05,-6.38987,30
1,4843,p1,154,6.11808e-05,-6.06352,30
1,4844,p1,123,5.9848e-05,-5.71325,30
1,4845,p1,101,5.71424e-05,-6.39892,30
1,4846,p1,170,5.72891e-05,-6.39471,30
1,4847,p1,168,5.67067e-05,-6.4161,30
1,4848,p1,112,5.95424e-05,-6.11637,30
1,2418,p1,1279,8.10835e-05,19.9646,20
1,4849,p1,150,5.98411e-05,-6.22088,30
1,4349,p1,131,6.97462e-05,18.5999,50
1,1305,p1,1425,3.8863e-05,10.0214,10
1,1306,p1,1253,3.86381e-05,10.0163,10
1,4544,p1,113,4.01703e-05,7.25282,100
1,4545,p1,124,3.8577e-05,7.24674,100
1,4546,p1,127,4.20224e-05,7.25618,100
1,4547,p1,165,4.47333e-05,7.00127,100
1,4548,p1,167,5.07311e-05,6.5783,100
1,4549,p1,89,4.56647e-05,6.06951,100
1,1307,p1,1290,3.79211e-05,10.0056,10
1,1308,p1,1310,3.75389e-05,10.0278,10
1,2419,p1,1054,8.14945e-05,19.9329,20
1,4850,p1,194,5.24268e-05,-6.63927,30
1,4851,p1,121,5.021e-05,-6.38496,30
1,4852,p1,104,5.38055e-05,-6.33558,30
1,4853,p1,128,5.68356e-05,-5.67889,30
1,4854,p1,174,5.57742e-05,-5.99604,30
1,4855,p1,134,6.03069e-05,-5.34995,30
1,4856,p1,126,5.77233e-05,-5.39232,30
1,4857,p1,120,6.04531e-05,-5.73354,30
1,4858,p1,170,6.32199e-05,-5.07193,30
1,4859,p1,158,6.45836e-05,-4.96498,30
1,4860,p1,105,6.37315e-05,-4.40812,30
1,4861,p1,150,6.47707e-05,-4.68133,30
1,4862,p1,142,6.43994e-05,-4.33104,30
1,4863,p1,103,6.30545e-05,-4.57448,30
1,2420,p1,1189,8.34528e-05,19.8994,20
1,2421,p1,1076,8.52451e-05,19.9102,20
1,4864,p1,112,6.37835e-05,-4.21868,30
1,4865,p1,131,6.27195e-05,-4.35559,30
1,4866,p1,111,6.33853e-05,-4.11804,30
1,4867,p1,137,6.18834e-05,-3.88846,30
1,4868,p1,141,6.43285e-05,-4.28967,30
1,4869,p1,141,6.13515e-05,-4.29123,30
1,4870,p1,63,6.09776e-05,-3.86139,30
1,4871,p1,140,6.23992e-05,-3.81132,30
1,4872,p1,140,6.15296e-05,-3.67436,30
1,4873,p1,112,6.08044e-05,-4.26398,30
1,4874,p1,119,6.17792e-05,-4.23565,30
1,4875,p1,149,6.29014e-05,-3.78772,30
1,4876,p1,120,6.0867e-05,-4.71707,30
1,4877,p1,157,6.15347e-05,-4.40771,30
1,4350,p1,99,7.09392e-05,18.6861,50
1,4351,p1,177,6.58463e-05,19.1722,50
1,4352,p1,146,5.89435e-05,19.2754,50
1,4353,p1,139,5.64906e-05,19.4691,50
1,4354,p1,125,5.49456e-05,19.4625,50
1,4355,p1,144,5.71588e-05,19.7582,50
1,4356,p1,133,6.00981e-05,19.5168,50
1,4357,p1,140,5.42375e-05,19.6285,50
1,4358,p1,111,5.73115e-05,19.8468,50
1,4359,p1,112,6.20663e-05,20.2349,50
1,4360,p1,177,6.90924e-05,20.249,50
1,4361,p1,128,5.56369e-05,19.633,50
1,4362,p1,141,5.98509e-05,19.489,50
1,4363,p1,120,7.35906e-05,20.1736,50
1,4364,p1,176,7.61722e-05,19.9942,50
1,4365,p1,156,7.86058e-05,19.8927,50
1,4366,p1,129,5.34908e-05,19.1277,50
1,4878,p1,136,5.90209e-05,-5.03583,30
1,4367,p1,164,5.66534e-05,19.0985,50
1,4879,p1,115,5.36412e-05,-5.56385,30
1,4368,p1,184,7.18e-05,19.2901,50
1,4369,p1,92,7.54466e-05,19.435,50
1,4370,p1,130,6.55876e-05,19.0469,50
1,4371,p1,209,6.76851e-05,19.4054,50
1,4372,p1,128,7.61014e-05,19.5194,50
1,4373,p1,158,6.70932e-05,19.1004,50
1,4374,p1,135,5.96433e-05,19.3745,50
1,4880,p1,149,5.65984e-05,-5.27795,30
1,4881,p1,158,5.53771e-05,-5.29992,30
1,4882,p1,112,4.69416e-05,-5.95632,30
1,4883,p1,146,4.94727e-05,-5.94214,30
1,4884,p1,121,5.65788e-05,-5.24479,30
1,4885,p1,139,5.94446e-05,-5.23157,30
1,1309,p1,1385,3.81389e-05,10.0348,10
1,4886,p1,110,5.23971e-05,-5.58656,30
1,4887,p1,147,6.16944e-05,-4.97891,30
1,4888,p1,122,5.57041e-05,-5.31031,30
1,4889,p1,123,5.56673e-05,-5.16559,30
1,4890,p1,124,5.47789e-05,-5.60569,30
1,4375,p1,171,5.79691e-05,18.8627,50
1,4376,p1,98,6.74911e-05,18.9752,50
1,4377,p1,122,7.17284e-05,19.5003,50
1,4378,p1,160,6.69949e-05,19.0495,50
1,4379,p1,100,6.2348e-05,18.6688,50
1,4380,p1,166,7.51905e-05,19.0975,50
1,4381,p1,154,7.50616e-05,18.8186,50
1,4382,p1,168,7.17875e-05,18.3959,50
1,4383,p1,104,7.14631e-05,19.1208,50
1,4384,p1,168,7.56486e-05,18.9989,50
1,4385,p1,153,7.95188e-05,18.7037,50
1,4386,p1,114,7.1377e-05,18.899,50
1,4387,p1,140,7.625e-05,18.8222,50
1,4388,p1,142,7.80207e-05,18.8423,50
1,4389,p1,154,7.95743e-05,18.8975,50
1,4390,p1,121,6.95366e-05,18.4787,50
1,4391,p1,129,7.5874e-05,18.6252,50
1,4392,p1,127,6.87783e-05,18.6772,50
1,2422,p1,1067,8.21102e-05,19.9437,20
1,4891,p1,145,4.97902e-05,-5.74587,30
1,4892,p1,123,5.71796e-05,-5.63194,30
1,4893,p1,148,5.79625e-05,-5.45061,30
1,4894,p1,132,6.08153e-05,-5.39354,30
1,4895,p1,147,6.57446e-05,-4.69249,30
1,4896,p1,143,6.28811e-05,-4.95291,30
1,4897,p1,115,6.12673e-05,-5.54626,30
1,4898,p1,119,6.21997e-05,-5.50044,30
1,4899,p1,186,5.88929e-05,-5.64118,30
1,2423,p1,1151,8.44991e-05,19.9558,20
1,1310,p1,1341,3.84188e-05,10.0158,10
1,1311,p1,1399,3.80293e-05,10.0572,10
1,1312,p1,1140,3.85334e-05,10.0287,10
1,4393,p1,104,8.60147e-05,19.5699,50
1,4394,p1,104,7.90542e-05,19.3199,50
1,4395,p1,150,8.14198e-05,19.4435,50
1,4396,p1,115,7.17724e-05,18.7332,50
1,4397,p1,166,6.38988e-05,18.8517,50
1,4398,p1,106,6.39534e-05,18.5838,50
1,4399,p1,179,6.23233e-05,18.5223,50
1,2424,p1,1137,8.54027e-05,19.9167,20
1,2425,p1,953,8.33794e-05,19.903,20
1,1313,p1,1344,3.89182e-05,10.0593,10
1,1314,p1,1244,3.83202e-05,10.0189,10
1,2426,p1,999,8.31784e-05,19.8833,20
1,4900,p1,141,6.19627e-05,-5.67184,30
1,4901,p1,126,6.20663e-05,-5.51187,30
1,4902,p1,122,6.39915e-05,-5.36823,30
1,4903,p1,196,6.02633e-05,-5.37268,30
1,4904,p1,135,6.43163e-05,-5.49696,30
1,4905,p1,128,6.3374e-05,-5.64476,30
1,4906,p1,118,6.47213e-05,-5.46857,30
1,4907,p1,120,6.37076e-05,-5.84906,30
1,4908,p1,160,6.4415e-05,-5.75872,30
1,2427,p1,1173,8.45623e-05,19.8555,20
1,4909,p1,201,6.48765e-05,-5.57794,30
1,4910,p1,95,6.48626e-05,-5.41676,30
1,4911,p1,74,7.25457e-05,-4.31079,30
1,4912,p1,153,6.75849e-05,-5.08614,30
1,4913,p1,88,6.90179e-05,-4.61974,30
1,4914,p1,132,7.11668e-05,-4.42091,30
1,4915,p1,133,7.30793e-05,-4.03234,30
1,4916,p1,193,7.32863e-05,-4.26835,30
1,4917,p1,122,7.19692e-05,-4.25401,30
1,4918,p1,104,6.61044e-05,-4.47369,30
1,4919,p1,133,6.61134e-05,-4.52122,30
1,4920,p1,158,6.2803e-05,-4.82204,30
1,4921,p1,113,6.57009e-05,-4.59061,30
1,4922,p1,120,6.63687e-05,-4.41279,30
1,4923,p1,164,6.62926e-05,-4.35426,30
1,4924,p1,102,6.53946e-05,-4.56356,30
1,4925,p1,147,6.47397e-05,-4.71456,30
1,4926,p1,114,6.4229e-05,-4.98536,30
1,4927,p1,156,6.62664e-05,-4.96709,30
1,4928,p1,130,6.76775e-05,-4.67938,30
1,4929,p1,148,6.39002e-05,-4.90825,30
1,2428,p1,1165,8.11212e-05,20.0416,20
1,2429,p1,944,8.10547e-05,19.8322,20
1,4930,p1,104,5.81176e-05,-5.64071,30
1,4931,p1,120,6.30993e-05,-5.11577,30
1,4932,p1,156,6.75253e-05,-4.62405,30
1,4933,p1,133,6.11677e-05,-5.13917,30
1,4934,p1,89,6.50871e-05,-4.71135,30
1,4935,p1,139,5.73738e-05,-5.13085,30
1,4936,p1,143,6.38574e-05,-4.65393,30
1,4937,p1,195,5.59445e-05,-5.15379,30
1,4938,p1,166,5.52954e-05,-5.55386,30
1,4939,p1,139,6.76192e-05,-5.00228,30
1,4550,p1,135,4.96261e-05,5.80889,100
1,4551,p1,194,5.03089e-05,5.93536,100
1,4552,p1,132,4.54086e-05,5.7134,100
1,4553,p1,102,4.36837e-05,5.51113,100
1,4554,p1,164,3.96641e-05,5.44192,100
1,4555,p1,144,4.96255e-05,5.62988,100
1,4556,p1,103,4.30766e-05,5.82161,100
1,4557,p1,142,4.0609e-05,5.87183,100
1,4558,p1,142,4.67142e-05,5.62813,100
1,4559,p1,89,3.94117e-05,5.74187,100
1,4560,p1,168,4.11031e-05,5.54057,100
1,4561,p1,172,3.48655e-05,5.73986,100
1,4562,p1,138,3.84754e-05,5.66978,100
1,4400,p1,143,6.24918e-05,18.8656,50
1,4401,p1,161,5.96798e-05,18.6932,50
1,4402,p1,158,6.79248e-05,19.0693,50
1,4403,p1,124,5.82915e-05,18.7383,50
1,4404,p1,169,6.37063e-05,18.7575,50
1,4405,p1,127,5.82727e-05,18.8965,50
1,4406,p1,155,6.71992e-05,19.2979,50
1,4407,p1,120,6.16792e-05,19.1608,50
1,4408,p1,124,6.24831e-05,19.5391,50
1,4409,p1,135,7.0563e-05,19.9187,50
1,4410,p1,127,5.62288e-05,19.435,50
1,4411,p1,147,6.87582e-05,19.9164,50
1,4412,p1,122,7.33136e-05,20.118,50
1,4413,p1,140,6.3589e-05,19.8434,50
1,4414,p1,111,6.53027e-05,19.5279,50
1,4415,p1,105,5.94417e-05,19.4413,50
1,4416,p1,165,6.50132e-05,19.7078,50
1,4417,p1,178,5.46156e-05,19.1578,50
1,4418,p1,92,7.73954e-05,20.4543,50
1,4563,p1,85,3.59391e-05,5.58758,100
1,4564,p1,134,3.23934e-05,5.66802,100
1,4565,p1,170,3.16154e-05,5.60407,100
1,4566,p1,143,3.51098e-05,5.47656,100
1,4567,p1,130,3.1958e-05,5.62632,100
1,4568,p1,153,3.16148e-05,5.69581,100
1,4569,p1,124,3.15632e-05,5.44784,100
1,4570,p1,157,3.70258e-05,5.48815,100
1,4419,p1,121,6.84608e-05,19.9718,50
1,4420,p1,140,7.85319e-05,20.6938,50
1,4421,p1,145,7.49705e-05,20.524,50
1,4422,p1,120,7.24795e-05,20.1691,50
1,4423,p1,141,8.25733e-05,20.7111,50
1,4424,p1,106,8.17626e-05,20.887,50
1,4425,p1,134,8.33571e-05,20.7903,50
1,2430,p1,1152,7.93833e-05,19.934,20
1,4426,p1,177,8.6602e-05,20.675,50
1,4427,p1,123,8.25987e-05,20.5505,50
1,4428,p1,113,8.93653e-05,21.1177,50
1,4571,p1,154,3.27724e-05,5.89364,100
1,4572,p1,148,3.1271e-05,5.73209,100
1,4573,p1,111,2.87615e-05,5.73862,100
1,4574,p1,131,2.89779e-05,5.64469,100
1,4575,p1,151,2.79825e-05,5.89246,100
1,4576,p1,157,2.75413e-05,5.83279,100
1,4577,p1,120,2.31198e-05,5.64153,100
1,4429,p1,157,9.43495e-05,21.5333,50
1,4578,p1,171,2.53847e-05,5.49904,100
1,4430,p1,170,8.51903e-05,20.8846,50
1,1315,p1,1351,3.84982e-05,10.0525,10
1,4579,p1,229,2.75268e-05,5.52102,100
1,4580,p1,130,2.69589e-05,5.6071,100
1,4581,p1,142,2.60628e-05,5.47847,100
1,4582,p1,138,2.51329e-05,5.4419,100
1,4583,p1,120,2.95208e-05,5.3147,100
1,4431,p1,138,7.21589e-05,20.2355,50
1,4584,p1,125,2.65974e-05,5.27987,100
1,4432,p1,104,8.31181e-05,20.9502,50
1,4585,p1,131,2.74626e-05,5.46562,100
1,4433,p1,137,8.44736e-05,21.3438,50
1,4586,p1,107,2.67761e-05,5.48409,100
1,4434,p1,157,8.26533e-05,20.9732,50
1,4587,p1,168,2.59689e-05,5.38316,100
1,4435,p1,154,8.65348e-05,21.4051,50
1,4436,p1,139,8.44907e-05,21.2057,50
1,4437,p1,171,8.23154e-05,21.1524,50
1,4438,p1,134,8.77966e-05,21.6434,50
1,4439,p1,150,7.90462e-05,20.7862,50
1,4940,p1,130,6.27115e-05,-5.35504,30
1,4440,p1,102,8.27206e-05,21.1103,50
1,4941,p1,129,6.00048e-05,-5.55702,30
1,4441,p1,161,9.19216e-05,21.741,50
1,4442,p1,157,9.28831e-05,21.9343,50
1,4942,p1,149,6.49892e-05,-5.3674,30
1,4443,p1,135,9.42524e-05,21.8893,50
1,4943,p1,168,5.58789e-05,-5.65872,30
1,4944,p1,100,5.187e-05,-5.55665,30
1,4945,p1,193,5.23273e-05,-5.55573,30
1,4946,p1,144,5.82511e-05,-5.50525,30
1,2431,p1,1147,8.09396e-05,19.9674,20
1,2432,p1,928,7.972e-05,19.933,20
1,2433,p1,1019,7.96206e-05,19.8672,20
1,4947,p1,103,6.52521e-05,-4.90668,30
1,4948,p1,104,5.29738e-05,-5.30269,30
1,4949,p1,181,5.56668e-05,-5.25746,30
1,1316,p1,1344,3.88545e-05,10.0453,10
1,1317,p1,1337,3.86097e-05,10.0297,10
1,4588,p1,153,2.74072e-05,5.42338,100
1,4589,p1,113,3.03407e-05,5.48329,100
1,4590,p1,190,2.99547e-05,5.37961,100
1,4591,p1,143,2.85114e-05,5.44142,100
1,4592,p1,167,2.94186e-05,5.30999,100
1,4593,p1,120,2.76219e-05,5.44467,100
1,4594,p1,150,2.82853e-05,5.46057,100
1,4595,p1,135,2.56883e-05,5.3267,100
1,4596,p1,129,2.72844e-05,5.39525,100
1,2434,p1,1134,7.92388e-05,19.8993,20
1,2435,p1,1184,8.32545e-05,19.9223,20
1,2436,p1,1055,8.46598e-05,19.9318,20
1,1318,p1,1368,3.88864e-05,10.0141,10
1,4444,p1,144,9.31513e-05,21.8136,50
1,4445,p1,115,9.56749e-05,22.14,50
1,4446,p1,176,9.91418e-05,22.7525,50
1,4447,p1,159,9.63388e-05,22.1025,50
1,4448,p1,126,8.21772e-05,20.9688,50
1,4449,p1,143,8.24852e-05,20.8876,50
1,4450,p1,133,8.2412e-05,20.8284,50
1,4451,p1,152,7.13495e-05,20.4572,50
1,4452,p1,168,5.93596e-05,19.9157,50
1,4453,p1,99,5.73243e-05,19.6497,50
1,4454,p1,101,5.62582e-05,19.6793,50
1,4455,p1,153,5.91813e-05,19.751,50
1,4456,p1,185,6.57931e-05,20.0087,50
1,4457,p1,154,7.11338e-05,20.0804,50
1,4458,p1,114,7.47191e-05,20.3426,50
1,4597,p1,138,2.90131e-05,5.42314,100
1,4598,p1,139,2.75294e-05,5.54495,100
1,4599,p1,170,2.56713e-05,5.43868,100
1,2437,p1,1167,8.0884e-05,19.8599,20
1,2438,p1,1091,8.16258e-05,19.8431,20
1,1319,p1,1381,4.08316e-05,10.0225,10
1,4950,p1,152,6.17272e-05,-5.08627,30
1,4951,p1,117,4.76196e-05,-5.395,30
1,4952,p1,120,5.17962e-05,-5.17822,30
1,4953,p1,150,6.14182e-05,-5.03119,30
1,4954,p1,147,5.65327e-05,-5.4278,30
1,4955,p1,118,6.02384e-05,-5.70783,30
1,4956,p1,180,4.87921e-05,-6.04218,30
1,4957,p1,115,5.05365e-05,-6.27496,30
1,4958,p1,126,5.87887e-05,-5.9886,30
1,4959,p1,124,5.49854e-05,-5.89311,30
1,4960,p1,163,4.72423e-05,-5.74163,30
1,4961,p1,135,5.4282e-05,-5.56476,30
1,4962,p1,106,4.50619e-05,-5.90163,30
1,4963,p1,120,5.34451e-05,-5.92704,30
1,4964,p1,134,5.88074e-05,-5.62713,30
1,4965,p1,158,5.46313e-05,-5.94263,30
1,4966,p1,124,5.71898e-05,-5.7969,30
1,4967,p1,147,5.15327e-05,-6.02764,30
1,4968,p1,159,6.1617e-05,-5.76155,30
1,4969,p1,155,6.21844e-05,-5.88069,30
1,4970,p1,157,6.24869e-05,-5.74073,30
1,4971,p1,108,6.62423e-05,-5.37724,30
1,4972,p1,169,6.18285e-05,-5.5818,30
1,4973,p1,177,6.61572e-05,-5.69537,30
1,4974,p1,129,6.96869e-05,-5.65266,30
1,4975,p1,137,7.13917e-05,-5.49867,30
1,4976,p1,138,6.18604e-05,-5.69957,30
1,4977,p1,152,6.53049e-05,-5.61916,30
1,4978,p1,81,6.0695e-05,-5.99618,30
1,4979,p1,105,5.51483e-05,-6.19496,30
1,4980,p1,179,5.91846e-05,-6.01108,30
1,4981,p1,104,5.90149e-05,-5.94075,30
1,4459,p1,113,7.31647e-05,20.299,50
1,4982,p1,112,6.7728e-05,-5.43144,30
1,4983,p1,136,6.22383e-05,-5.99872,30
1,4984,p1,137,5.09284e-05,-6.04988,30
1,4985,p1,118,5.4266e-05,-6.07614,30
1,4986,p1,113,5.35222e-05,-6.26458,30
1,4987,p1,163,5.85863e-05,-6.22587,30
1,4988,p1,166,5.39641e-05,-6.11571,30
1,4989,p1,121,4.52882e-05,-5.68962,30
1,4990,p1,81,4.03079e-05,-6.02642,30
1,4991,p1,125,3.59578e-05,-6.06332,30
1,4992,p1,151,3.2378e-05,-6.03807,30
1,4993,p1,81,2.96449e-05,-5.88869,30
1,4994,p1,131,2.99618e-05,-5.80935,30
1,4460,p1,208,7.36216e-05,20.3541,50
1,4461,p1,160,7.71043e-05,20.3684,50
1,4462,p1,87,6.6374e-05,19.7974,50
1,4463,p1,149,7.07842e-05,20.1983,50
1,4464,p1,182,7.52491e-05,20.3294,50
1,4465,p1,120,7.89642e-05,20.3876,50
1,4466,p1,116,8.55414e-05,20.8197,50
1,2439,p1,1205,8.30073e-05,19.8858,20
1,4467,p1,133,7.81429e-05,20.397,50
1,4468,p1,78,8.45981e-05,20.5912,50
1,4469,p1,109,8.84442e-05,20.8274,50
1,2440,p1,1038,8.48709e-05,19.8436,20
1,4470,p1,184,8.3856e-05,20.479,50
1,4471,p1,144,8.55823e-05,20.5423,50
1,1320,p1,1319,4.07246e-05,10.0068,10
1,4472,p1,132,9.18417e-05,21.6632,50
1,4473,p1,136,9.09994e-05,21.639,50
1,4474,p1,97,9.11478e-05,21.7022,50
1,4475,p1,126,8.75939e-05,22.0751,50
1,4476,p1,167,8.98578e-05,21.8861,50
1,4477,p1,120,8.62278e-05,22.1013,50
1,4478,p1,114,8.06714e-05,22.5475,50
1,4479,p1,191,8.80957e-05,22.1979,50
1,2441,p1,1091,8.43292e-05,19.9391,20
1,2442,p1,1107,8.13733e-05,19.9862,20
1,4480,p1,172,8.58347e-05,22.5247,50
1,4481,p1,130,8.52846e-05,22.5561,50
1,4482,p1,124,9.04969e-05,22.3172,50
1,4483,p1,142,9.02202e-05,21.9995,50
1,4484,p1,123,8.34236e-05,22.3706,50
1,4485,p1,111,8.65636e-05,22.1941,50
1,4486,p1,162,8.87087e-05,22.2267,50
1,4487,p1,129,8.52755e-05,22.5895,50
1,4488,p1,116,7.08015e-05,23.1135,50
1,4995,p1,195,3.32213e-05,-5.84191,30
1,4996,p1,113,3.4023e-05,-6.0206,30
1,4997,p1,99,3.46102e-05,-6.00504,30
1,4998,p1,185,3.3812e-05,-5.89666,30
1,4999,p1,96,3.75315e-05,-5.8669,30
1,1321,p1,1323,3.84763e-05,10.0222,10
1,1322,p1,1275,3.95813e-05,10.03,10
1,4600,p1,186,2.70488e-05,5.56286,100
1,2443,p1,1148,8.33348e-05,19.9267,20
1,4601,p1,109,2.50185e-05,5.41777,100
1,4602,p1,130,2.53068e-05,5.61031,100
1,4603,p1,146,2.52937e-05,5.63862,100
1,4604,p1,168,2.23367e-05,5.61184,100
1,4605,p1,109,2.26332e-05,5.71722,100
1,4606,p1,115,2.35974e-05,5.64378,100
1,4489,p1,153,8.38237e-05,22.6369,50
1,4607,p1,151,2.57438e-05,5.67847,100
1,4490,p1,133,7.48844e-05,23.0103,50
1,4491,p1,122,7.37816e-05,23.0955,50
1,4608,p1,139,2.56288e-05,5.75812,100
1,4492,p1,140,6.35551e-05,23.4475,50
1,4609,p1,105,2.55701e-05,5.9119,100
1,4610,p1,166,2.46498e-05,5.83568,100
1,4611,p1,177,3.33132e-05,5.93375,100
1,4612,p1,108,3.2443e-05,5.77472,100
1,4613,p1,127,2.69332e-05,5.67975,100
1,4614,p1,164,2.69785e-05,5.66594,100
1,4615,p1,152,2.26117e-05,5.6056,100
1,4616,p1,141,2.26618e-05,5.48349,100
1,4617,p1,124,2.00784e-05,5.31794,100
1,4618,p1,148,2.2518e-05,5.39863,100
1,4619,p1,107,2.54175e-05,5.19998,100
1,4620,p1,145,2.33912e-05,5.21716,100
1,1323,p1,1335,3.89028e-05,10.016,10
1,4621,p1,142,2.21338e-05,5.23112,100
1,2444,p1,1199,8.19049e-05,20.0413,20
1,4493,p1,126,8.53534e-05,22.7022,50
1,4494,p1,90,6.98605e-05,23.3168,50
1,4495,p1,172,5.98913e-05,23.5967,50
1,4496,p1,131,7.67895e-05,23.2794,50
1,4497,p1,166,7.57775e-05,23.3948,50
1,4498,p1,103,6.73122e-05,23.7406,50
1,4499,p1,119,7.97052e-05,23.2776,50
1,1324,p1,1449,3.88019e-05,10.0446,10
1,4622,p1,121,2.38945e-05,5.4742,100
1,4623,p1,110,1.98269e-05,5.57237,100
1,4624,p1,122,2.37883e-05,5.40651,100
1,4625,p1,199,2.44251e-05,5.22422,100
1,4626,p1,135,2.42222e-05,5.22076,100
1,4627,p1,139,2.12789e-05,5.29959,100
1,4628,p1,150,2.61009e-05,5.24834,100
1,4629,p1,136,3.0047e-05,5.29935,100
1,4630,p1,140,2.4702e-05,5.40975,100
1,5000,p1,139,3.61689e-05,-5.87863,30
1,2445,p1,1238,8.30953e-05,19.9955,20
1,2446,p1,918,8.61119e-05,19.8613,20
1,4631,p1,125,2.688e-05,5.46676,100
1,2447,p1,1173,8.46058e-05,19.9114,20
1,4632,p1,130,2.7055e-05,5.5591,100
1,4633,p1,135,2.77569e-05,5.54409,100
1,4634,p1,102,2.6905e-05,5.51751,100
1,4635,p1,153,2.79559e-05,5.57198,100
1,4636,p1,141,3.01984e-05,5.59529,100
1,4637,p1,159,2.8008e-05,5.67307,100
1,4638,p1,146,2.94087e-05,5.4753,100
1,2448,p1,1097,8.23232e-05,20.0058,20
1,4639,p1,129,2.67959e-05,5.60895,100
1,4640,p1,98,2.94695e-05,5.70403,100
1,4641,p1,166,3.2809e-05,5.6529,100
1,4642,p1,155,2.82418e-05,5.6358,100
1,4643,p1,125,2.78662e-05,5.62575,100
1,4644,p1,164,3.04371e-05,5.71271,100
1,4645,p1,161,2.31202e-05,5.48999,100
1,1325,p1,1147,3.64088e-05,10.0421,10
1,4646,p1,174,2.61909e-05,5.39998,100
1,4647,p1,89,2.51963e-05,5.51032,100
1,4648,p1,146,2.28045e-05,5.62199,100
1,4649,p1,171,2.32675e-05,5.65274,100
1,1326,p1,1344,3.70932e-05,10.0351,10
1,1327,p1,1408,3.76224e-05,10.0494,10
1,1328,p1,1190,3.66309e-05,10.049,10
1,2449,p1,1039,8.18885e-05,20.0659,20
1,4500,p1,112,7.75893e-05,23.4808,50
1,4501,p1,132,6.08411e-05,24.0245,50
1,4502,p1,149,6.86796e-05,23.9482,50
1,4503,p1,100,6.7765e-05,24.1749,50
1,4504,p1,128,7.33365e-05,24.0102,50
1,4505,p1,148,7.47053e-05,23.8565,50
1,4506,p1,105,7.66803e-05,23.7543,50
1,4507,p1,135,8.92332e-05,23.4792,50
1,4508,p1,147,9.08795e-05,23.4191,50
1,4509,p1,117,8.44733e-05,23.5039,50
1,4510,p1,85,8.98339e-05,23.5984,50
1,4511,p1,136,9.39057e-05,23.3715,50
1,4512,p1,122,9.58025e-05,23.1691,50
1,4513,p1,151,8.92818e-05,23.7823,50
1,4514,p1,136,8.27333e-05,23.945,50
1,4515,p1,90,8.52185e-05,23.7735,50
1,4516,p1,127,8.52322e-05,23.8609,50
1,4517,p1,200,9.30603e-05,23.521,50
1,4518,p1,88,9.35505e-05,23.2398,50
1,4519,p1,121,9.59651e-05,23.2465,50
1,4520,p1,170,9.54026e-05,23.2499,50
1,4521,p1,113,9.42893e-05,23.2612,50
1,4522,p1,117,9.60034e-05,23.1439,50
1,4523,p1,135,9.4887e-05,23.1219,50
1,4524,p1,122,9.70787e-05,22.8801,50
1,4525,p1,153,9.67372e-05,23.0741,50
1,4526,p1,166,9.1326e-05,23.4584,50
1,4527,p1,130,9.22891e-05,23.3738,50
1,4528,p1,124,8.58143e-05,23.4839,50
1,4529,p1,111,9.16094e-05,23.2907,50
1,4530,p1,122,8.39754e-05,23.5889,50
1,4531,p1,127,8.03571e-05,23.5548,50
1,4532,p1,146,6.92602e-05,23.8242,50
1,4533,p1,140,6.12099e-05,24.0418,50
1,4534,p1,107,5.73819e-05,24.5457,50
1,4535,p1,118,4.97246e-05,24.3414,50
1,4536,p1,165,5.5193e-05,24.2187,50
1,4537,p1,132,3.8721e-05,24.9025,50
1,4538,p1,151,3.77692e-05,24.6878,50
1,4539,p1,149,3.05421e-05,24.4231,50
1,4540,p1,163,2.36198e-05,24.8011,50
1,4541,p1,157,3.41846e-05,24.6608,50
1,4542,p1,109,3.76092e-05,24.8805,50
1,4543,p1,119,3.3903e-05,24.6238,50
1,4544,p1,168,3.17379e-05,24.5145,50
1,4545,p1,140,2.14005e-05,24.7966,50
1,4546,p1,113,1.78812e-05,25.0685,50
1,1329,p1,1306,3.81581e-05,10.0442,10
1,4547,p1,154,2.37508e-05,24.879,50
1,4548,p1,109,1.86234e-05,24.9626,50
1,4549,p1,109,1.7762e-05,25.1577,50
1,1330,p1,1173,3.76483e-05,10.0431,10
1,1331,p1,1395,3.80974e-05,10.0524,10
1,1332,p1,1343,3.73803e-05,10.0347,10
1,2450,p1,1066,8.34453e-05,20.0167,20
1,2451,p1,1243,8.51643e-05,19.8907,20
1,2452,p1,1001,8.15868e-05,20.0357,20
1,2453,p1,1074,8.35011e-05,19.9584,20
1,2454,p1,1122,8.28685e-05,20.0212,20
1,4550,p1,166,2.12161e-05,25.0153,50
1,4650,p1,115,2.36306e-05,5.51621,100
1,4551,p1,124,1.72112e-05,25.2559,50
1,4552,p1,149,1.56256e-05,25.1737,50
1,4553,p1,98,1.57872e-05,25.0547,50
1,4554,p1,159,1.59721e-05,25.1921,50
1,4555,p1,136,1.83596e-05,24.6637,50
1,2455,p1,1179,8.5127e-05,19.9372,20
1,4556,p1,162,1.87569e-05,24.6826,50
1,4557,p1,123,1.62499e-05,24.8192,50
1,4651,p1,155,2.61359e-05,5.40492,100
1,4558,p1,140,1.70227e-05,24.9777,50
1,4652,p1,147,2.26616e-05,5.62492,100
1,4559,p1,148,1.76041e-05,24.6518,50
1,4653,p1,111,2.30594e-05,5.65225,100
1,4560,p1,163,1.68405e-05,24.5579,50
1,4654,p1,210,2.54093e-05,5.39478,100
1,4655,p1,78,2.51397e-05,5.44845,100
1,4656,p1,141,2.48858e-05,5.20731,100
1,4657,p1,146,2.54487e-05,5.38559,100
1,4658,p1,114,3.11977e-05,5.33681,100
1,4659,p1,150,2.77247e-05,5.18874,100
1,4561,p1,113,1.84564e-05,24.5721,50
1,4660,p1,124,3.06022e-05,5.30685,100
1,4562,p1,154,1.76577e-05,24.6819,50
1,4661,p1,140,3.18186e-05,5.45637,100
1,4563,p1,155,1.641e-05,24.6797,50
1,4662,p1,184,2.87589e-05,5.08893,100
1,4564,p1,120,1.48608e-05,24.7301,50
1,4663,p1,142,2.64434e-05,5.29037,100
1,4565,p1,142,1.79642e-05,24.8999,50
1,4664,p1,146,3.30238e-05,5.11912,100
1,4566,p1,156,1.82873e-05,25.3154,50
1,4567,p1,132,1.49768e-05,25.2838,50
1,4568,p1,105,1.84726e-05,25.2808,50
1,4569,p1,190,1.83e-05,25.3758,50
1,4570,p1,191,1.75682e-05,25.4565,50
1,4571,p1,116,1.34033e-05,25.4658,50
1,4665,p1,107,3.42615e-05,5.14433,100
1,4572,p1,123,1.06263e-05,25.3593,50
1,4666,p1,113,3.01296e-05,5.33237,100
1,4573,p1,133,1.41729e-05,25.5832,50
1,4667,p1,205,3.47691e-05,4.89136,100
1,4668,p1,129,3.96166e-05,5.40933,100
1,4669,p1,106,4.03511e-05,5.25131,100
1,4670,p1,132,3.9476e-05,5.53535,100
1,4671,p1,123,3.7015e-05,5.46901,100
1,4672,p1,124,3.61541e-05,4.99253,100
1,4673,p1,140,3.85161e-05,5.11473,100
1,4674,p1,125,4.18573e-05,5.15717,100
1,4675,p1,104,4.13845e-05,5.28357,100
1,4676,p1,130,3.62577e-05,5.60293,100
1,4574,p1,134,1.73165e-05,25.5462,50
1,4677,p1,126,3.51578e-05,5.51358,100
1,4678,p1,110,3.60335e-05,5.52508,100
1,4575,p1,135,1.79495e-05,25.8291,50
1,4679,p1,127,3.84779e-05,5.55905,100
1,4576,p1,143,1.84564e-05,25.5414,50
1,4680,p1,130,3.98311e-05,5.74705,100
1,4577,p1,102,1.05234e-05,25.2316,50
1,4578,p1,169,1.18609e-05,25.5266,50
1,4579,p1,175,1.23636e-05,25.598,50
1,4580,p1,92,9.25213e-06,25.1602,50
1,4581,p1,120,7.9184e-06,25.1121,50
1,4582,p1,166,9.86736e-06,25.1773,50
1,4583,p1,155,9.74318e-06,25.1087,50
1,4584,p1,122,1.20623e-05,25.3327,50
1,4585,p1,146,1.02775e-05,25.565,50
1,4586,p1,139,8.44754e-06,25.3993,50
1,4587,p1,165,8.38365e-06,25.3067,50
1,1333,p1,1280,3.52951e-05,10.0489,10
1,4681,p1,105,3.64227e-05,5.68551,100
1,4682,p1,144,3.97533e-05,5.77614,100
1,4683,p1,143,4.14504e-05,5.72294,100
1,4684,p1,125,4.07251e-05,5.97709,100
1,4685,p1,145,3.98364e-05,5.79293,100
1,4686,p1,151,3.81141e-05,5.71759,100
1,4687,p1,144,4.02795e-05,5.38995,100
1,4688,p1,125,3.70266e-05,5.33948,100
1,2456,p1,1111,8.32889e-05,19.9753,20
1,4689,p1,141,3.8993e-05,5.55549,100
1,4690,p1,156,3.83748e-05,5.40771,100
1,4691,p1,130,4.02867e-05,5.42385,100
1,4692,p1,151,3.84295e-05,5.237,100
1,1334,p1,1148,3.5692e-05,10.0421,10
1,4693,p1,114,3.88189e-05,4.91549,100
1,4694,p1,138,4.28303e-05,4.77063,100
1,4695,p1,106,3.85862e-05,4.72517,100
1,2457,p1,1143,8.60284e-05,19.9835,20
1,4696,p1,140,3.96084e-05,4.62328,100
1,4588,p1,117,8.28914e-06,25.3861,50
1,4589,p1,136,9.21902e-06,25.6096,50
1,4590,p1,147,7.94507e-06,25.3174,50
1,4591,p1,150,1.23624e-05,25.823,50
1,4592,p1,83,1.04478e-05,25.3289,50
1,4593,p1,114,1.34699e-05,25.7663,50
1,4594,p1,132,1.28492e-05,25.4747,50
1,4595,p1,151,1.23166e-05,25.4622,50
1,4596,p1,113,9.21098e-06,24.9867,50
1,4597,p1,86,7.73053e-06,25.2555,50
1,4598,p1,170,1.16976e-05,25.5634,50
1,1335,p1,1460,3.55561e-05,10.0371,10
1,1336,p1,1419,3.72854e-05,10.0317,10
1,4697,p1,155,3.76835e-05,4.64598,100
1,4698,p1,164,4.42584e-05,4.48833,100
1,4699,p1,129,3.92903e-05,4.52452,100
1,2458,p1,1161,8.61703e-05,19.9561,20
1,4599,p1,156,9.42061e-06,25.264,50
1,4600,p1,130,9.52604e-06,25.0359,50
1,4601,p1,109,9.80683e-06,25.0016,50
1,4602,p1,130,1.21601e-05,25.1653,50
1,4603,p1,126,1.1095e-05,24.9538,50
1,4604,p1,136,1.10689e-05,24.9573,50
1,4605,p1,111,1.37956e-05,24.8646,50
1,4606,p1,101,1.07382e-05,24.8187,50
1,4607,p1,146,1.02144e-05,24.7133,50
1,2459,p1,1061,8.59852e-05,19.8989,20
1,2460,p1,979,8.39439e-05,19.9707,20
1,4608,p1,120,1.1574e-05,25.0939,50
1,4609,p1,119,9.61479e-06,24.8118,50
1,4610,p1,135,1.00763e-05,24.965,50
1,4611,p1,123,1.00301e-05,24.9416,50
1,4612,p1,155,1.07107e-05,25.0363,50
1,4613,p1,103,1.07621e-05,25.0339,50
1,4614,p1,149,1.04085e-05,24.8343,50
1,4615,p1,148,1.17568e-05,25.0248,50
1,4616,p1,103,9.92365e-06,25.0003,50
1,4617,p1,134,1.08217e-05,25.1211,50
1,1337,p1,1341,3.58106e-05,10.0353,10
1,2461,p1,1197,8.45567e-05,19.9186,20
1,4618,p1,159,1.22127e-05,25.0867,50
1,4619,p1,147,1.33456e-05,25.3397,50
1,1338,p1,1293,3.81055e-05,10.0154,10
1,4620,p1,135,1.26112e-05,25.4116,50
1,4621,p1,119,1.73233e-05,25.7989,50
1,4622,p1,116,1.18427e-05,24.8945,50
1,4623,p1,122,1.06161e-05,24.9857,50
1,4624,p1,119,1.34051e-05,25.324,50
1,4625,p1,137,1.4241e-05,25.2454,50
1,4626,p1,108,1.30628e-05,25.0539,50
1,4627,p1,132,1.22202e-05,25.0457,50
1,1339,p1,1404,3.80232e-05,10.0213,10
1,1340,p1,1297,3.76187e-05,10.0417,10
1,2462,p1,1219,8.17522e-05,19.9927,20
1,4700,p1,101,4.06539e-05,4.25677,100
1,4701,p1,170,4.36228e-05,3.773,100
1,4702,p1,194,4.1168e-05,4.22652,100
1,4703,p1,130,4.06855e-05,4.23573,100
1,4704,p1,141,4.1931e-05,4.12443,100
1,4705,p1,159,3.91929e-05,4.06733,100
1,4706,p1,156,3.93742e-05,4.47468,100
1,4707,p1,140,3.72691e-05,3.9985,100
1,4708,p1,144,4.09107e-05,4.3169,100
1,2463,p1,957,8.29223e-05,19.8979,20
1,2464,p1,976,8.25662e-05,19.9715,20
1,4709,p1,186,3.6152e-05,4.60135,100
1,4710,p1,101,3.90942e-05,3.913,100
1,4711,p1,110,3.98145e-05,3.63421,100
1,4712,p1,186,4.13379e-05,3.30798,100
1,4713,p1,155,3.8035e-05,3.12062,100
1,4714,p1,148,3.99628e-05,3.68486,100
1,4715,p1,119,3.99668e-05,3.06419,100
1,4716,p1,167,4.04125e-05,3.06539,100
1,4717,p1,142,4.19552e-05,3.20759,100
1,4718,p1,135,4.11229e-05,3.71849,100
1,4719,p1,118,4.12292e-05,3.82874,100
1,4720,p1,161,3.94497e-05,3.09376,100
1,4721,p1,129,3.76579e-05,3.43126,100
1,4722,p1,145,3.54944e-05,4.39701,100
1,4723,p1,153,3.82925e-05,3.40255,100
1,4724,p1,141,3.84666e-05,2.62716,100
1,4725,p1,103,3.50287e-05,3.85981,100
1,4726,p1,192,3.72367e-05,3.83476,100
1,4727,p1,174,3.89142e-05,2.60477,100
1,4628,p1,136,1.27798e-05,24.6299,50
1,4629,p1,122,2.16736e-05,25.7927,50
1,4630,p1,129,1.95021e-05,25.5847,50
1,4631,p1,171,2.00212e-05,25.5228,50
1,4632,p1,142,2.06209e-05,25.3819,50
1,4633,p1,135,2.21509e-05,25.3721,50
1,4634,p1,138,2.08375e-05,25.3053,50
1,1341,p1,1281,3.71955e-05,10.0408,10
1,4635,p1,179,2.24244e-05,25.557,50
1,4636,p1,151,2.10861e-05,25.6171,50
1,1342,p1,1327,3.8002e-05,10.038,10
1,4728,p1,125,3.78547e-05,3.31066,100
1,4729,p1,121,3.50669e-05,3.38175,100
1,4730,p1,126,3.87872e-05,3.72502,100
1,4731,p1,129,3.7815e-05,3.63948,100
1,4732,p1,127,3.6448e-05,3.6479,100
1,4733,p1,147,3.63936e-05,3.55024,100
1,4734,p1,121,3.90926e-05,2.93805,100
1,4735,p1,135,4.03232e-05,3.35584,100
1,4736,p1,174,3.95442e-05,3.43764,100
1,4737,p1,97,4.16702e-05,2.81565,100
1,4738,p1,173,4.00221e-05,4.56189,100
1,4739,p1,127,4.03373e-05,4.42497,100
1,4740,p1,141,4.09491e-05,4.80074,100
1,4741,p1,140,4.1811e-05,4.77516,100
1,2465,p1,1178,8.33783e-05,19.9392,20
1,1343,p1,1399,3.89212e-05,10.0273,10
1,4637,p1,105,2.13433e-05,25.9532,50
1,4638,p1,145,1.93793e-05,25.5025,50
1,4639,p1,158,1.93911e-05,25.5134,50
1,4640,p1,159,1.77695e-05,25.4507,50
1,4641,p1,96,1.82058e-05,25.4995,50
1,4642,p1,174,1.69575e-05,25.1442,50
1,4643,p1,113,1.85163e-05,25.262,50
1,4644,p1,118,1.88552e-05,25.0045,50
1,4645,p1,127,1.80817e-05,25.227,50
1,4646,p1,138,1.98283e-05,25.3514,50
1,2466,p1,1107,8.28537e-05,19.9947,20
1,2467,p1,1107,8.39503e-05,19.9493,20
1,4742,p1,147,3.77329e-05,5.03027,100
1,4743,p1,131,3.83043e-05,5.17056,100
1,4744,p1,91,3.95405e-05,5.38791,100
1,4745,p1,172,3.63903e-05,5.23821,100
1,4746,p1,197,3.75355e-05,5.1047,100
1,4747,p1,124,4.02449e-05,5.24859,100
1,4748,p1,118,3.76454e-05,5.28014,100
1,4749,p1,159,3.76931e-05,5.1209,100
1,4647,p1,106,1.83847e-05,25.0821,50
1,4648,p1,116,1.95147e-05,24.8299,50
1,4649,p1,141,1.86542e-05,24.9302,50
1,2468,p1,1072,8.16767e-05,20.0022,20
1,1344,p1,1358,3.76111e-05,10.0279,10
1,2469,p1,1082,8.48599e-05,19.9671,20
1,1345,p1,1412,3.68172e-05,10.0291,10
1,1346,p1,1237,3.6818e-05,10.0337,10
1,1347,p1,1380,3.67514e-05,10.0305,10
1,2470,p1,1218,8.48237e-05,19.89,20
1,2471,p1,1062,8.59586e-05,19.8768,20
1,4750,p1,147,4.06472e-05,5.34419,100
1,4751,p1,137,3.79455e-05,5.8656,100
1,4752,p1,118,3.93292e-05,5.59706,100
1,4753,p1,145,4.23822e-05,5.17775,100
1,4754,p1,116,3.93687e-05,5.59038,100
1,4755,p1,131,3.80817e-05,5.17684,100
1,4756,p1,111,4.04914e-05,4.77519,100
1,4757,p1,155,3.88597e-05,5.09557,100
1,4758,p1,182,3.6885e-05,4.98,100
1,4759,p1,119,3.65197e-05,4.99096,100
1,4760,p1,116,4.21117e-05,4.62474,100
1,4761,p1,146,4.04813e-05,5.06127,100
1,4762,p1,134,3.9611e-05,5.22187,100
1,4763,p1,164,3.71782e-05,5.26761,100
1,4764,p1,94,4.33941e-05,4.51254,100
1,4765,p1,146,4.32591e-05,4.54625,100
1,4766,p1,157,4.09252e-05,5.81478,100
1,4767,p1,117,3.98543e-05,5.53652,100
1,4768,p1,120,4.00951e-05,5.19914,100
1,4769,p1,157,4.10716e-05,4.88899,100
1,4770,p1,131,4.29515e-05,5.34079,100
1,4771,p1,127,4.37863e-05,5.74476,100
1,4772,p1,144,4.61584e-05,6.20095,100
1,4773,p1,111,4.54573e-05,6.13317,100
1,4774,p1,171,4.61735e-05,6.39161,100
1,4775,p1,139,4.45394e-05,6.79136,100
1,4776,p1,165,4.6189e-05,5.94231,100
1,4777,p1,105,4.35265e-05,6.69079,100
1,4778,p1,117,4.57225e-05,6.13851,100
1,4779,p1,139,4.56074e-05,6.27842,100
1,4780,p1,149,4.59369e-05,6.03268,100
1,4781,p1,107,4.52638e-05,5.93431,100
1,4782,p1,128,4.47531e-05,6.2302,100
1,4783,p1,133,4.52962e-05,6.29982,100
1,4784,p1,146,4.64231e-05,6.4929,100
1,4785,p1,100,4.858e-05,6.16968,100
1,4786,p1,138,4.54096e-05,6.17124,100
1,2472,p1,1088,8.49523e-05,20.0218,20
1,4787,p1,129,4.84508e-05,6.24466,100
1,4788,p1,141,4.98104e-05,5.98671,100
1,4789,p1,145,4.85125e-05,6.56004,100
1,4790,p1,174,4.54112e-05,6.3769,100
1,4791,p1,128,4.77774e-05,6.91915,100
1,4792,p1,103,4.96673e-05,6.87227,100
1,4793,p1,138,4.94628e-05,6.86806,100
1,4794,p1,140,4.65138e-05,7.20263,100
1,4795,p1,158,4.98985e-05,7.06453,100
1,2473,p1,1291,8.57454e-05,19.9725,20
1,1348,p1,1293,3.69414e-05,10.0196,10
1,1349,p1,1336,3.62682e-05,10.054,10
1,2474,p1,1008,8.47801e-05,20.0062,20
1,2475,p1,1066,8.7009e-05,19.9387,20
1,4796,p1,197,5.09816e-05,7.21209,100
1,4797,p1,121,5.07438e-05,6.76221,100
1,4798,p1,130,5.02322e-05,5.66241,100
1,4799,p1,125,5.1343e-05,5.33515,100
1,2476,p1,1083,8.69175e-05,19.9793,20
1,2477,p1,1099,8.47479e-05,20.0261,20
1,2478,p1,1237,8.38976e-05,19.9434,20
1,4650,p1,130,2.00012e-05,25.0685,50
1,4651,p1,124,1.9666e-05,25.2695,50
1,4652,p1,129,1.89078e-05,25.309,50
1,4653,p1,148,1.80004e-05,25.1847,50
1,4654,p1,105,1.78567e-05,25.0411,50
1,4655,p1,131,1.662e-05,25.2132,50
1,4656,p1,145,1.79389e-05,25.0701,50
1,4657,p1,119,1.75482e-05,24.7871,50
1,4658,p1,131,1.57671e-05,24.7363,50
1,4659,p1,117,1.69764e-05,24.6649,50
1,4660,p1,114,1.76624e-05,24.8541,50
1,4661,p1,141,1.62909e-05,24.6185,50
1,4662,p1,118,1.74077e-05,24.786,50
1,4663,p1,132,1.84401e-05,25.0093,50
1,4664,p1,163,2.03301e-05,25.1083,50
1,4665,p1,141,1.97638e-05,25.0043,50
1,4666,p1,136,2.02341e-05,25.187,50
1,4667,p1,143,1.98489e-05,25.3213,50
1,4668,p1,163,2.08939e-05,25.3054,50
1,4669,p1,129,1.94135e-05,25.0652,50
1,2479,p1,1138,8.59677e-05,19.9194,20
1,4670,p1,137,1.95402e-05,25.0103,50
1,4671,p1,131,1.89094e-05,24.9776,50
1,4672,p1,140,1.98594e-05,24.979,50
1,4673,p1,164,2.16259e-05,24.9678,50
1,4674,p1,155,2.18703e-05,24.9213,50
1,4675,p1,103,2.43086e-05,24.9968,50
1,4676,p1,107,2.3861e-05,25.3991,50
1,4677,p1,165,2.28081e-05,25.1607,50
1,4678,p1,179,2.13359e-05,24.9776,50
1,4679,p1,124,2.48104e-05,25.5894,50
1,4680,p1,156,2.52735e-05,25.8294,50
1,4681,p1,136,2.33148e-05,25.7967,50
1,4682,p1,160,2.45762e-05,25.2324,50
1,4683,p1,138,2.29377e-05,25.5461,50
1,4684,p1,129,2.47443e-05,25.6904,50
1,4685,p1,127,2.22407e-05,25.6508,50
1,4686,p1,171,2.40532e-05,26.3481,50
1,4687,p1,127,2.52031e-05,26.29,50
1,4688,p1,188,2.58655e-05,26.3283,50
1,4689,p1,146,2.42743e-05,26.4373,50
1,4690,p1,111,2.45078e-05,26.4898,50
1,4691,p1,136,2.33115e-05,26.6013,50
1,4692,p1,117,2.39236e-05,26.8132,50
1,4693,p1,129,2.48029e-05,27.0573,50
1,4694,p1,163,2.5455e-05,27.111,50
1,4695,p1,105,2.42073e-05,27.0338,50
1,4696,p1,109,2.53421e-05,27.3244,50
1,4697,p1,159,2.48989e-05,27.3535,50
1,4698,p1,142,2.55021e-05,27.4482,50
1,4699,p1,80,2.33172e-05,27.5352,50
1,2480,p1,972,8.43781e-05,19.9579,20
1,2481,p1,1065,8.43194e-05,19.9351,20
1,4800,p1,150,5.17573e-05,5.71478,100
1,4801,p1,126,4.8287e-05,5.90242,100
1,4802,p1,158,4.6951e-05,4.86057,100
1,4803,p1,174,5.02094e-05,5.2364,100
1,4804,p1,185,4.93785e-05,5.51133,100
1,4805,p1,99,4.89118e-05,6.21314,100
1,4806,p1,179,4.99382e-05,6.37187,100
1,4807,p1,148,4.86418e-05,6.53976,100
1,4808,p1,176,4.72424e-05,6.35684,100
1,4809,p1,175,4.69974e-05,6.30865,100
1,4810,p1,137,4.51641e-05,5.75992,100
1,4811,p1,113,4.36847e-05,6.37718,100
1,4812,p1,164,4.43605e-05,6.9558,100
1,4813,p1,155,4.56354e-05,6.9665,100
1,4814,p1,150,4.78622e-05,6.45091,100
1,4815,p1,96,4.60449e-05,6.76288,100
1,4816,p1,149,4.6229e-05,6.23793,100
1,4817,p1,137,4.57163e-05,6.46523,100
1,4818,p1,143,4.56206e-05,6.44213,100
1,4819,p1,171,4.6909e-05,6.77736,100
1,4820,p1,110,4.69318e-05,6.67877,100
1,4821,p1,107,4.75277e-05,7.65336,100
1,4822,p1,138,4.41073e-05,7.11567,100
1,2482,p1,1102,8.27784e-05,19.9684,20
1,1350,p1,1219,3.61311e-05,10.0516,10
1,1351,p1,1231,3.61149e-05,10.0525,10
1,1352,p1,1313,3.63853e-05,10.0455,10
1,2483,p1,1200,8.40363e-05,19.9691,20
1,2484,p1,1103,8.65718e-05,19.9202,20
1,1353,p1,1381,3.74939e-05,10.0264,10
1,4823,p1,126,4.73803e-05,6.60993,100
1,4824,p1,170,4.35772e-05,6.74339,100
1,4825,p1,131,4.44371e-05,7.46109,100
1,4826,p1,140,4.52592e-05,7.66499,100
1,4827,p1,167,4.5691e-05,7.26384,100
1,4828,p1,124,4.35103e-05,8.00831,100
1,4829,p1,142,4.63212e-05,8.44259,100
1,4830,p1,128,4.84439e-05,7.94286,100
1,4831,p1,112,4.86069e-05,8.27386,100
1,1354,p1,1304,3.78765e-05,10.0264,10
1,4832,p1,124,4.93464e-05,7.96218,100
1,4833,p1,182,5.14571e-05,6.88193,100
1,4834,p1,129,5.21732e-05,7.99702,100
1,4835,p1,111,5.07292e-05,7.99285,100
1,4836,p1,157,5.07475e-05,8.11852,100
1,4837,p1,144,4.84435e-05,8.27269,100
1,4838,p1,154,4.80248e-05,7.39891,100
1,4839,p1,151,4.77624e-05,7.86274,100
1,4840,p1,132,4.61039e-05,7.66431,100
1,2485,p1,1026,8.35708e-05,19.9792,20
1,4700,p1,146,2.35654e-05,27.5895,50
1,4701,p1,133,2.59639e-05,27.2271,50
1,1355,p1,1273,3.65341e-05,10.0318,10
1,4702,p1,161,2.80967e-05,27.169,50
1,4703,p1,93,2.62678e-05,27.4142,50
1,4704,p1,170,2.74721e-05,27.0465,50
1,4705,p1,153,2.88579e-05,26.9883,50
1,1356,p1,1360,3.71368e-05,10.0172,10
1,4706,p1,129,2.83799e-05,27.0731,50
1,2486,p1,1081,8.33203e-05,19.9259,20
1,4707,p1,130,2.70808e-05,27.2009,50
1,4708,p1,164,2.87056e-05,27.1603,50
1,4709,p1,130,2.90994e-05,27.2948,50
1,4710,p1,130,2.88402e-05,27.209,50
1,4711,p1,145,3.01113e-05,27.3137,50
1,4712,p1,154,2.86735e-05,27.3774,50
1,4713,p1,128,2.82999e-05,27.4629,50
1,2487,p1,1098,8.00386e-05,20.0734,20
1,4714,p1,123,3.07998e-05,27.5544,50
1,4715,p1,135,3.06872e-05,27.5991,50
1,4716,p1,162,3.06746e-05,27.6465,50
1,4717,p1,116,3.26661e-05,27.4281,50
1,4718,p1,114,3.20064e-05,27.7037,50
1,4719,p1,224,3.22295e-05,27.7548,50
1,2488,p1,1135,8.09968e-05,20.043,20
1,4720,p1,106,3.26784e-05,27.5514,50
1,4721,p1,130,3.06266e-05,27.7261,50
1,4841,p1,97,4.42316e-05,6.4855,100
1,4842,p1,159,4.71247e-05,7.56351,100
1,4843,p1,171,4.89378e-05,8.21546,100
1,4844,p1,129,4.80719e-05,7.42864,100
1,4845,p1,143,4.83026e-05,7.05924,100
1,4846,p1,123,4.88591e-05,7.36538,100
1,4847,p1,126,5.11269e-05,7.18819,100
1,4848,p1,120,4.89181e-05,7.22361,100
1,4849,p1,135,4.60848e-05,6.72849,100
1,4722,p1,114,3.08622e-05,27.493,50
1,4723,p1,155,3.15632e-05,27.6266,50
1,4724,p1,120,2.91319e-05,27.5295,50
1,4725,p1,132,3.2564e-05,27.3821,50
1,4726,p1,156,3.24897e-05,27.1551,50
1,4727,p1,120,3.48163e-05,26.8702,50
1,4728,p1,115,3.06159e-05,27.0374,50
1,1357,p1,1312,3.78601e-05,10.0135,10
1,1358,p1,1305,3.8245e-05,10.0319,10
1,4729,p1,152,3.21944e-05,26.8969,50
1,2489,p1,1077,8.13359e-05,19.9484,20
1,4730,p1,123,3.21902e-05,27.174,50
1,4731,p1,117,3.14227e-05,27.1707,50
1,4732,p1,95,3.239e-05,27.0228,50
1,4733,p1,123,3.47012e-05,26.9642,50
1,4734,p1,173,3.50174e-05,26.7823,50
1,4735,p1,99,3.01331e-05,27.211,50
1,4736,p1,103,3.0411e-05,27.5123,50
1,4737,p1,170,3.08697e-05,26.9386,50
1,4738,p1,170,3.20486e-05,26.9176,50
1,4739,p1,115,3.05864e-05,27.5946,50
1,4740,p1,131,2.81068e-05,27.5764,50
1,4741,p1,159,2.96931e-05,27.2221,50
1,4742,p1,140,2.93449e-05,27.205,50
1,4743,p1,120,3.13003e-05,26.9043,50
1,4744,p1,169,3.18023e-05,27.0803,50
1,4745,p1,177,3.13931e-05,27.0233,50
1,4746,p1,113,2.74595e-05,27.3947,50
1,4747,p1,105,2.55469e-05,27.3625,50
1,4748,p1,152,2.58111e-05,26.9748,50
1,4749,p1,163,2.68663e-05,27.3171,50
1,2490,p1,1109,8.18044e-05,19.9653,20
1,2491,p1,1195,8.11091e-05,19.9566,20
1,4850,p1,150,4.37047e-05,7.58346,100
1,4851,p1,138,4.61405e-05,6.64999,100
1,4852,p1,98,4.48042e-05,6.83536,100
1,4853,p1,127,4.37113e-05,7.16434,100
1,4854,p1,198,4.58736e-05,7.51368,100
1,4855,p1,156,4.93029e-05,7.12031,100
1,4856,p1,119,4.33885e-05,7.87932,100
1,4857,p1,108,4.13173e-05,7.35827,100
1,4858,p1,128,4.69315e-05,6.79377,100
1,4859,p1,136,4.3048e-05,7.37182,100
1,4860,p1,171,3.76516e-05,6.72405,100
1,4861,p1,136,4.74654e-05,7.1766,100
1,4862,p1,131,4.68833e-05,7.11591,100
1,4863,p1,122,4.83261e-05,7.02467,100
1,4864,p1,147,5.02964e-05,7.14565,100
1,4865,p1,136,5.17058e-05,7.56467,100
1,2492,p1,954,7.90253e-05,20.0541,20
1,2493,p1,1157,7.94647e-05,19.9835,20
1,2494,p1,1131,8.39649e-05,19.9157,20
1,2495,p1,1185,8.32902e-05,19.9283,20
1,1359,p1,1315,4.00609e-05,10.0138,10
1,1360,p1,1286,3.83224e-05,9.99685,10
1,1361,p1,1432,3.86779e-05,10.0129,10
1,2496,p1,1188,8.18485e-05,19.9906,20
1,4866,p1,144,5.48529e-05,7.94792,100
1,4867,p1,130,5.04861e-05,7.51888,100
1,4868,p1,127,5.72422e-05,7.24801,100
1,4869,p1,198,5.6324e-05,7.28447,100
1,4870,p1,140,5.67758e-05,7.42125,100
1,4871,p1,165,5.62808e-05,7.48016,100
1,4872,p1,166,5.72208e-05,7.04364,100
1,4873,p1,134,5.44002e-05,7.79139,100
1,4874,p1,161,5.43521e-05,7.64902,100
1,2497,p1,1207,8.16766e-05,19.8867,20
1,2498,p1,1070,7.93194e-05,19.9715,20
1,4875,p1,137,5.32362e-05,7.77145,100
1,4876,p1,89,5.13489e-05,7.59993,100
1,4877,p1,145,5.29857e-05,7.38357,100
1,4878,p1,188,4.88854e-05,7.97789,100
1,4879,p1,122,5.11868e-05,7.12304,100
1,4880,p1,161,5.14677e-05,7.91746,100
1,4881,p1,183,4.96064e-05,8.60041,100
1,4882,p1,127,5.27159e-05,7.49117,100
1,4883,p1,112,5.02659e-05,8.17961,100
1,2499,p1,1125,8.06263e-05,19.9677,20
1,4884,p1,136,4.85632e-05,8.652,100
1,4750,p1,61,2.81873e-05,26.4984,50
1,4885,p1,154,4.59749e-05,9.53027,100
1,4751,p1,92,2.69542e-05,26.308,50
1,4886,p1,143,5.11685e-05,8.66058,100
1,4887,p1,122,5.25417e-05,8.25462,100
1,4752,p1,176,2.94472e-05,26.7192,50
1,4888,p1,137,5.33739e-05,7.77763,100
1,4753,p1,113,3.03371e-05,26.9474,50
1,4889,p1,116,5.28262e-05,6.51542,100
1,4754,p1,113,3.02706e-05,26.8912,50
1,1362,p1,1346,3.9074e-05,10.0005,10
1,4890,p1,162,5.10239e-05,6.84318,100
1,4755,p1,145,2.99051e-05,26.7892,50
1,4891,p1,114,5.19117e-05,7.2567,100
1,4756,p1,128,2.94904e-05,26.9745,50
1,4892,p1,104,5.11298e-05,7.37001,100
1,4757,p1,129,2.8117e-05,27.0393,50
1,4893,p1,132,5.14354e-05,6.76862,100
1,4894,p1,187,5.22055e-05,6.55922,100
1,4895,p1,102,5.29676e-05,6.94543,100
1,4896,p1,119,5.39492e-05,7.0123,100
1,4897,p1,151,5.27332e-05,7.14718,100
1,4898,p1,150,5.22173e-05,6.72764,100
1,4899,p1,108,5.62457e-05,6.21116,100
1,4758,p1,169,2.76578e-05,26.7677,50
1,4759,p1,151,2.89948e-05,26.2416,50
1,4760,p1,184,3.07095e-05,26.1308,50
1,4761,p1,94,2.83103e-05,25.7685,50
1,4762,p1,133,2.87348e-05,25.9031,50
1,4763,p1,181,2.95049e-05,25.6192,50
1,4764,p1,130,3.08914e-05,25.9228,50
1,4765,p1,133,3.26898e-05,26.0939,50
1,4766,p1,148,3.47665e-05,25.6663,50
1,4767,p1,159,3.28992e-05,25.4628,50
1,4768,p1,120,3.26153e-05,25.9681,50
1,4769,p1,152,3.26571e-05,25.4339,50
1,4770,p1,172,3.37422e-05,25.6352,50
1,4771,p1,155,3.71455e-05,25.582,50
1,4772,p1,117,3.54197e-05,26.2509,50
1,4773,p1,186,3.62984e-05,26.1205,50
1,4774,p1,144,3.74257e-05,26.3651,50
1,4775,p1,110,3.89632e-05,26.7719,50
1,4776,p1,123,3.97445e-05,26.4626,50
1,4777,p1,137,4.08066e-05,26.0846,50
1,4778,p1,164,3.89928e-05,26.1597,50
1,4779,p1,105,3.81011e-05,26.2123,50
1,4780,p1,136,3.90298e-05,26.1317,50
1,4781,p1,125,4.268e-05,26.0848,50
1,4782,p1,147,4.20473e-05,26.002,50
1,4783,p1,182,3.88273e-05,26.0098,50
1,4784,p1,156,3.89255e-05,26.0158,50
1,1363,p1,1300,3.88717e-05,9.99947,10
1,1364,p1,1255,3.66392e-05,10.0262,10
1,1365,p1,1275,3.74942e-05,9.99951,10
1,4785,p1,126,3.85053e-05,26.0008,50
1,4786,p1,157,3.82456e-05,25.8722,50
1,4787,p1,129,3.75605e-05,25.9414,50
1,4788,p1,97,3.92491e-05,26.126,50
1,4789,p1,129,3.67298e-05,26.0058,50
1,4790,p1,198,3.75638e-05,25.7259,50
1,4791,p1,123,4.20051e-05,26.3618,50
1,4792,p1,107,4.32068e-05,26.0582,50
1,4793,p1,163,4.4748e-05,26.5011,50
1,1366,p1,1267,3.77002e-05,10.012,10
1,1367,p1,1327,3.93445e-05,10.0155,10
1,1368,p1,1352,3.81192e-05,10.0147,10
1,1369,p1,1405,3.82441e-05,10.0261,10
1,1370,p1,1294,3.76823e-05,10.0186,10
1,4794,p1,139,4.32242e-05,26.4055,50
1,4795,p1,139,4.11006e-05,26.3649,50
1,1371,p1,1360,3.92043e-05,10.0214,10
1,4796,p1,159,4.6565e-05,26.7703,50
1,4797,p1,123,5.05073e-05,27.064,50
1,4798,p1,168,4.55261e-05,26.897,50
1,4799,p1,139,4.53556e-05,26.784,50
1,1372,p1,1195,4.00644e-05,9.9995,10
1,1373,p1,1266,4.07853e-05,10.0111,10
1,1374,p1,1409,4.1263e-05,10.0229,10
1,1375,p1,1315,3.93432e-05,9.99541,10
1,1376,p1,1291,4.24406e-05,10.0085,10
1,1377,p1,1211,4.06422e-05,9.9949,10
1,1378,p1,1364,4.00591e-05,10.005,10
1,1379,p1,1500,3.98301e-05,10.0281,10
1,4900,p1,161,5.79426e-05,5.81533,100
1,4901,p1,154,5.68477e-05,6.29192,100
1,4902,p1,111,5.45065e-05,7.00629,100
1,4903,p1,117,5.8391e-05,6.23234,100
1,4904,p1,134,5.80079e-05,6.19863,100
1,4905,p1,148,5.68218e-05,6.71866,100
1,1380,p1,1335,3.81616e-05,10.0259,10
1,4906,p1,137,5.66391e-05,7.36751,100
1,4907,p1,115,5.46321e-05,7.23284,100
1,4908,p1,118,5.62913e-05,7.66871,100
1,4909,p1,156,5.58179e-05,7.4512,100
1,4910,p1,166,6.02865e-05,6.38418,100
1,4911,p1,85,5.98353e-05,6.6272,100
1,4912,p1,96,6.22586e-05,5.52778,100
1,4913,p1,134,6.05636e-05,4.9863,100
1,4914,p1,150,6.06438e-05,5.67539,100
1,2500,p1,1157,8.20851e-05,19.8657,20
1,4915,p1,117,6.02137e-05,5.11267,100
1,4916,p1,101,5.7959e-05,5.41185,100
1,2501,p1,1049,8.03793e-05,19.9822,20
1,1381,p1,1156,4.02034e-05,10.0198,10
1,1382,p1,1531,3.91968e-05,10.0258,10
1,1383,p1,1468,3.85923e-05,10.0432,10
1,4917,p1,139,5.83311e-05,5.27254,100
1,4918,p1,167,5.64558e-05,5.18323,100
1,4919,p1,114,5.19221e-05,3.41372,100
1,4920,p1,117,5.50018e-05,4.46509,100
1,4921,p1,167,5.5557e-05,3.87342,100
1,4922,p1,144,5.04591e-05,4.45074,100
1,4923,p1,120,4.90326e-05,3.13842,100
1,4924,p1,123,4.89877e-05,4.20156,100
1,1384,p1,1212,3.69692e-05,10.0323,10
1,4925,p1,172,5.52792e-05,3.73474,100
1,4926,p1,155,5.53049e-05,4.85212,100
1,4927,p1,133,5.53957e-05,5.04341,100
1,1385,p1,1247,3.64492e-05,10.0224,10
1,2502,p1,1016,8.16033e-05,19.9177,20
1,2503,p1,1148,8.07801e-05,19.8968,20
1,4928,p1,132,5.41423e-05,5.01297,100
1,4929,p1,137,5.48633e-05,4.57673,100
1,4930,p1,133,5.17225e-05,5.60233,100
1,4931,p1,115,5.86529e-05,4.77528,100
1,4932,p1,165,6.03317e-05,5.85567,100
1,4933,p1,165,5.90602e-05,5.49137,100
1,4934,p1,132,5.76495e-05,5.01783,100
1,1386,p1,1382,3.68083e-05,10.0345,10
1,4935,p1,129,5.66991e-05,5.3056,100
1,2504,p1,1146,7.98152e-05,20.0297,20
1,2505,p1,1006,7.98592e-05,19.9966,20
1,1387,p1,1478,3.58562e-05,10.0255,10
1,4936,p1,167,5.92947e-05,5.31783,100
1,4937,p1,122,5.80802e-05,5.4018,100
1,4938,p1,134,6.21711e-05,5.69237,100
1,4939,p1,164,6.02422e-05,5.3099,100
1,4940,p1,145,6.0883e-05,5.33408,100
1,1388,p1,1193,3.55129e-05,10.0556,10
1,4941,p1,131,5.7587e-05,4.7028,100
1,4942,p1,97,6.08864e-05,4.61012,100
1,4943,p1,165,5.93877e-05,4.7154,100
1,4944,p1,149,6.20873e-05,3.9048,100
1,4945,p1,144,6.64504e-05,3.84159,100
1,4946,p1,120,6.87573e-05,4.26636,100
1,4947,p1,151,6.52945e-05,3.68822,100
1,4948,p1,133,6.32673e-05,3.43522,100
1,4949,p1,146,6.91936e-05,4.09977,100
1,1389,p1,1264,3.35285e-05,10.0321,10
1,1390,p1,1395,3.17594e-05,10.026,10
1,1391,p1,1336,3.18889e-05,10.0388,10
1,2506,p1,1234,8.19464e-05,19.9121,20
1,4800,p1,95,5.12853e-05,27.8008,50
1,4801,p1,110,5.46479e-05,27.0483,50
1,4802,p1,174,5.50243e-05,26.9146,50
1,4803,p1,106,5.39605e-05,26.8569,50
1,4804,p1,160,5.64801e-05,27.3446,50
1,4805,p1,113,6.13176e-05,28.1888,50
1,4806,p1,121,5.85527e-05,27.9426,50
1,4807,p1,136,5.89476e-05,27.182,50
1,4808,p1,149,6.01662e-05,27.758,50
1,4809,p1,116,6.01438e-05,28.5156,50
1,4810,p1,129,5.89135e-05,27.764,50
1,1392,p1,1319,3.21382e-05,10.0418,10
1,1393,p1,1237,3.28823e-05,10.0701,10
1,4811,p1,159,5.53789e-05,28.8502,50
1,4812,p1,165,5.9285e-05,27.2892,50
1,4813,p1,127,5.98338e-05,28.0473,50
1,4814,p1,145,5.81798e-05,28.3944,50
1,2507,p1,1095,8.21335e-05,19.9559,20
1,4815,p1,149,5.61105e-05,27.9921,50
1,4816,p1,116,5.56194e-05,28.6558,50
1,4817,p1,107,5.46698e-05,29.2504,50
1,4818,p1,127,5.50986e-05,29.4102,50
1,4819,p1,160,5.72855e-05,28.9546,50
1,1394,p1,1428,3.14077e-05,10.0429,10
1,1395,p1,1368,3.07173e-05,10.04,10
1,4950,p1,144,7.08898e-05,4.52223,100
1,4951,p1,133,6.1558e-05,2.81375,100
1,4952,p1,109,7.06889e-05,3.55598,100
1,4953,p1,107,7.13154e-05,3.28547,100
1,4954,p1,171,6.7207e-05,2.5821,100
1,4955,p1,139,6.71953e-05,2.75247,100
1,4956,p1,106,6.88381e-05,2.95124,100
1,4957,p1,136,7.0406e-05,3.33918,100
1,4958,p1,144,6.32668e-05,2.08047,100
1,4959,p1,123,6.09455e-05,2.20677,100
1,4960,p1,103,6.03855e-05,2.04242,100
1,4961,p1,126,6.8362e-05,3.0879,100
1,4962,p1,117,5.90007e-05,2.36643,100
1,4963,p1,138,5.27636e-05,1.21237,100
1,4964,p1,113,6.39972e-05,2.47516,100
1,1396,p1,1311,3.01247e-05,10.0393,10
1,1397,p1,1240,3.04672e-05,10.04,10
1,4965,p1,130,6.41612e-05,2.78916,100
1,4966,p1,147,6.46555e-05,2.88031,100
1,4967,p1,150,6.00011e-05,1.87879,100
1,4968,p1,132,6.29775e-05,2.79024,100
1,4820,p1,132,5.83537e-05,28.5731,50
1,4969,p1,119,6.3361e-05,2.7873,100
1,4970,p1,145,6.3809e-05,2.54839,100
1,4821,p1,129,5.6789e-05,28.4464,50
1,4971,p1,167,6.77039e-05,3.4218,100
1,4822,p1,110,5.59607e-05,29.224,50
1,4972,p1,117,6.61308e-05,3.13847,100
1,4823,p1,136,5.78809e-05,29.2235,50
1,4973,p1,124,6.30505e-05,2.43665,100
1,4824,p1,157,5.55434e-05,28.7708,50
1,4974,p1,137,6.6535e-05,3.29789,100
1,4825,p1,144,5.68603e-05,28.6334,50
1,4975,p1,163,6.89842e-05,3.87176,100
1,4826,p1,64,5.55273e-05,29.1878,50
1,4976,p1,141,7.18731e-05,5.00536,100
1,4827,p1,133,5.12417e-05,29.2524,50
1,4977,p1,132,7.00055e-05,4.56995,100
1,4828,p1,129,5.56745e-05,28.2551,50
1,4829,p1,111,5.55385e-05,28.362,50
1,4978,p1,165,6.99528e-05,3.92627,100
1,4979,p1,119,7.04336e-05,4.44922,100
1,4980,p1,138,7.23041e-05,4.68095,100
1,4981,p1,140,7.06023e-05,4.58886,100
1,4982,p1,190,7.04051e-05,3.42338,100
1,4983,p1,88,7.04946e-05,4.92924,100
1,4984,p1,102,7.08516e-05,4.33465,100
1,4985,p1,185,7.26625e-05,4.34693,100
1,4986,p1,95,7.25197e-05,4.80956,100
1,4987,p1,113,7.28174e-05,4.14302,100
1,4988,p1,167,7.19626e-05,3.938,100
1,2508,p1,1021,8.21088e-05,19.9588,20
1,1398,p1,1209,3.13488e-05,10.0363,10
1,2509,p1,1161,8.16029e-05,20.0417,20
1,1399,p1,1392,3.13659e-05,10.009,10
1,4830,p1,120,5.65715e-05,28.6153,50
1,4831,p1,207,5.5488e-05,29.2971,50
1,4832,p1,165,5.56529e-05,28.8491,50
1,4833,p1,82,5.8083e-05,29.1541,50
1,4834,p1,172,5.49936e-05,29.355,50
1,4835,p1,136,5.72724e-05,28.9104,50
1,4836,p1,100,5.6419e-05,29.0654,50
1,4837,p1,137,5.83894e-05,28.8465,50
1,4838,p1,152,5.59501e-05,28.7172,50
1,4989,p1,159,7.11457e-05,3.30905,100
1,4990,p1,101,7.21669e-05,4.43991,100
1,4991,p1,150,7.25929e-05,3.30274,100
1,4992,p1,130,6.83988e-05,2.85034,100
1,4993,p1,140,6.6411e-05,3.18841,100
1,4994,p1,104,6.98271e-05,3.62015,100
1,4995,p1,131,6.49691e-05,2.17555,100
1,4996,p1,119,7.09346e-05,3.38932,100
1,4997,p1,193,6.86314e-05,3.51482,100
1,4998,p1,152,7.05919e-05,3.48921,100
1,4999,p1,114,7.22345e-05,3.71985,100
1,2510,p1,1055,8.67017e-05,19.8534,20
1,2511,p1,1052,8.65433e-05,19.8526,20
1,4839,p1,117,5.61721e-05,29.5361,50
1,4840,p1,116,5.4485e-05,29.0244,50
1,4841,p1,149,5.68186e-05,29.2947,50
1,4842,p1,133,5.42512e-05,29.306,50
1,4843,p1,107,5.11883e-05,29.2219,50
1,4844,p1,159,5.35968e-05,29.6006,50
1,4845,p1,144,5.0144e-05,29.5549,50
1,4846,p1,161,5.20208e-05,29.2967,50
1,4847,p1,150,4.79567e-05,29.4153,50
1,2512,p1,1041,8.681e-05,19.9105,20
1,2513,p1,1252,8.66679e-05,19.8752,20
1,4848,p1,154,5.3338e-05,29.3282,50
1,4849,p1,136,4.89308e-05,29.5615,50
1,5000,p1,136,6.84591e-05,4.05205,100
1,2514,p1,1090,8.69106e-05,19.7754,20
1,1400,p1,1348,3.20231e-05,10.0026,10
1,1401,p1,1237,3.20253e-05,10.0215,10
1,1402,p1,1267,3.18825e-05,10.0269,10
1,2515,p1,1100,8.53849e-05,19.8998,20
1,1403,p1,1373,3.06835e-05,10.0143,10
1,1404,p1,1378,3.1061e-05,10.0079,10
1,1405,p1,1331,3.0501e-05,10.0305,10
1,1406,p1,1267,3.10807e-05,10.0212,10
1,1407,p1,1182,3.14699e-05,10.0208,10
1,2516,p1,1131,8.46497e-05,19.9689,20
1,2517,p1,1079,8.64688e-05,19.9143,20
1,1408,p1,1310,3.02932e-05,10.0499,10
1,4850,p1,131,4.85831e-05,30.1587,50
1,1409,p1,1261,3.12533e-05,10.048,10
1,4851,p1,129,5.03969e-05,29.8364,50
1,4852,p1,144,5.14212e-05,29.422,50
1,4853,p1,145,4.70388e-05,29.0591,50
1,4854,p1,126,4.57757e-05,28.9623,50
1,4855,p1,166,4.1039e-05,28.6958,50
1,4856,p1,146,4.41272e-05,28.8869,50
1,4857,p1,177,4.25685e-05,28.7433,50
1,4858,p1,167,4.26509e-05,28.6332,50
1,4859,p1,118,3.99828e-05,28.857,50
1,4860,p1,112,4.27702e-05,28.8436,50
1,4861,p1,140,4.29788e-05,28.445,50
1,4862,p1,103,4.65953e-05,28.1135,50
1,4863,p1,124,4.86011e-05,28.477,50
1,4864,p1,173,4.78484e-05,28.333,50
1,4865,p1,173,5.39149e-05,28.8029,50
1,4866,p1,126,5.49178e-05,28.2252,50
1,4867,p1,136,4.92831e-05,27.8282,50
1,4868,p1,143,5.41247e-05,27.9345,50
1,4869,p1,160,5.40213e-05,27.7497,50
1,4870,p1,118,5.57132e-05,27.7418,50
1,4871,p1,187,5.69931e-05,27.552,50
1,4872,p1,163,5.73593e-05,27.4411,50
1,4873,p1,86,4.78509e-05,27.6015,50
1,4874,p1,111,4.77433e-05,27.025,50
1,4875,p1,142,4.67697e-05,27.1914,50
1,4876,p1,179,4.87302e-05,27.4669,50
1,4877,p1,104,4.64446e-05,27.247,50
1,4878,p1,138,4.75801e-05,26.6692,50
1,4879,p1,134,4.44974e-05,26.8216,50
1,4880,p1,177,4.68183e-05,27.2386,50
1,4881,p1,118,5.1241e-05,27.6793,50
1,4882,p1,150,5.22131e-05,27.7841,50
1,2518,p1,1092,8.63527e-05,19.9776,20
1,1410,p1,1211,3.1067e-05,10.0541,10
1,2519,p1,1082,8.6977e-05,19.9365,20
1,1411,p1,1371,3.28433e-05,10.0586,10
1,2520,p1,1141,8.78217e-05,19.9851,20
1,1412,p1,1273,3.30064e-05,10.0415,10
1,1413,p1,1206,3.14744e-05,10.0193,10
1,2521,p1,1150,8.46094e-05,20.0311,20
1,1414,p1,1275,3.04132e-05,10.0734,10
1,1415,p1,1282,3.17164e-05,10.0414,10
1,4883,p1,120,5.02715e-05,28.2538,50
1,4884,p1,174,5.37791e-05,27.5568,50
1,4885,p1,144,5.14118e-05,28.1733,50
1,4886,p1,106,5.26816e-05,27.4075,50
1,4887,p1,145,5.57696e-05,27.8886,50
1,4888,p1,135,6.00099e-05,27.9365,50
1,4889,p1,110,5.3357e-05,27.1667,50
1,4890,p1,178,5.28543e-05,27.754,50
1,4891,p1,154,5.49511e-05,27.7102,50
1,1416,p1,1263,3.15781e-05,10.0476,10
1,1417,p1,1376,2.98588e-05,10.053,10
1,1418,p1,1357,2.98049e-05,10.039,10
1,2522,p1,1128,8.65581e-05,20.0162,20
1,2523,p1,1033,8.7858e-05,19.907,20
1,1419,p1,1341,2.97584e-05,10.0451,10
1,1420,p1,1350,3.1052e-05,10.0516,10
1,1421,p1,1313,3.07449e-05,10.0194,10
1,1422,p1,1374,3.13532e-05,10.0336,10
1,4892,p1,125,5.5199e-05,28.2204,50
1,1423,p1,1339,3.26819e-05,10.0293,10
1,4893,p1,164,5.56733e-05,28.6166,50
1,4894,p1,200,5.88098e-05,28.8701,50
1,4895,p1,90,6.62364e-05,28.5767,50
1,4896,p1,159,6.57124e-05,28.4694,50
1,4897,p1,190,6.67494e-05,27.9706,50
1,4898,p1,124,6.75904e-05,28.8274,50
1,4899,p1,161,6.62035e-05,28.7972,50
1,1424,p1,1331,3.3641e-05,10.0185,10
1,2524,p1,1105,8.74254e-05,19.9208,20
1,1425,p1,1164,3.17622e-05,10.0407,10
1,2525,p1,1166,8.51243e-05,19.8978,20
1,1426,p1,1367,3.1786e-05,10.05,10
1,1427,p1,1234,3.29751e-05,10.0481,10
1,2526,p1,1145,8.56656e-05,19.93,20
1,1428,p1,1330,3.23714e-05,10.0498,10
1,1429,p1,1337,3.07111e-05,10.0516,10
1,1430,p1,1387,3.24557e-05,10.0538,10
1,4900,p1,153,6.55389e-05,28.0147,50
1,4901,p1,182,6.30446e-05,27.8199,50
1,4902,p1,111,6.06651e-05,27.7688,50
1,4903,p1,126,5.85875e-05,27.8701,50
1,1431,p1,1251,3.36778e-05,10.0361,10
1,4904,p1,157,5.7604e-05,27.3674,50
1,4905,p1,116,6.02192e-05,27.9909,50
1,4906,p1,113,5.70554e-05,28.222,50
1,4907,p1,91,5.39301e-05,27.8552,50
1,4908,p1,154,5.03533e-05,27.7316,50
1,4909,p1,145,5.92376e-05,27.834,50
1,4910,p1,122,5.84295e-05,27.6819,50
1,4911,p1,145,5.902e-05,27.341,50
1,4912,p1,131,6.0768e-05,27.3027,50
1,4913,p1,144,5.99212e-05,27.5451,50
1,4914,p1,125,5.83811e-05,27.1436,50
1,4915,p1,124,5.29595e-05,27.6982,50
1,4916,p1,156,5.38429e-05,27.2837,50
1,4917,p1,127,5.40796e-05,27.5496,50
1,4918,p1,113,5.15573e-05,27.5092,50
1,4919,p1,125,5.24336e-05,27.5498,50
1,4920,p1,123,4.79966e-05,27.571,50
1,1432,p1,1310,3.26648e-05,10.0311,10
1,4921,p1,101,5.30801e-05,27.8187,50
1,4922,p1,115,5.14144e-05,28.1595,50
1,4923,p1,156,4.53509e-05,27.9437,50
1,4924,p1,129,4.89355e-05,27.8018,50
1,4925,p1,107,4.3361e-05,28.0517,50
1,4926,p1,98,4.0304e-05,28.0933,50
1,4927,p1,161,4.03881e-05,28.0764,50
1,4928,p1,168,4.13841e-05,27.7444,50
1,2527,p1,1024,8.649e-05,19.9113,20
1,2528,p1,1162,8.6875e-05,19.9957,20
1,4929,p1,100,3.99025e-05,27.5819,50
1,4930,p1,185,4.05427e-05,27.7507,50
1,4931,p1,150,3.54222e-05,27.8087,50
1,4932,p1,132,3.57825e-05,27.5046,50
1,4933,p1,124,3.16916e-05,27.8241,50
1,4934,p1,147,2.91483e-05,28.2714,50
1,4935,p1,134,3.36431e-05,27.8096,50
1,4936,p1,94,2.42966e-05,28.3743,50
1,4937,p1,177,2.60908e-05,28.5981,50
1,4938,p1,140,2.92436e-05,27.8175,50
1,4939,p1,160,2.23529e-05,28.3349,50
1,4940,p1,130,2.71639e-05,28.7273,50
1,4941,p1,137,2.31033e-05,28.4007,50
1,4942,p1,133,2.48233e-05,28.273,50
1,4943,p1,118,2.70978e-05,28.4533,50
1,4944,p1,123,2.5968e-05,28.4182,50
1,4945,p1,128,3.04459e-05,28.1235,50
1,4946,p1,145,3.07453e-05,27.932,50
1,4947,p1,135,3.5296e-05,27.7446,50
1,4948,p1,135,2.68711e-05,28.1565,50
1,4949,p1,173,3.36418e-05,27.5156,50
1,2529,p1,1212,8.58361e-05,19.9923,20
1,1433,p1,1383,3.1735e-05,10.0315,10
1,2530,p1,999,8.53048e-05,19.9089,20
1,1434,p1,1328,3.37601e-05,10.0439,10
1,2531,p1,1142,8.6559e-05,19.9913,20
1,1435,p1,1242,3.69184e-05,10.0767,10
1,2532,p1,1213,8.58014e-05,19.9295,20
1,2533,p1,1058,8.62099e-05,19.9711,20
1,2534,p1,999,8.61788e-05,19.9506,20
1,2535,p1,1145,8.69297e-05,19.9456,20
1,1436,p1,1261,3.58525e-05,10.0469,10
1,1437,p1,1359,3.6417e-05,10.0327,10
1,2536,p1,1286,8.81515e-05,19.8204,20
1,4950,p1,152,3.02742e-05,27.4871,50
1,4951,p1,119,3.54657e-05,27.4489,50
1,4952,p1,132,3.30274e-05,27.5715,50
1,4953,p1,171,2.8921e-05,27.8276,50
1,4954,p1,151,2.19207e-05,28.2246,50
1,4955,p1,76,2.34782e-05,28.205,50
1,4956,p1,115,2.13947e-05,28.2048,50
1,4957,p1,144,2.233e-05,28.606,50
1,4958,p1,111,2.64236e-05,27.8846,50
1,1438,p1,1253,3.50359e-05,10.0164,10
1,4959,p1,168,3.13269e-05,27.5269,50
1,4960,p1,117,3.1758e-05,27.5287,50
1,4961,p1,167,3.17781e-05,27.5968,50
1,4962,p1,180,3.47446e-05,27.2633,50
1,4963,p1,114,4.0696e-05,26.9903,50
1,4964,p1,142,4.13105e-05,26.7561,50
1,4965,p1,106,4.0918e-05,26.7427,50
1,4966,p1,114,4.32772e-05,26.8679,50
1,4967,p1,120,4.46601e-05,26.9229,50
1,4968,p1,142,4.87131e-05,26.9301,50
1,4969,p1,112,4.76391e-05,26.4865,50
1,4970,p1,139,4.58711e-05,26.9073,50
1,4971,p1,144,4.19522e-05,27.3806,50
1,4972,p1,148,4.50785e-05,27.1399,50
1,4973,p1,143,4.39009e-05,27.3864,50
1,4974,p1,153,4.81723e-05,27.5444,50
1,4975,p1,115,4.81316e-05,27.5398,50
1,4976,p1,194,4.98582e-05,27.3548,50
1,4977,p1,150,4.98369e-05,27.7332,50
1,4978,p1,85,4.89875e-05,27.5571,50
1,4979,p1,106,5.30518e-05,27.3756,50
1,1439,p1,1272,3.71224e-05,10.041,10
1,1440,p1,1293,3.83857e-05,10.055,10
1,2537,p1,1116,8.747e-05,19.8937,20
1,2538,p1,1090,8.62049e-05,19.9836,20
1,4980,p1,191,5.06096e-05,27.5641,50
1,4981,p1,140,4.98339e-05,27.4081,50
1,4982,p1,119,5.13022e-05,27.3094,50
1,4983,p1,83,4.89091e-05,27.3985,50
1,4984,p1,140,4.60495e-05,27.4169,50
1,4985,p1,127,4.34767e-05,27.3732,50
1,4986,p1,161,5.07654e-05,27.2348,50
1,4987,p1,98,5.2701e-05,26.5952,50
1,4988,p1,108,5.01569e-05,26.9968,50
1,4989,p1,166,5.14008e-05,26.8544,50
1,4990,p1,120,5.38924e-05,26.7085,50
1,4991,p1,182,5.37622e-05,26.7381,50
1,4992,p1,118,4.96958e-05,27.4993,50
1,1441,p1,1331,3.70833e-05,10.0303,10
1,1442,p1,1221,3.68846e-05,10.0482,10
1,2539,p1,1078,8.6299e-05,19.9866,20
1,4993,p1,124,5.15293e-05,27.196,50
1,4994,p1,104,5.21672e-05,26.6616,50
1,4995,p1,110,5.2624e-05,26.5848,50
1,4996,p1,114,5.15543e-05,27.1853,50
1,4997,p1,167,5.5069e-05,26.8818,50
1,4998,p1,173,5.65685e-05,26.8545,50
1,4999,p1,130,5.7705e-05,26.6278,50
1,2540,p1,1158,8.7597e-05,19.9355,20
1,1443,p1,1271,3.76096e-05,10.0352,10
1,1444,p1,1414,3.72604e-05,10.0134,10
1,1445,p1,1347,3.65558e-05,10.0369,10
1,2541,p1,1093,9.00586e-05,19.9156,20
1,2542,p1,1071,8.65062e-05,20.1651,20
1,1446,p1,1300,3.70335e-05,10.0165,10
1,1447,p1,1309,3.81089e-05,10.028,10
1,1448,p1,1323,3.96297e-05,10.0202,10
1,2543,p1,1013,8.77028e-05,19.9848,20
1,2544,p1,1223,9.02373e-05,19.8935,20
1,5000,p1,147,5.98147e-05,26.581,50
1,1449,p1,1260,3.83743e-05,10.0288,10
1,2545,p1,1065,9.06591e-05,19.9924,20
1,2546,p1,898,8.95376e-05,19.9411,20
1,2547,p1,1065,9.05571e-05,20.0404,20
1,2548,p1,1139,8.99881e-05,20.0365,20
1,2549,p1,1079,9.29357e-05,19.9323,20
1,1450,p1,1379,3.68104e-05,10.0213,10
1,1451,p1,1416,3.71821e-05,10.0145,10
1,1452,p1,1278,3.66256e-05,10.0342,10
1,1453,p1,1331,3.9222e-05,10.0434,10
1,1454,p1,1294,3.85922e-05,10.0037,10
1,1455,p1,1289,3.99817e-05,10.0353,10
1,1456,p1,1347,3.9539e-05,10.0259,10
1,2550,p1,1128,9.31267e-05,19.9379,20
1,2551,p1,1054,9.12884e-05,20.0752,20
1,1457,p1,1169,4.08659e-05,10.0271,10
1,2552,p1,1270,9.2694e-05,20.1084,20
1,2553,p1,1008,9.24181e-05,20.0697,20
1,2554,p1,1104,9.31491e-05,19.9707,20
1,2555,p1,1049,9.11371e-05,20.0604,20
1,1458,p1,1417,3.9112e-05,10.0436,10
1,2556,p1,1108,9.10253e-05,20.0257,20
1,1459,p1,1309,4.17386e-05,10.0351,10
1,1460,p1,1276,3.82613e-05,10.0319,10
1,2557,p1,1063,9.21708e-05,20.0318,20
1,2558,p1,1067,9.24175e-05,19.9926,20
1,1461,p1,1450,3.68944e-05,10.0323,10
1,1462,p1,1267,3.77172e-05,10.0429,10
1,1463,p1,1386,3.76737e-05,10.0395,10
1,2559,p1,1137,9.06836e-05,20.0183,20
1,1464,p1,1209,3.69812e-05,10.0147,10
1,1465,p1,1339,3.7174e-05,10.0394,10
1,2560,p1,1019,9.05596e-05,20.0228,20
1,1466,p1,1490,3.74892e-05,10.0376,10
1,2561,p1,1045,9.19865e-05,20.1049,20
1,2562,p1,1099,9.3182e-05,19.9654,20
1,1467,p1,1201,3.75528e-05,10.0283,10
1,1468,p1,1189,3.61286e-05,10.0374,10
1,1469,p1,1422,3.65662e-05,10.0275,10
1,2563,p1,1144,9.20104e-05,19.9623,20
1,1470,p1,1418,3.68791e-05,10.0161,10
1,2564,p1,1145,9.45001e-05,19.9914,20
1,1471,p1,1291,3.86426e-05,10.014,10
1,2565,p1,1178,9.30096e-05,19.9629,20
1,2566,p1,1055,8.70827e-05,20.152,20
1,1472,p1,1253,3.68768e-05,10.0122,10
1,1473,p1,1338,3.63355e-05,9.97782,10
1,1474,p1,1288,3.74525e-05,9.989,10
1,2567,p1,1106,9.10547e-05,20.0766,20
1,1475,p1,1569,3.80023e-05,9.97804,10
1,1476,p1,1230,3.68674e-05,9.99156,10
1,2568,p1,1091,9.23502e-05,20.05,20
1,1477,p1,1318,3.75873e-05,10.0228,10
1,2569,p1,1120,9.57875e-05,19.9506,20
1,2570,p1,1072,9.54014e-05,20.0213,20
1,1478,p1,1258,3.89906e-05,10.0052,10
1,2571,p1,920,9.25575e-05,20.135,20
1,1479,p1,1311,3.89941e-05,10.0049,10
1,1480,p1,1312,3.90696e-05,10.0177,10
1,1481,p1,1216,4.08014e-05,10.0032,10
1,2572,p1,1011,9.65046e-05,19.9511,20
1,1482,p1,1412,4.1035e-05,10.0001,10
1,1483,p1,1268,3.94354e-05,10.0029,10
1,2573,p1,1220,9.50501e-05,20.0024,20
1,1484,p1,1190,4.04589e-05,10.0066,10
1,1485,p1,1484,3.94437e-05,10.0001,10
1,2574,p1,1119,9.47573e-05,19.9105,20
1,2575,p1,921,9.42846e-05,20.1169,20
1,1486,p1,1345,3.99787e-05,10.0379,10
1,1487,p1,1240,3.88777e-05,10.0469,10
1,2576,p1,1101,9.6172e-05,20.1059,20
1,1488,p1,1292,3.88811e-05,10.0288,10
1,2577,p1,1076,9.66115e-05,19.9864,20
1,2578,p1,985,9.37065e-05,20.072,20
1,1489,p1,1299,4.05698e-05,10.0051,10
1,1490,p1,1384,3.90517e-05,10.0156,10
1,2579,p1,1064,9.47668e-05,19.9677,20
1,1491,p1,1344,3.99392e-05,10.008,10
1,1492,p1,1136,3.99273e-05,10.02,10
1,2580,p1,1088,9.36718e-05,20.0546,20
1,1493,p1,1308,4.01141e-05,10.0268,10
1,1494,p1,1431,4.06767e-05,10.0074,10
1,2581,p1,1211,9.13664e-05,20.0495,20
1,2582,p1,1053,9.43761e-05,20.002,20
1,1495,p1,1192,4.14671e-05,10.0093,10
1,1496,p1,1343,4.05405e-05,10.026,10
1,1497,p1,1357,3.88398e-05,10.0051,10
1,2583,p1,1113,9.12219e-05,19.9471,20
1,1498,p1,1263,3.84045e-05,10.0007,10
1,2584,p1,1135,9.38827e-05,19.9861,20
1,2585,p1,1163,9.08484e-05,19.9866,20
1,1499,p1,1339,3.78062e-05,10.0229,10
1,2586,p1,1176,9.38048e-05,19.8946,20
1,2587,p1,993,9.21743e-05,20.0154,20
1,2588,p1,1250,9.37323e-05,19.9939,20
1,2589,p1,1068,9.34383e-05,20.0635,20
1,2590,p1,1044,9.34327e-05,20.0266,20
1,2591,p1,1077,9.39802e-05,20.0353,20
1,2592,p1,1149,9.19983e-05,20.0042,20
1,1500,p1,1322,3.68322e-05,10.0345,10
1,2593,p1,1042,9.30382e-05,20.1329,20
1,1501,p1,1345,3.67813e-05,10.0487,10
1,1502,p1,1310,3.80283e-05,10.0391,10
1,1503,p1,1434,3.7573e-05,10.0359,10
1,1504,p1,1273,3.78302e-05,10.0052,10
1,1505,p1,1297,3.8914e-05,10.0223,10
1,2594,p1,1175,9.51295e-05,19.9922,20
1,2595,p1,1279,9.56715e-05,20.0271,20
1,1506,p1,1378,3.81965e-05,10.0409,10
1,2596,p1,1091,9.46748e-05,20.0015,20
1,1507,p1,1170,3.75379e-05,10.0277,10
1,1508,p1,1342,3.80833e-05,10.0507,10
1,2597,p1,1059,9.70435e-05,19.9552,20
1,1509,p1,1468,3.65738e-05,10.0592,10
1,1510,p1,1239,3.62569e-05,10.0328,10
1,2598,p1,1050,9.76551e-05,19.9205,20
1,2599,p1,1048,9.58856e-05,20.1173,20
1,1511,p1,1292,3.64667e-05,10.0222,10
1,1512,p1,1249,3.74133e-05,10.0292,10
1,2600,p1,1144,9.4849e-05,19.9161,20
1,2601,p1,1043,9.54154e-05,19.9975,20
1,1513,p1,1350,3.63304e-05,10.0052,10
1,1514,p1,1341,3.89589e-05,10.032,10
1,2602,p1,1153,9.62239e-05,20.0028,20
1,2603,p1,1108,9.54468e-05,20.047,20
1,2604,p1,1123,9.7161e-05,19.9752,20
1,1515,p1,1228,3.87919e-05,10.066,10
1,2605,p1,1069,9.50148e-05,20.0296,20
1,1516,p1,1419,3.73097e-05,10.0594,10
1,2606,p1,1098,9.27889e-05,20.0834,20
1,2607,p1,1122,9.40952e-05,19.992,20
1,1517,p1,1381,3.67014e-05,10.0473,10
1,1518,p1,1290,3.8471e-05,10.0454,10
1,2608,p1,1215,9.08648e-05,20.0716,20
1,2609,p1,1092,9.10064e-05,20.0275,20
1,1519,p1,1290,3.76223e-05,10.038,10
1,2610,p1,1147,9.21829e-05,20.01,20
1,2611,p1,1226,9.26694e-05,19.996,20
1,1520,p1,1276,3.8301e-05,10.0311,10
1,1521,p1,1333,3.6205e-05,10.0268,10
1,1522,p1,1476,3.94671e-05,10.0389,10
1,2612,p1,1017,8.82567e-05,19.9598,20
1,1523,p1,1213,3.94349e-05,10.0427,10
1,2613,p1,1122,9.08247e-05,19.9218,20
1,1524,p1,1204,3.97263e-05,10.0392,10
1,2614,p1,1177,9.24496e-05,19.9267,20
1,2615,p1,1068,8.99887e-05,20.0708,20
1,1525,p1,1401,3.86668e-05,10.048,10
1,2616,p1,1071,9.07183e-05,20.0666,20
1,1526,p1,1446,3.89322e-05,10.0302,10
1,2617,p1,1211,9.17624e-05,19.9691,20
1,1527,p1,1190,4.02946e-05,10.0442,10
1,1528,p1,1299,4.11755e-05,10.05,10
1,2618,p1,1227,9.07996e-05,19.9832,20
1,1529,p1,1396,3.94827e-05,10.0639,10
1,2619,p1,1068,9.00735e-05,19.9717,20
1,2620,p1,1055,9.01111e-05,19.9521,20
1,1530,p1,1363,3.98636e-05,10.0531,10
1,2621,p1,1045,9.04825e-05,20.0098,20
1,1531,p1,1313,3.98757e-05,10.0533,10
1,1532,p1,1268,3.99398e-05,10.0412,10
1,1533,p1,1310,3.99766e-05,10.0278,10
1,2622,p1,1198,9.01892e-05,20.0299,20
1,2623,p1,1139,8.97195e-05,20.0956,20
1,1534,p1,1431,3.84776e-05,10.0305,10
1,2624,p1,1009,9.27567e-05,19.9157,20
1,2625,p1,1004,9.21784e-05,19.9396,20
1,1535,p1,1375,3.93334e-05,10.0219,10
1,2626,p1,1180,9.2487e-05,19.9959,20
1,1536,p1,1296,4.03308e-05,10.0219,10
1,1537,p1,1255,4.02878e-05,10.0287,10
1,2627,p1,1157,9.37121e-05,19.9651,20
1,1538,p1,1374,3.89836e-05,10.0063,10
1,2628,p1,1073,9.44368e-05,19.9279,20
1,2629,p1,1038,9.12231e-05,19.9078,20
1,1539,p1,1397,4.05628e-05,9.99932,10
1,1540,p1,1360,3.95128e-05,10.0299,10
1,2630,p1,1267,9.20093e-05,19.9297,20
1,2631,p1,1147,9.40602e-05,19.8823,20
1,2632,p1,1117,9.13514e-05,20.006,20
1,1541,p1,1272,4.18774e-05,10.0565,10
1,1542,p1,1282,4.32078e-05,10.0291,10
1,2633,p1,919,8.7051e-05,20.2208,20
1,1543,p1,1208,4.07535e-05,10.0235,10
1,1544,p1,1338,4.09767e-05,10.0464,10
1,2634,p1,1125,8.93729e-05,20.1391,20
1,2635,p1,1012,9.09493e-05,20.0308,20
1,1545,p1,1364,4.11115e-05,10.0345,10
1,2636,p1,1102,9.07546e-05,19.9892,20
1,1546,p1,1210,4.22402e-05,10.0423,10
1,2637,p1,953,9.34327e-05,19.942,20
1,2638,p1,1045,9.11582e-05,20.0282,20
1,1547,p1,1330,4.23091e-05,10.0471,10
1,2639,p1,1144,9.24372e-05,19.9785,20
1,1548,p1,1271,4.18868e-05,10.0283,10
1,1549,p1,1307,4.11791e-05,10.0251,10
1,2640,p1,1146,9.4247e-05,19.9464,20
1,2641,p1,1078,9.23465e-05,19.9923,20
1,1550,p1,1323,4.12884e-05,10.0314,10
1,1551,p1,1304,4.11568e-05,10.0276,10
1,1552,p1,1274,4.14314e-05,10.0054,10
1,1553,p1,1325,4.1092e-05,10.0188,10
1,2642,p1,1114,9.28081e-05,19.8841,20
1,2643,p1,1051,9.35568e-05,19.923,20
1,1554,p1,1293,4.14052e-05,10.0076,10
1,1555,p1,1326,4.13076e-05,10.0264,10
1,1556,p1,1255,4.22208e-05,10.0148,10
1,2644,p1,1283,9.3219e-05,19.9777,20
1,1557,p1,1372,4.05902e-05,9.99361,10
1,1558,p1,1357,4.12555e-05,10.0075,10
1,2645,p1,1032,9.48143e-05,19.9218,20
1,1559,p1,1257,4.16668e-05,10.0085,10
1,2646,p1,1117,9.42767e-05,20.0128,20
1,2647,p1,1077,9.48224e-05,19.9963,20
1,1560,p1,1304,4.09618e-05,9.99377,10
1,1561,p1,1305,4.17909e-05,9.98472,10
1,1562,p1,1291,4.37843e-05,10.0188,10
1,2648,p1,1050,9.37769e-05,19.8905,20
1,1563,p1,1331,4.58982e-05,10.0157,10
1,1564,p1,1344,4.55661e-05,9.99713,10
1,2649,p1,1143,9.55113e-05,19.9802,20
1,1565,p1,1496,4.51013e-05,9.99779,10
1,2650,p1,1104,9.54793e-05,20.037,20
1,1566,p1,1290,4.52693e-05,9.99068,10
1,1567,p1,1415,4.56273e-05,9.97292,10
1,2651,p1,1134,9.41479e-05,20.0116,20
1,2652,p1,1142,9.3958e-05,20.0444,20
1,1568,p1,1381,4.52889e-05,9.97315,10
1,1569,p1,1263,4.62085e-05,9.96832,10
1,2653,p1,1133,9.61266e-05,20.0016,20
1,2654,p1,1044,9.45696e-05,20.0684,20
1,2655,p1,1128,9.4949e-05,20.0983,20
1,2656,p1,1197,9.86462e-05,19.9627,20
1,1570,p1,1391,4.67636e-05,9.99227,10
1,1571,p1,1265,4.5011e-05,9.98887,10
1,2657,p1,1146,9.68106e-05,19.9545,20
1,2658,p1,1053,9.88346e-05,19.9476,20
1,2659,p1,1001,9.74286e-05,20.0209,20
1,2660,p1,1178,9.74723e-05,20.0441,20
1,1572,p1,1232,4.51955e-05,9.97049,10
1,2661,p1,1274,9.90599e-05,19.9057,20
1,1573,p1,1395,4.59051e-05,9.97476,10
1,2662,p1,1102,9.80951e-05,19.9738,20
1,2663,p1,1121,9.80973e-05,20.0353,20
1,1574,p1,1477,4.65904e-05,9.97097,10
1,1575,p1,1296,4.54693e-05,9.96048,10
1,2664,p1,1131,9.91777e-05,19.9948,20
1,2665,p1,1072,0.000100057,19.9408,20
1,1576,p1,1195,4.48084e-05,9.97371,10
1,2666,p1,1079,0.000100026,20.0487,20
1,2667,p1,1168,9.97692e-05,19.9784,20
1,1577,p1,1249,4.69543e-05,9.98281,10
1,2668,p1,1074,9.87064e-05,20.0065,20
1,2669,p1,1105,9.79999e-05,20.0334,20
1,1578,p1,1318,4.58754e-05,10.0095,10
1,2670,p1,983,9.76223e-05,19.9924,20
1,1579,p1,1338,4.48302e-05,9.98918,10
1,2671,p1,1033,9.6291e-05,20.0743,20
1,1580,p1,1302,4.41087e-05,9.96504,10
1,2672,p1,1208,9.74663e-05,20.0545,20
1,2673,p1,1074,9.82299e-05,19.9854,20
1,2674,p1,1179,9.88778e-05,19.9797,20
1,1581,p1,1216,4.38693e-05,9.97455,10
1,1582,p1,1300,4.31e-05,9.96855,10
1,2675,p1,1115,9.69857e-05,20.1063,20
1,1583,p1,1421,4.37822e-05,10.003,10
1,2676,p1,1184,9.92193e-05,20.0543,20
1,1584,p1,1320,4.35949e-05,10.0031,10
1,1585,p1,1279,4.55008e-05,9.9919,10
1,2677,p1,1188,9.8164e-05,20.0485,20
1,2678,p1,1118,0.000101546,19.8889,20
1,2679,p1,1032,0.000100765,20.0218,20
1,2680,p1,1099,0.000100686,20.0533,20
1,1586,p1,1348,4.47306e-05,10.0153,10
1,2681,p1,1110,0.000100729,19.9598,20
1,2682,p1,1060,0.000100064,20.0131,20
1,2683,p1,1100,0.000101624,20.0789,20
1,1587,p1,1357,4.41703e-05,9.99205,10
1,2684,p1,1182,0.00010411,19.9135,20
1,2685,p1,1033,0.000103138,19.9952,20
1,2686,p1,982,0.000105287,19.9579,20
1,1588,p1,1426,4.59402e-05,10.0107,10
1,2687,p1,1060,0.000100705,20.196,20
1,1589,p1,1365,4.59826e-05,10.0259,10
1,2688,p1,1242,0.000102439,20.024,20
1,2689,p1,1083,0.000105266,19.9631,20
1,1590,p1,1259,4.65342e-05,10.0164,10
1,2690,p1,1045,0.000103632,20.0559,20
1,2691,p1,1232,0.000101389,20.0619,20
1,1591,p1,1398,4.57939e-05,10.0145,10
1,2692,p1,1058,0.000100094,20.1403,20
1,1592,p1,1284,4.66868e-05,10.0009,10
1,2693,p1,1015,0.000100503,20.0906,20
1,2694,p1,1109,0.000103199,20.0118,20
1,1593,p1,1297,4.6607e-05,10.0124,10
1,2695,p1,1165,0.000102167,19.9955,20
1,1594,p1,1482,4.58805e-05,9.99923,10
1,1595,p1,1262,4.70604e-05,9.98221,10
1,2696,p1,1350,0.000101707,20.0242,20
1,2697,p1,1001,0.000101855,20.0984,20
1,1596,p1,1500,4.68205e-05,10.0016,10
1,2698,p1,1037,0.000101748,20.1302,20
1,2699,p1,1261,0.00010281,20.1009,20
1,1597,p1,1154,4.75703e-05,9.99298,10
1,1598,p1,1521,4.82329e-05,10.009,10
1,1599,p1,1423,4.73877e-05,10.0044,10
1,1600,p1,1163,4.58336e-05,9.97381,10
1,2700,p1,1114,0.000103193,20.0599,20
1,1601,p1,1268,4.61226e-05,9.98638,10
1,2701,p1,1129,0.000101103,20.0209,20
1,2702,p1,1072,0.000102862,19.9502,20
1,1602,p1,1439,4.64086e-05,10.0156,10
1,1603,p1,1213,4.64485e-05,10.0363,10
1,2703,p1,1025,0.000103738,19.9548,20
1,2704,p1,1121,0.000104479,19.954,20
1,1604,p1,1220,4.72048e-05,10.0053,10
1,2705,p1,1211,0.000101918,20.0021,20
1,1605,p1,1325,4.99885e-05,10.0133,10
1,2706,p1,1029,0.000103053,19.9817,20
1,2707,p1,1098,0.000105226,19.9403,20
1,2708,p1,1228,0.000104228,19.9903,20
1,1606,p1,1314,4.77516e-05,9.99461,10
1,2709,p1,1081,0.000103889,20.0773,20
1,1607,p1,1141,4.57029e-05,10.0275,10
1,2710,p1,1100,0.000103622,19.9502,20
1,2711,p1,966,0.00010181,20.203,20
1,2712,p1,1098,0.000105872,19.9828,20
1,1608,p1,1381,4.87904e-05,10.0315,10
1,2713,p1,1161,0.00010618,19.993,20
1,1609,p1,1275,4.88645e-05,10.0295,10
1,2714,p1,1084,0.000103724,20.1368,20
1,2715,p1,1033,0.000103033,20.0358,20
1,2716,p1,1164,0.000105286,19.9761,20
1,1610,p1,1172,4.65653e-05,10.0284,10
1,2717,p1,1069,0.000103841,20.004,20
1,2718,p1,1147,0.000100408,20.1645,20
1,2719,p1,1146,0.00010529,19.9802,20
1,2720,p1,1155,0.000104198,20.0219,20
1,2721,p1,1086,0.000103515,19.9867,20
1,2722,p1,1050,0.000103184,20.0918,20
1,2723,p1,1224,0.000102558,20.0056,20
1,2724,p1,1166,0.000102109,20.1225,20
1,2725,p1,1105,0.000104608,20.0273,20
1,2726,p1,1040,0.000103648,20.0664,20
1,2727,p1,1113,0.000102142,20.0836,20
1,2728,p1,1190,0.000101199,20.0621,20
1,1611,p1,1509,4.58242e-05,10.0251,10
1,1612,p1,1214,4.46544e-05,10.0336,10
1,2729,p1,1139,0.000102851,19.9826,20
1,1613,p1,1145,4.74248e-05,10.0316,10
1,2730,p1,980,0.000102591,20.0507,20
1,1614,p1,1330,4.71711e-05,10.0126,10
1,1615,p1,1432,4.61385e-05,10.0223,10
1,2731,p1,1072,0.000104574,20.051,20
1,2732,p1,980,0.000103273,20.0334,20
1,2733,p1,1245,0.000102678,20.079,20
1,2734,p1,1084,0.000104244,20.1165,20
1,1616,p1,1258,4.56872e-05,10.0168,10
1,2735,p1,998,0.0001041,20.0473,20
1,2736,p1,1093,0.000105128,20.0634,20
1,2737,p1,1107,0.000105087,20.0405,20
1,2738,p1,1123,0.00010086,20.1291,20
1,1617,p1,1267,4.64768e-05,10.0191,10
1,1618,p1,1382,4.73658e-05,10.0296,10
1,2739,p1,1005,0.000102851,20.0596,20
1,2740,p1,1029,0.000103728,20.1016,20
1,1619,p1,1217,4.67217e-05,9.99957,10
1,2741,p1,1210,0.000104473,20.1195,20
1,2742,p1,1033,0.00010469,20.105,20
1,1620,p1,1213,4.65713e-05,10.0202,10
1,2743,p1,1100,0.000105596,19.9817,20
1,1621,p1,1347,4.89079e-05,10.0011,10
1,1622,p1,1270,4.84951e-05,10.0132,10
1,2744,p1,1130,0.000103861,20.0803,20
1,2745,p1,1154,0.000103052,20.0974,20
1,2746,p1,955,0.000104146,20.0151,20
1,2747,p1,1158,0.000104639,20.1055,20
1,1623,p1,1271,4.6897e-05,10.0032,10
1,2748,p1,1140,0.000104895,19.973,20
1,2749,p1,1095,0.000105693,20.1366,20
1,1624,p1,1209,4.87914e-05,10.0259,10
1,2750,p1,994,0.000105543,20.0645,20
1,2751,p1,1138,0.000104623,20.085,20
1,1625,p1,1312,4.8127e-05,10.0123,10
1,2752,p1,1196,0.000102741,20.0833,20
1,2753,p1,1201,0.000104215,20.0336,20
1,2754,p1,1094,0.000105376,20.055,20
1,1626,p1,1297,4.70043e-05,10.0347,10
1,1627,p1,1400,4.84254e-05,10.0497,10
1,2755,p1,1042,0.00010251,20.0051,20
1,1628,p1,1337,4.87443e-05,10.0306,10
1,2756,p1,1031,0.000100481,20.0732,20
1,1629,p1,1176,4.91208e-05,10.0334,10
1,1630,p1,1482,4.87234e-05,10.0322,10
1,1631,p1,1308,5.30831e-05,10.0381,10
1,2757,p1,1181,0.000100927,19.9975,20
1,1632,p1,1213,5.31143e-05,10.0225,10
1,2758,p1,1017,0.000105154,20.0002,20
1,1633,p1,1279,5.30213e-05,10.0357,10
1,2759,p1,1110,0.000102651,20.0028,20
1,2760,p1,1215,9.91437e-05,20.1369,20
1,1634,p1,1381,5.3596e-05,10.0293,10
1,2761,p1,1115,9.88165e-05,19.978,20
1,1635,p1,1337,5.094e-05,10.0371,10
1,2762,p1,1039,9.95955e-05,20.0241,20
1,1636,p1,1173,5.21872e-05,10.0558,10
1,2763,p1,1197,9.5651e-05,20.0007,20
1,2764,p1,1186,9.49067e-05,20.1388,20
1,2765,p1,1034,9.74264e-05,20.0476,20
1,2766,p1,1076,9.56274e-05,19.9996,20
1,1637,p1,1442,5.5184e-05,10.0454,10
1,2767,p1,1147,9.98043e-05,19.8837,20
1,2768,p1,1163,9.72169e-05,20.0356,20
1,1638,p1,1417,5.24777e-05,10.0189,10
1,2769,p1,1034,9.45211e-05,20.0691,20
1,2770,p1,1137,9.35043e-05,20.1156,20
1,2771,p1,1103,0.000101133,19.9467,20
1,1639,p1,1155,5.24926e-05,10.0248,10
1,2772,p1,1138,9.62331e-05,20.01,20
1,1640,p1,1325,5.03956e-05,10.0444,10
1,2773,p1,1063,9.76942e-05,20.0302,20
1,2774,p1,1042,0.000100439,20.0275,20
1,2775,p1,1160,9.98387e-05,19.9379,20
1,1641,p1,1393,5.12071e-05,10.0233,10
1,2776,p1,1076,9.81368e-05,19.944,20
1,2777,p1,1132,9.90171e-05,20.0103,20
1,2778,p1,1091,9.73007e-05,20.0077,20
1,2779,p1,1140,9.92211e-05,19.9523,20
1,1642,p1,1288,5.02237e-05,10.0391,10
1,2780,p1,1054,9.77908e-05,19.9656,20
1,1643,p1,1327,5.12231e-05,10.0295,10
1,2781,p1,1057,9.91816e-05,20.0054,20
1,2782,p1,1037,9.68995e-05,19.9472,20
1,2783,p1,1211,9.61042e-05,20.0193,20
1,1644,p1,1298,5.03063e-05,10.0372,10
1,2784,p1,1205,9.63246e-05,20.0033,20
1,2785,p1,1208,9.76175e-05,19.9539,20
1,1645,p1,1441,5.16556e-05,10.0275,10
1,1646,p1,1232,5.33735e-05,10.0209,10
1,2786,p1,967,9.63064e-05,19.9638,20
1,2787,p1,1086,9.42459e-05,20.0132,20
1,2788,p1,1224,9.63785e-05,20.0959,20
1,2789,p1,1143,9.27605e-05,20.1014,20
1,2790,p1,1164,9.55754e-05,20.0084,20
1,2791,p1,1083,9.68878e-05,20.0284,20
1,2792,p1,1171,9.69242e-05,19.9853,20
1,2793,p1,1277,9.26815e-05,20.0868,20
1,1647,p1,1259,5.14131e-05,10.0144,10
1,2794,p1,1104,9.31027e-05,20.1284,20
1,2795,p1,1011,9.55435e-05,20.1049,20
1,1648,p1,1395,5.33405e-05,10.0101,10
1,2796,p1,1096,9.55179e-05,20.0654,20
1,2797,p1,1113,0.000100423,19.9242,20
1,2798,p1,1138,9.50252e-05,20.0092,20
1,1649,p1,1350,5.16561e-05,9.99896,10
1,2799,p1,1175,9.40555e-05,19.974,20
1,2800,p1,1080,9.03247e-05,19.9928,20
1,2801,p1,981,9.28445e-05,19.9959,20
1,2802,p1,1116,9.61393e-05,19.9035,20
1,2803,p1,1222,9.2282e-05,20.0123,20
1,2804,p1,1007,8.93586e-05,20.1207,20
1,1650,p1,1234,5.22145e-05,10.0029,10
1,1651,p1,1381,5.0117e-05,10.016,10
1,1652,p1,1427,5.03399e-05,10.0044,10
1,2805,p1,1028,9.49622e-05,20.0002,20
1,1653,p1,1372,4.9588e-05,10.0084,10
1,2806,p1,1222,9.3109e-05,20.015,20
1,2807,p1,1118,9.55535e-05,19.9294,20
1,2808,p1,1084,9.45812e-05,19.9999,20
1,1654,p1,1274,4.71344e-05,10.0028,10
1,2809,p1,1028,9.32468e-05,20.0316,20
1,1655,p1,1334,4.78449e-05,10.0332,10
1,2810,p1,1119,9.16544e-05,19.9922,20
1,2811,p1,1176,9.09164e-05,19.9715,20
1,1656,p1,1239,4.80964e-05,10.0284,10
1,2812,p1,1325,9.28115e-05,20.0113,20
1,1657,p1,1419,4.79344e-05,10.015,10
1,2813,p1,1192,9.24636e-05,20.0809,20
1,2814,p1,1049,9.46167e-05,19.977,20
1,1658,p1,1309,4.88692e-05,10.0132,10
1,1659,p1,1249,5.05028e-05,10.0167,10
1,2815,p1,1218,9.3408e-05,20.0691,20
1,1660,p1,1409,4.83103e-05,10.0339,10
1,2816,p1,1141,8.98943e-05,20.0752,20
1,1661,p1,1312,5.06026e-05,10.0486,10
1,2817,p1,1158,9.2312e-05,19.9946,20
1,1662,p1,1321,4.97934e-05,10.0298,10
1,2818,p1,975,9.33981e-05,20.05,20
1,2819,p1,1126,9.24443e-05,20.0671,20
1,1663,p1,1403,5.21656e-05,10.0126,10
1,2820,p1,1096,9.39866e-05,20.0263,20
1,1664,p1,1325,5.14084e-05,10.0382,10
1,2821,p1,1073,9.3583e-05,20.0585,20
1,1665,p1,1242,5.16377e-05,10.0073,10
1,1666,p1,1289,5.03249e-05,10.0309,10
1,2822,p1,1171,9.26692e-05,20.0944,20
1,1667,p1,1396,5.24991e-05,10.0264,10
1,2823,p1,1019,9.34823e-05,20.0481,20
1,2824,p1,1187,9.22169e-05,19.9828,20
1,1668,p1,1293,5.08992e-05,10.0293,10
1,2825,p1,1103,9.20737e-05,19.9396,20
1,1669,p1,1353,5.11532e-05,10.0169,10
1,2826,p1,1126,9.32021e-05,19.8682,20
1,1670,p1,1399,5.1823e-05,10.0284,10
1,2827,p1,1155,9.24017e-05,19.9867,20
1,2828,p1,1113,9.44017e-05,19.9225,20
1,1671,p1,1283,4.9849e-05,10.0212,10
1,2829,p1,1068,9.30603e-05,20.0035,20
1,1672,p1,1497,4.93678e-05,10.0189,10
1,2830,p1,1074,9.45488e-05,20.0342,20
1,1673,p1,1332,5.05515e-05,10.0431,10
1,2831,p1,1147,9.55009e-05,20.0208,20
1,1674,p1,1221,5.03147e-05,10.0502,10
1,2832,p1,976,9.22269e-05,20.0255,20
1,1675,p1,1374,4.85899e-05,10.0473,10
1,2833,p1,1145,9.34763e-05,20.053,20
1,1676,p1,1277,4.97165e-05,10.0282,10
1,1677,p1,1263,4.97164e-05,10.0371,10
1,1678,p1,1368,4.88729e-05,10.0276,10
1,2834,p1,1165,9.25161e-05,20.0935,20
1,2835,p1,1099,9.25315e-05,20.0326,20
1,2836,p1,1130,9.49022e-05,20.0076,20
1,2837,p1,1138,9.56432e-05,19.948,20
1,2838,p1,1033,9.8497e-05,20.0071,20
1,2839,p1,1185,9.76483e-05,19.9589,20
1,1679,p1,1224,5.05354e-05,10.0374,10
1,1680,p1,1353,5.14766e-05,10.0397,10
1,1681,p1,1305,5.07276e-05,10.0207,10
1,2840,p1,1047,9.65722e-05,20.0468,20
1,2841,p1,1092,9.68443e-05,20.0215,20
1,1682,p1,1251,5.31626e-05,10.0194,10
1,1683,p1,1137,5.22333e-05,10.0448,10
1,2842,p1,1198,9.0916e-05,20.0796,20
1,2843,p1,1111,9.35214e-05,20.0297,20
1,1684,p1,1439,5.33162e-05,10.0307,10
1,2844,p1,1062,8.98888e-05,20.0438,20
1,2845,p1,1132,8.96398e-05,20.0818,20
1,2846,p1,1101,9.21326e-05,20.0017,20
1,2847,p1,1143,9.22152e-05,19.9241,20
1,1685,p1,1244,5.37394e-05,10.0251,10
1,1686,p1,1281,5.41956e-05,10.0227,10
1,1687,p1,1233,5.24798e-05,10.0351,10
1,2848,p1,1023,8.94655e-05,20.0095,20
1,1688,p1,1441,5.12921e-05,10.0394,10
1,2849,p1,1080,8.79716e-05,20.0591,20
1,2850,p1,1127,8.77598e-05,20.0023,20
1,2851,p1,1192,8.9318e-05,20.0406,20
1,2852,p1,1022,9.18568e-05,19.9767,20
1,1689,p1,1318,5.23983e-05,10.0144,10
1,1690,p1,1390,5.25999e-05,10.0029,10
1,2853,p1,1146,8.99912e-05,20.02,20
1,1691,p1,1202,5.28281e-05,10.015,10
1,1692,p1,1234,5.0852e-05,10.003,10
1,2854,p1,1149,8.81777e-05,20.0425,20
1,1693,p1,1489,5.02844e-05,10.0169,10
1,2855,p1,1171,8.92209e-05,20.0461,20
1,2856,p1,1065,9.01808e-05,20.115,20
1,1694,p1,1222,5.35088e-05,10.0111,10
1,1695,p1,1121,5.11448e-05,9.98384,10
1,1696,p1,1321,5.18553e-05,10.0048,10
1,1697,p1,1306,5.21037e-05,9.99564,10
1,2857,p1,1135,8.8356e-05,20.0094,20
1,1698,p1,1317,5.10455e-05,9.98522,10
1,1699,p1,1351,5.10116e-05,10.0196,10
1,2858,p1,1167,8.73311e-05,20.0251,20
1,1700,p1,1274,5.15259e-05,9.99442,10
1,1701,p1,1291,5.05159e-05,10.0216,10
1,1702,p1,1329,4.98514e-05,10.0134,10
1,1703,p1,1256,5.03432e-05,10.0291,10
1,2859,p1,1160,9.11238e-05,20.0012,20
1,2860,p1,1127,8.81193e-05,20.0581,20
1,1704,p1,1317,4.89859e-05,10.012,10
1,1705,p1,1311,4.88751e-05,9.99053,10
1,1706,p1,1338,4.97979e-05,10.0119,10
1,2861,p1,961,8.85698e-05,20.1084,20
1,2862,p1,1064,8.683e-05,20.1161,20
1,1707,p1,1226,4.97386e-05,9.99988,10
1,2863,p1,1222,8.687e-05,20.0431,20
1,2864,p1,1125,8.78122e-05,20.042,20
1,1708,p1,1338,5.0112e-05,10.0287,10
1,2865,p1,1138,8.58053e-05,19.9963,20
1,1709,p1,1375,5.02824e-05,10.016,10
1,2866,p1,1105,8.66793e-05,20.0132,20
1,1710,p1,1274,4.91555e-05,10.026,10
1,2867,p1,1012,8.90832e-05,19.9406,20
1,1711,p1,1334,4.96514e-05,10.0126,10
1,2868,p1,1135,8.69327e-05,20.0462,20
1,1712,p1,1484,4.8635e-05,9.99361,10
1,1713,p1,1286,4.99926e-05,10.0008,10
1,2869,p1,1169,8.66241e-05,20.0146,20
1,2870,p1,1096,8.67539e-05,20.0281,20
1,1714,p1,1335,5.02585e-05,9.97787,10
1,2871,p1,1083,8.6955e-05,19.985,20
1,2872,p1,1082,8.91958e-05,19.9432,20
1,1715,p1,1366,5.19904e-05,10.0192,10
1,1716,p1,1414,5.16352e-05,10.0053,10
1,1717,p1,1159,4.98046e-05,10.0004,10
1,2873,p1,1247,8.5246e-05,20.0495,20
1,1718,p1,1427,4.96214e-05,10.0091,10
1,2874,p1,1041,8.14702e-05,20.0366,20
1,2875,p1,1133,8.45619e-05,19.976,20
1,1719,p1,1339,5.04715e-05,9.98945,10
1,2876,p1,964,8.59354e-05,19.9645,20
1,2877,p1,1135,8.6639e-05,20.0359,20
1,1720,p1,1397,4.90637e-05,10.0064,10
1,1721,p1,1247,4.84751e-05,10.0008,10
1,1722,p1,1230,4.84512e-05,10.0348,10
1,2878,p1,1028,8.74739e-05,19.9356,20
1,1723,p1,1388,5.03162e-05,10.0115,10
1,2879,p1,1158,8.59699e-05,19.9834,20
1,2880,p1,1002,8.92493e-05,19.9144,20
1,1724,p1,1166,4.76453e-05,10.0151,10
1,2881,p1,1163,8.70838e-05,19.9146,20
1,1725,p1,1332,4.73211e-05,10.024,10
1,2882,p1,1134,8.64547e-05,20.0136,20
1,2883,p1,1051,8.57628e-05,19.968,20
1,1726,p1,1268,4.82654e-05,10.0228,10
1,1727,p1,1184,4.7659e-05,10.0166,10
1,2884,p1,1213,8.7484e-05,19.9956,20
1,1728,p1,1318,4.8093e-05,10.0042,10
1,2885,p1,1250,8.62363e-05,20.0393,20
1,1729,p1,1297,4.85218e-05,9.98699,10
1,2886,p1,1073,8.56484e-05,20.1566,20
1,1730,p1,1334,4.85715e-05,10.0358,10
1,2887,p1,1110,8.55601e-05,20.022,20
1,1731,p1,1340,5.05822e-05,10.0235,10
1,1732,p1,1222,4.91183e-05,10.0308,10
1,2888,p1,1078,8.66588e-05,20.0609,20
1,2889,p1,971,8.81407e-05,19.9941,20
1,2890,p1,1127,9.04093e-05,19.9518,20
1,1733,p1,1348,4.84859e-05,10.0323,10
1,2891,p1,1221,8.78843e-05,19.9832,20
1,2892,p1,1135,8.85492e-05,19.9557,20
1,2893,p1,1057,8.84472e-05,20.0075,20
1,1734,p1,1341,4.94816e-05,10.0367,10
1,2894,p1,1069,8.87723e-05,19.9995,20
1,1735,p1,1156,4.99735e-05,10.0417,10
1,2895,p1,1176,8.94285e-05,19.9927,20
1,2896,p1,951,8.90932e-05,19.9643,20
1,2897,p1,1065,8.94889e-05,20.0006,20
1,1736,p1,1227,5.01318e-05,10.0155,10
1,2898,p1,1044,9.09361e-05,19.9484,20
1,2899,p1,1087,8.86214e-05,19.9321,20
1,1737,p1,1266,5.01247e-05,9.9844,10
1,2900,p1,1124,8.73517e-05,19.9997,20
1,2901,p1,997,8.67435e-05,19.9757,20
1,2902,p1,1039,8.93646e-05,19.9994,20
1,2903,p1,1207,8.77644e-05,19.9531,20
1,2904,p1,1019,8.94719e-05,19.9834,20
1,1738,p1,1467,5.26492e-05,9.98853,10
1,2905,p1,1075,8.7027e-05,19.9497,20
1,2906,p1,1143,8.85145e-05,19.9524,20
1,2907,p1,1088,8.90845e-05,19.9619,20
1,2908,p1,1037,8.9929e-05,19.9349,20
1,2909,p1,1074,8.93286e-05,20.0401,20
1,1739,p1,1274,5.40937e-05,10.007,10
1,2910,p1,1242,8.81294e-05,20.0532,20
1,2911,p1,1172,8.99045e-05,19.9524,20
1,2912,p1,1097,8.70665e-05,20.0723,20
1,1740,p1,1348,5.42691e-05,10.0128,10
1,1741,p1,1322,5.25134e-05,10.0087,10
1,1742,p1,1429,5.26421e-05,10.0482,10
1,1743,p1,1291,5.31588e-05,10.0231,10
1,2913,p1,1131,8.8961e-05,19.9898,20
1,1744,p1,1267,5.27288e-05,10.0148,10
1,1745,p1,1405,5.28579e-05,10.0136,10
1,2914,p1,1187,8.99463e-05,19.9678,20
1,2915,p1,1070,9.20698e-05,19.8923,20
1,1746,p1,1300,5.19691e-05,10.0022,10
1,1747,p1,1208,5.33546e-05,10.0075,10
1,1748,p1,1411,5.39198e-05,10.0142,10
1,2916,p1,990,8.89761e-05,19.9826,20
1,1749,p1,1363,5.46446e-05,9.99464,10
1,2917,p1,1153,8.82741e-05,19.9892,20
1,1750,p1,1244,5.57568e-05,9.99729,10
1,1751,p1,1328,5.59384e-05,9.98435,10
1,2918,p1,1132,8.99566e-05,20.048,20
1,2919,p1,1088,8.82605e-05,20.054,20
1,1752,p1,1269,5.2558e-05,9.99114,10
1,2920,p1,1093,8.93337e-05,19.8998,20
1,1753,p1,1303,5.1215e-05,10.0014,10
1,2921,p1,1140,8.83986e-05,19.961,20
1,1754,p1,1346,5.15093e-05,9.9924,10
1,1755,p1,1297,5.02208e-05,9.97155,10
1,2922,p1,1070,8.47447e-05,19.9618,20
1,2923,p1,1066,8.63245e-05,19.9688,20
1,2924,p1,1157,8.34981e-05,19.941,20
1,1756,p1,1365,5.08248e-05,9.98325,10
1,2925,p1,1192,8.37868e-05,20.0763,20
1,2926,p1,1062,8.47357e-05,20.0691,20
1,2927,p1,1144,8.60751e-05,19.9566,20
1,1757,p1,1178,5.00473e-05,9.99454,10
1,2928,p1,1232,8.53368e-05,20.0185,20
1,1758,p1,1326,5.22684e-05,9.98403,10
1,2929,p1,1032,8.43813e-05,20.0797,20
1,1759,p1,1284,5.32288e-05,10.0087,10
1,2930,p1,1161,8.24015e-05,20.0803,20
1,2931,p1,1196,8.41513e-05,19.9464,20
1,1760,p1,1377,5.10857e-05,9.99823,10
1,1761,p1,1326,5.28486e-05,9.97746,10
1,2932,p1,1075,8.1604e-05,20.0622,20
1,1762,p1,1209,5.12412e-05,9.99452,10
1,2933,p1,1080,8.09975e-05,20.0671,20
1,1763,p1,1345,5.16352e-05,9.98483,10
1,2934,p1,1062,8.27656e-05,19.9545,20
1,2935,p1,1116,8.26296e-05,20.0454,20
1,1764,p1,1382,5.41879e-05,9.99962,10
1,2936,p1,1265,8.32533e-05,19.988,20
1,1765,p1,1311,5.46035e-05,10.0118,10
1,1766,p1,1276,5.19852e-05,9.994,10
1,2937,p1,1128,8.5355e-05,19.8844,20
1,1767,p1,1352,5.40315e-05,9.99763,10
1,2938,p1,947,8.43057e-05,19.9474,20
1,2939,p1,1077,8.38791e-05,20.1941,20
1,2940,p1,1249,8.59009e-05,20.0383,20
1,1768,p1,1389,5.41105e-05,9.9945,10
1,1769,p1,1325,5.31228e-05,10.0235,10
1,2941,p1,1211,8.56006e-05,20.0962,20
1,1770,p1,1348,5.26193e-05,10.0098,10
1,2942,p1,939,8.55951e-05,19.9662,20
1,1771,p1,1195,5.42092e-05,9.98065,10
1,2943,p1,958,8.64714e-05,19.9635,20
1,2944,p1,1138,8.63675e-05,19.9184,20
1,1772,p1,1399,5.52602e-05,10.0237,10
1,2945,p1,1035,8.74428e-05,19.8133,20
1,1773,p1,1435,5.42806e-05,10.0235,10
1,2946,p1,1113,8.77254e-05,19.9435,20
1,1774,p1,1293,5.58536e-05,9.99924,10
1,1775,p1,1345,5.56798e-05,10.0135,10
1,2947,p1,1122,8.41222e-05,20.0106,20
1,2948,p1,1038,8.45453e-05,19.982,20
1,1776,p1,1325,5.5291e-05,10.0177,10
1,2949,p1,1127,8.56544e-05,19.959,20
1,1777,p1,1214,5.48048e-05,10.0315,10
1,2950,p1,1130,8.8062e-05,19.8819,20
1,1778,p1,1285,5.53471e-05,10.0118,10
1,2951,p1,1131,8.51082e-05,19.9638,20
1,2952,p1,1077,8.64768e-05,19.9761,20
1,1779,p1,1390,5.51629e-05,9.99524,10
1,2953,p1,1067,8.33603e-05,20.0094,20
1,1780,p1,1390,5.76132e-05,9.97985,10
1,1781,p1,1388,5.61502e-05,9.98423,10
1,2954,p1,1098,9.06938e-05,19.873,20
1,2955,p1,1116,8.66191e-05,19.9382,20
1,1782,p1,1279,5.58022e-05,9.97457,10
1,2956,p1,1109,8.77683e-05,19.9544,20
1,1783,p1,1368,5.65106e-05,10.0007,10
1,1784,p1,1283,5.49423e-05,10.0203,10
1,2957,p1,1083,8.6565e-05,20.0093,20
1,2958,p1,1095,8.53181e-05,20.0152,20
1,2959,p1,1044,8.38244e-05,20.031,20
1,1785,p1,1324,5.51568e-05,9.9964,10
1,1786,p1,1361,5.45297e-05,9.99052,10
1,2960,p1,1135,8.52272e-05,20.0236,20
1,1787,p1,1380,5.6469e-05,9.99975,10
1,2961,p1,1053,8.56487e-05,19.998,20
1,2962,p1,1034,8.43424e-05,19.9487,20
1,1788,p1,1251,5.54536e-05,10.0073,10
1,1789,p1,1256,5.49476e-05,9.98944,10
1,2963,p1,1073,8.69407e-05,19.975,20
1,1790,p1,1333,5.35454e-05,10.0087,10
1,2964,p1,1116,8.42735e-05,20.0329,20
1,1791,p1,1320,5.30024e-05,10.0065,10
1,2965,p1,1145,8.29338e-05,19.9597,20
1,1792,p1,1334,5.2758e-05,10.0098,10
1,2966,p1,1210,8.10261e-05,20.05,20
1,2967,p1,1020,8.185e-05,20.1058,20
1,1793,p1,1338,5.39344e-05,10.0116,10
1,1794,p1,1143,5.33128e-05,10.0175,10
1,2968,p1,1071,8.23226e-05,20.0321,20
1,1795,p1,1290,5.27037e-05,10.0116,10
1,2969,p1,1154,8.46759e-05,19.9537,20
1,2970,p1,1103,8.51479e-05,19.9867,20
1,2971,p1,1065,8.58424e-05,20.0077,20
1,1796,p1,1494,5.27491e-05,10.0181,10
1,1797,p1,1428,5.47773e-05,10.0112,10
1,2972,p1,1229,8.66411e-05,19.903,20
1,2973,p1,1066,8.87662e-05,19.9987,20
1,1798,p1,1295,5.42467e-05,10.014,10
1,1799,p1,1318,5.46065e-05,10.0076,10
1,2974,p1,1055,8.6817e-05,19.9919,20
1,1800,p1,1253,5.51122e-05,10.0153,10
1,1801,p1,1327,5.34712e-05,9.98952,10
1,1802,p1,1252,5.45538e-05,10.0178,10
1,2975,p1,1195,8.64295e-05,19.9254,20
1,2976,p1,1090,8.47456e-05,19.9309,20
1,1803,p1,1154,5.56402e-05,10.0206,10
1,1804,p1,1318,5.55266e-05,10.0205,10
1,2977,p1,1125,8.58536e-05,19.9722,20
1,2978,p1,1115,8.69139e-05,20.0843,20
1,2979,p1,1175,8.82076e-05,19.9364,20
1,1805,p1,1330,5.44412e-05,10.0241,10
1,2980,p1,974,8.61445e-05,20.005,20
1,2981,p1,1046,8.64727e-05,19.9801,20
1,1806,p1,1281,5.39375e-05,10.004,10
1,2982,p1,1077,8.88473e-05,19.9163,20
1,2983,p1,1126,8.94016e-05,19.8813,20
1,2984,p1,1089,8.73282e-05,20.0363,20
1,2985,p1,1038,8.71452e-05,19.978,20
1,1807,p1,1269,5.45118e-05,10.0039,10
1,1808,p1,1321,5.46755e-05,10.0425,10
1,2986,p1,1170,8.53662e-05,20.004,20
1,2987,p1,1062,8.59779e-05,19.9494,20
1,2988,p1,1080,8.69916e-05,19.9696,20
1,2989,p1,1040,8.66014e-05,19.9476,20
1,1809,p1,1511,5.35522e-05,10.0212,10
1,2990,p1,1124,8.74107e-05,19.9098,20
1,1810,p1,1345,5.26143e-05,10.0161,10
1,2991,p1,1142,8.8329e-05,19.942,20
1,2992,p1,1054,8.96051e-05,20.0195,20
1,1811,p1,1233,5.18307e-05,10.0121,10
1,1812,p1,1311,5.21741e-05,10.0145,10
1,2993,p1,1007,8.91758e-05,19.9897,20
1,1813,p1,1265,5.40612e-05,10.0401,10
1,2994,p1,1122,8.95551e-05,19.9194,20
1,2995,p1,1148,8.91709e-05,20.0163,20
1,2996,p1,1119,8.75905e-05,19.977,20
1,2997,p1,1048,8.85595e-05,19.9963,20
1,1814,p1,1416,5.1607e-05,10.0138,10
1,1815,p1,1426,5.36513e-05,10.032,10
1,2998,p1,1098,8.92168e-05,19.9558,20
1,1816,p1,1239,5.27423e-05,10.0224,10
1,2999,p1,1101,8.94228e-05,19.919,20
1,1817,p1,1205,5.30422e-05,10.0196,10
1,1818,p1,1380,5.32071e-05,10.0119,10
1,1819,p1,1378,5.22369e-05,10.0342,10
1,1820,p1,1314,5.15878e-05,10.0427,10
1,3000,p1,1210,8.78151e-05,19.9775,20
1,3001,p1,1006,8.80235e-05,19.9811,20
1,3002,p1,1139,8.9472e-05,19.9561,20
1,3003,p1,998,8.83305e-05,19.9395,20
1,1821,p1,1214,5.12917e-05,10.0536,10
1,3004,p1,1254,8.6806e-05,20.0309,20
1,1822,p1,1393,5.07592e-05,10.0397,10
1,3005,p1,1113,8.80488e-05,20.0942,20
1,3006,p1,1110,8.88783e-05,20.0914,20
1,1823,p1,1350,5.11271e-05,9.99492,10
1,1824,p1,1263,5.10827e-05,10.0347,10
1,3007,p1,1146,8.96167e-05,19.9951,20
1,3008,p1,1069,9.01774e-05,19.9985,20
1,1825,p1,1291,5.04576e-05,10.0123,10
1,1826,p1,1257,5.08512e-05,10.0238,10
1,3009,p1,1013,9.12461e-05,20.0482,20
1,3010,p1,1069,8.98512e-05,20.0167,20
1,1827,p1,1374,5.08305e-05,10.0362,10
1,1828,p1,1412,4.98785e-05,10.0459,10
1,3011,p1,1128,8.9326e-05,20.0326,20
1,1829,p1,1208,5.05258e-05,10.0413,10
1,1830,p1,1224,5.21218e-05,10.053,10
1,3012,p1,1033,8.99198e-05,20.0502,20
1,3013,p1,1109,8.87818e-05,19.9249,20
1,3014,p1,986,8.81591e-05,19.9794,20
1,1831,p1,1498,5.17518e-05,10.0613,10
1,3015,p1,1217,8.95027e-05,19.925,20
1,1832,p1,1225,4.99496e-05,10.0623,10
1,1833,p1,1317,5.07056e-05,10.0527,10
1,1834,p1,1324,5.06548e-05,10.0525,10
1,1835,p1,1320,4.89007e-05,10.0273,10
1,3016,p1,1066,8.80034e-05,19.9613,20
1,1836,p1,1441,4.78898e-05,10.0178,10
1,1837,p1,1355,4.92571e-05,10.0227,10
1,1838,p1,1176,4.74822e-05,10.0361,10
1,3017,p1,997,8.78256e-05,19.9941,20
1,3018,p1,1035,8.77059e-05,20.0062,20
1,1839,p1,1454,4.77151e-05,10.0347,10
1,3019,p1,1182,8.76243e-05,20.0184,20
1,3020,p1,1141,8.86568e-05,19.9322,20
1,1840,p1,1386,4.87718e-05,10.0449,10
1,3021,p1,1025,8.67542e-05,20.0061,20
1,3022,p1,1054,8.8557e-05,19.9978,20
1,1841,p1,1314,4.92808e-05,10.0509,10
1,1842,p1,1326,4.79336e-05,10.0612,10
1,1843,p1,1351,4.71162e-05,10.0461,10
1,3023,p1,1093,8.64363e-05,20.0162,20
1,3024,p1,1102,8.5332e-05,20.0172,20
1,1844,p1,1328,4.72861e-05,10.0729,10
1,1845,p1,1177,4.65932e-05,10.0605,10
1,1846,p1,1235,4.76281e-05,10.0459,10
1,3025,p1,1103,8.68107e-05,20.007,20
1,1847,p1,1431,4.65686e-05,10.032,10
1,3026,p1,1110,8.81663e-05,19.9755,20
1,3027,p1,1107,8.86604e-05,19.9981,20
1,1848,p1,1140,4.73957e-05,10.0545,10
1,3028,p1,1091,8.97555e-05,19.9006,20
1,1849,p1,1320,4.66025e-05,10.0584,10
1,3029,p1,1074,9.05103e-05,19.9743,20
1,1850,p1,1318,4.74696e-05,10.0448,10
1,1851,p1,1201,4.75369e-05,10.0513,10
1,1852,p1,1310,4.80335e-05,10.0414,10
1,1853,p1,1313,4.99279e-05,10.0387,10
1,1854,p1,1201,5.03902e-05,10.0459,10
1,1855,p1,1173,4.99889e-05,10.0389,10
1,3030,p1,1144,8.99697e-05,19.9581,20
1,1856,p1,1361,5.03306e-05,10.017,10
1,1857,p1,1414,4.99058e-05,10.0365,10
1,3031,p1,1181,8.92666e-05,20.0169,20
1,3032,p1,1148,9.1466e-05,19.9518,20
1,1858,p1,1303,5.10609e-05,10.0582,10
1,3033,p1,1004,8.90985e-05,20.0409,20
1,1859,p1,1182,5.06605e-05,10.0221,10
1,3034,p1,1237,9.34276e-05,19.8831,20
1,1860,p1,1292,5.12488e-05,10.0226,10
1,1861,p1,1458,5.26034e-05,10.0575,10
1,3035,p1,1129,9.02189e-05,19.9172,20
1,3036,p1,967,8.94957e-05,19.9648,20
1,1862,p1,1177,5.18336e-05,10.0329,10
1,1863,p1,1328,5.38053e-05,10.0655,10
1,1864,p1,1285,5.33014e-05,10.057,10
1,3037,p1,1122,8.76173e-05,20.0384,20
1,1865,p1,1405,5.31282e-05,10.0622,10
1,1866,p1,1260,5.15633e-05,10.0667,10
1,1867,p1,1261,5.18284e-05,10.0645,10
1,3038,p1,1191,8.87888e-05,19.9157,20
1,1868,p1,1344,5.29897e-05,10.0678,10
1,1869,p1,1467,5.20605e-05,10.0402,10
1,3039,p1,1009,8.5979e-05,19.9878,20
1,3040,p1,1104,8.47451e-05,19.9976,20
1,1870,p1,1390,5.25321e-05,10.0498,10
1,1871,p1,1242,5.1725e-05,10.0476,10
1,1872,p1,1341,5.20649e-05,10.0378,10
1,1873,p1,1371,5.38598e-05,10.0566,10
1,1874,p1,1421,5.44689e-05,10.0578,10
1,1875,p1,1235,5.4811e-05,10.0393,10
1,1876,p1,1209,5.52865e-05,10.037,10
1,1877,p1,1366,5.5487e-05,10.0315,10
1,1878,p1,1484,5.59627e-05,10.041,10
1,1879,p1,1299,5.86216e-05,10.0249,10
1,3041,p1,1208,8.88624e-05,19.9501,20
1,3042,p1,1176,8.87763e-05,19.9458,20
1,1880,p1,1335,5.72499e-05,10.0295,10
1,1881,p1,1255,5.72265e-05,10.0449,10
1,3043,p1,1100,8.81435e-05,19.9968,20
1,1882,p1,1269,5.69789e-05,10.0405,10
1,3044,p1,1034,8.84337e-05,19.9681,20
1,1883,p1,1393,5.87288e-05,9.99964,10
1,1884,p1,1162,6.13615e-05,10.0234,10
1,3045,p1,1179,8.83819e-05,20.028,20
1,3046,p1,1159,8.82533e-05,19.9972,20
1,1885,p1,1298,6.02872e-05,10.0303,10
1,1886,p1,1310,6.00169e-05,10.0328,10
1,1887,p1,1271,6.04917e-05,10.0598,10
1,1888,p1,1293,6.19183e-05,10.0549,10
1,3047,p1,1014,8.93891e-05,19.9569,20
1,3048,p1,1042,8.68577e-05,20.1375,20
1,3049,p1,1090,8.82906e-05,20.0637,20
1,1889,p1,1288,6.10691e-05,10.0343,10
1,1890,p1,1276,6.05631e-05,10.0492,10
1,1891,p1,1266,6.07828e-05,10.0318,10
1,1892,p1,1180,6.15135e-05,10.0326,10
1,1893,p1,1377,6.0403e-05,10.0385,10
1,3050,p1,1095,8.87986e-05,20.0058,20
1,3051,p1,1010,8.93453e-05,19.9495,20
1,1894,p1,1300,6.1443e-05,10.0603,10
1,1895,p1,1303,6.11551e-05,10.0541,10
1,1896,p1,1296,6.10905e-05,10.0293,10
1,3052,p1,1200,8.88282e-05,20.0041,20
1,1897,p1,1468,6.06881e-05,10.0148,10
1,1898,p1,1304,6.08487e-05,10.0438,10
1,3053,p1,1060,9.17313e-05,20.0204,20
1,3054,p1,967,9.05915e-05,20.0243,20
1,1899,p1,1373,6.01868e-05,10.0414,10
1,3055,p1,1283,9.13769e-05,19.9318,20
1,3056,p1,1140,8.82175e-05,19.9963,20
1,1900,p1,1363,5.80594e-05,10.0496,10
1,1901,p1,1248,5.71336e-05,10.0397,10
1,3057,p1,1175,8.93028e-05,20.03,20
1,1902,p1,1361,5.63681e-05,10.0262,10
1,1903,p1,1364,5.64416e-05,10.0262,10
1,3058,p1,1180,8.95893e-05,19.9689,20
1,1904,p1,1166,5.68845e-05,10.0318,10
1,3059,p1,1119,8.9698e-05,19.9795,20
1,1905,p1,1395,5.91183e-05,10.0521,10
1,3060,p1,1110,8.77622e-05,19.9867,20
1,3061,p1,1109,8.80722e-05,19.8592,20
1,1906,p1,1282,5.81787e-05,10.0159,10
1,3062,p1,1106,8.79477e-05,20.0426,20
1,1907,p1,1448,5.8161e-05,10.0053,10
1,3063,p1,1237,8.77924e-05,19.9035,20
1,1908,p1,1351,6.00647e-05,10.0255,10
1,3064,p1,1014,8.77083e-05,19.9989,20
1,1909,p1,1320,5.96679e-05,10.0184,10
1,1910,p1,1170,6.03156e-05,10.0219,10
1,3065,p1,1090,8.9288e-05,19.8882,20
1,1911,p1,1395,6.03163e-05,10.0587,10
1,3066,p1,1117,8.70482e-05,20.0608,20
1,3067,p1,1184,8.61513e-05,20.0751,20
1,1912,p1,1353,6.00781e-05,10.0218,10
1,3068,p1,1160,8.7301e-05,19.9235,20
1,1913,p1,1284,5.88719e-05,10.023,10
1,1914,p1,1251,5.92386e-05,10.0237,10
1,3069,p1,1158,8.70603e-05,19.9629,20
1,1915,p1,1299,5.98086e-05,10.0272,10
1,3070,p1,1103,8.5328e-05,19.9743,20
1,3071,p1,1193,8.40399e-05,20.0487,20
1,1916,p1,1319,5.87007e-05,10.0215,10
1,1917,p1,1328,5.91101e-05,10.0248,10
1,3072,p1,1178,8.50065e-05,19.9999,20
1,1918,p1,1300,6.0926e-05,10.0614,10
1,1919,p1,1322,6.00261e-05,10.054,10
1,3073,p1,1112,8.61674e-05,20.0048,20
1,3074,p1,1062,8.48982e-05,19.9565,20
1,1920,p1,1245,5.90211e-05,10.0677,10
1,3075,p1,1150,8.56841e-05,19.9232,20
1,1921,p1,1431,6.02269e-05,10.0273,10
1,1922,p1,1143,5.80781e-05,10.0373,10
1,3076,p1,1103,8.4069e-05,19.9985,20
1,1923,p1,1347,5.91693e-05,10.0449,10
1,3077,p1,1026,8.57529e-05,19.9598,20
1,3078,p1,929,8.29493e-05,19.9409,20
1,1924,p1,1319,5.91976e-05,10.0537,10
1,3079,p1,1199,8.21122e-05,20.0898,20
1,1925,p1,1343,5.72966e-05,10.0386,10
1,1926,p1,1328,5.69204e-05,10.0429,10
1,3080,p1,1150,8.26228e-05,20.0151,20
1,1927,p1,1287,5.73188e-05,10.0201,10
1,3081,p1,1116,8.30695e-05,19.9839,20
1,1928,p1,1266,5.86953e-05,10.0283,10
1,3082,p1,994,8.23059e-05,20.0052,20
1,3083,p1,1108,8.20179e-05,20.1342,20
1,1929,p1,1389,5.73609e-05,10.0412,10
1,1930,p1,1294,5.90734e-05,10.0575,10
1,3084,p1,1102,8.1794e-05,20.0861,20
1,1931,p1,1240,5.82176e-05,10.0543,10
1,1932,p1,1366,5.83093e-05,10.0529,10
1,3085,p1,1012,8.33427e-05,19.8871,20
1,1933,p1,1322,5.75395e-05,10.048,10
1,1934,p1,1269,5.74449e-05,10.0691,10
1,1935,p1,1411,5.84173e-05,10.0777,10
1,3086,p1,1277,8.15136e-05,20.0091,20
1,1936,p1,1446,5.84544e-05,10.0337,10
1,1937,p1,1214,5.85972e-05,10.0406,10
1,1938,p1,1261,5.71089e-05,10.0511,10
1,3087,p1,1077,8.03889e-05,20.0681,20
1,1939,p1,1351,5.80583e-05,10.0597,10
1,3088,p1,1066,8.23553e-05,20.0056,20
1,1940,p1,1274,5.8771e-05,10.0563,10
1,1941,p1,1225,5.93412e-05,10.0492,10
1,1942,p1,1309,5.88324e-05,10.0545,10
1,1943,p1,1315,6.02466e-05,10.0378,10
1,3089,p1,1087,8.17162e-05,20.0485,20
1,1944,p1,1356,5.9103e-05,10.0365,10
1,1945,p1,1284,5.83047e-05,10.0128,10
1,3090,p1,1192,8.05539e-05,20.0407,20
1,1946,p1,1367,5.8923e-05,10.0209,10
1,1947,p1,1439,5.72358e-05,10.0419,10
1,3091,p1,1127,8.10777e-05,20.1417,20
1,1948,p1,1256,5.69787e-05,10.0339,10
1,1949,p1,1288,5.79444e-05,10.0265,10
1,1950,p1,1291,5.81441e-05,10.0416,10
1,1951,p1,1302,5.89886e-05,10.0382,10
1,3092,p1,1083,8.25874e-05,19.9142,20
1,1952,p1,1370,5.84344e-05,10.0414,10
1,1953,p1,1339,5.88347e-05,10.018,10
1,1954,p1,1234,5.86741e-05,10.0121,10
1,1955,p1,1272,5.94742e-05,9.99247,10
1,1956,p1,1419,5.73051e-05,10.0225,10
1,1957,p1,1206,5.9201e-05,10.005,10
1,1958,p1,1276,6.04615e-05,10.0217,10
1,1959,p1,1432,5.90115e-05,10.0101,10
1,1960,p1,1362,5.94256e-05,9.99214,10
1,1961,p1,1293,5.96985e-05,10.0045,10
1,3093,p1,1211,8.14927e-05,19.9237,20
1,1962,p1,1330,6.11005e-05,10.0033,10
1,3094,p1,1138,8.11224e-05,20.1451,20
1,1963,p1,1385,6.10319e-05,9.99391,10
1,1964,p1,1343,6.01306e-05,9.99715,10
1,1965,p1,1482,6.06055e-05,9.99439,10
1,1966,p1,1089,5.89543e-05,9.99585,10
1,1967,p1,1342,5.91111e-05,10.021,10
1,1968,p1,1508,6.04023e-05,10.0046,10
1,1969,p1,1299,6.1852e-05,9.98449,10
1,1970,p1,1103,6.30511e-05,9.98773,10
1,1971,p1,1349,6.09096e-05,10.0069,10
1,1972,p1,1439,6.30612e-05,10.01,10
1,1973,p1,1258,6.12733e-05,9.99802,10
1,1974,p1,1266,6.1615e-05,10.0087,10
1,3095,p1,1169,8.32153e-05,19.92,20
1,1975,p1,1273,6.1293e-05,10.0038,10
1,1976,p1,1292,6.2869e-05,10.0161,10
1,1977,p1,1235,6.2238e-05,10.0318,10
1,1978,p1,1343,6.18659e-05,10.0299,10
1,1979,p1,1292,6.1638e-05,10.0193,10
1,1980,p1,1293,5.98797e-05,10.0061,10
1,1981,p1,1401,5.99522e-05,10.0211,10
1,1982,p1,1323,6.0803e-05,10.0248,10
1,3096,p1,1192,8.25043e-05,20.0831,20
1,1983,p1,1266,6.08741e-05,10.0119,10
1,1984,p1,1329,6.10882e-05,9.99896,10
1,1985,p1,1326,6.11963e-05,10.0192,10
1,1986,p1,1279,6.25123e-05,9.99349,10
1,1987,p1,1411,6.27859e-05,9.99371,10
1,3097,p1,1055,8.3139e-05,20.0476,20
1,1988,p1,1291,6.29824e-05,9.98935,10
1,1989,p1,1238,6.17771e-05,9.99977,10
1,3098,p1,1217,8.51318e-05,19.9684,20
1,3099,p1,1009,8.02763e-05,19.933,20
1,1990,p1,1373,6.22489e-05,9.99236,10
1,1991,p1,1351,6.3295e-05,9.97965,10
1,1992,p1,1283,6.21993e-05,9.99197,10
1,3100,p1,1125,8.08994e-05,20.0336,20
1,3101,p1,1212,8.27563e-05,19.9201,20
1,1993,p1,1260,6.3934e-05,9.99069,10
1,3102,p1,1082,8.29302e-05,19.9641,20
1,1994,p1,1266,6.45229e-05,9.97735,10
1,3103,p1,1044,8.12132e-05,20.0015,20
1,1995,p1,1278,6.36756e-05,9.99277,10
1,3104,p1,1084,7.93074e-05,19.982,20
1,3105,p1,1088,8.10106e-05,19.9634,20
1,1996,p1,1266,6.35968e-05,10.001,10
1,1997,p1,1260,6.37094e-05,10.0143,10
1,3106,p1,1145,8.09495e-05,19.9598,20
1,1998,p1,1355,6.33355e-05,10.0158,10
1,3107,p1,1221,8.23653e-05,19.938,20
1,3108,p1,1097,8.21057e-05,19.953,20
1,3109,p1,1212,8.01357e-05,20.0383,20
1,1999,p1,1412,6.27124e-05,10.0179,10
1,3110,p1,1099,8.13073e-05,20.0224,20
1,2000,p1,1313,6.11833e-05,10.0149,10
1,3111,p1,1044,8.42112e-05,19.9274,20
1,3112,p1,1159,8.46604e-05,19.9195,20
1,2001,p1,1395,6.315e-05,9.99283,10
1,3113,p1,1051,8.37908e-05,20.0009,20
1,3114,p1,1042,8.13907e-05,20.1012,20
1,2002,p1,1399,6.12305e-05,9.97839,10
1,3115,p1,1085,8.11163e-05,20.0136,20
1,3116,p1,1153,8.17463e-05,19.9123,20
1,3117,p1,1044,8.06558e-05,20.0086,20
1,2003,p1,1296,6.25298e-05,9.98943,10
1,3118,p1,1136,8.27474e-05,19.9367,20
1,2004,p1,1377,6.20204e-05,9.96287,10
1,3119,p1,1208,8.18087e-05,20.0521,20
1,2005,p1,1456,6.1609e-05,9.98463,10
1,3120,p1,1232,8.15456e-05,19.9508,20
1,3121,p1,1052,8.30158e-05,20.029,20
1,2006,p1,1259,6.12468e-05,9.97595,10
1,2007,p1,1314,6.00695e-05,9.99467,10
1,3122,p1,1127,8.22862e-05,20.0956,20
1,3123,p1,1215,8.4375e-05,19.9723,20
1,2008,p1,1492,6.20937e-05,10.0026,10
1,3124,p1,1149,8.48199e-05,19.8681,20
1,2009,p1,1391,6.17086e-05,9.99557,10
1,3125,p1,1055,8.29218e-05,20.0514,20
1,3126,p1,1060,8.4971e-05,19.912,20
1,2010,p1,1216,6.1076e-05,9.99505,10
1,3127,p1,1152,8.42337e-05,20.0204,20
1,3128,p1,1146,8.56663e-05,19.9587,20
1,3129,p1,986,8.46411e-05,19.9537,20
1,2011,p1,1315,6.04827e-05,9.9946,10
1,3130,p1,1125,8.5597e-05,20.0361,20
1,3131,p1,1044,8.50905e-05,20.0408,20
1,2012,p1,1330,6.19895e-05,9.99253,10
1,3132,p1,1195,8.38489e-05,20.1817,20
1,2013,p1,1306,6.12545e-05,10.022,10
1,2014,p1,1278,6.09695e-05,10.0162,10
1,3133,p1,1038,8.7114e-05,20.0092,20
1,3134,p1,1229,8.76241e-05,19.963,20
1,2015,p1,1263,6.35995e-05,10.0087,10
1,3135,p1,1095,8.79527e-05,19.9696,20
1,3136,p1,999,8.79192e-05,19.9371,20
1,2016,p1,1399,6.24222e-05,10.0119,10
1,3137,p1,1132,8.62645e-05,20.0319,20
1,3138,p1,1310,8.75889e-05,19.904,20
1,2017,p1,1262,6.30571e-05,10.0244,10
1,2018,p1,1277,6.32744e-05,10.0126,10
1,3139,p1,1031,8.69567e-05,20.0416,20
1,3140,p1,1053,8.7205e-05,20.0424,20
1,2019,p1,1269,6.31388e-05,9.99331,10
1,2020,p1,1410,6.41127e-05,10.0017,10
1,3141,p1,1143,8.57872e-05,20.0332,20
1,3142,p1,1087,8.48969e-05,20.0948,20
1,2021,p1,1397,6.45089e-05,10.0066,10
1,3143,p1,1187,8.63049e-05,20.0233,20
1,2022,p1,1336,6.39187e-05,10.0152,10
1,3144,p1,1115,8.63388e-05,20.0365,20
1,2023,p1,1277,6.35921e-05,10.0281,10
1,3145,p1,1129,8.70847e-05,19.9843,20
1,3146,p1,1091,8.66262e-05,20.0788,20
1,2024,p1,1376,6.31218e-05,10.0187,10
1,3147,p1,1120,8.87222e-05,19.9944,20
1,3148,p1,1073,8.90499e-05,19.9657,20
1,2025,p1,1254,6.4599e-05,10.0384,10
1,2026,p1,1358,6.46485e-05,10.0096,10
1,3149,p1,1077,8.60538e-05,20.0822,20
1,3150,p1,1263,8.64146e-05,20.1254,20
1,2027,p1,1257,6.3567e-05,10.0472,10
1,3151,p1,1076,8.80958e-05,19.9535,20
1,2028,p1,1406,6.35213e-05,10.0337,10
1,3152,p1,1063,8.60008e-05,19.9998,20
1,2029,p1,1213,6.28833e-05,10.0315,10
1,2030,p1,1387,6.39999e-05,10.0452,10
1,3153,p1,1074,8.7882e-05,20.0336,20
1,3154,p1,1079,8.8564e-05,20.0512,20
1,3155,p1,1281,8.85554e-05,19.9719,20
1,2031,p1,1314,6.40961e-05,10.0281,10
1,3156,p1,1010,8.98651e-05,19.9935,20
1,3157,p1,1092,9.10525e-05,19.886,20
1,3158,p1,1107,8.888e-05,20.0199,20
1,2032,p1,1342,6.37441e-05,10.0389,10
1,2033,p1,1257,6.49428e-05,10.0354,10
1,3159,p1,1006,8.88639e-05,19.9719,20
1,3160,p1,1099,8.89505e-05,19.9921,20
1,2034,p1,1350,6.43524e-05,10.0593,10
1,3161,p1,1065,8.94067e-05,20.0065,20
1,3162,p1,1111,9.09678e-05,20.0173,20
1,2035,p1,1257,6.44239e-05,10.04,10
1,2036,p1,1343,6.47585e-05,10.0394,10
1,2037,p1,1205,6.51387e-05,10.0343,10
1,3163,p1,1114,8.97744e-05,20.0033,20
1,3164,p1,1071,8.9107e-05,20.0017,20
1,2038,p1,1169,6.53078e-05,10.0612,10
1,2039,p1,1423,6.51733e-05,10.0335,10
1,3165,p1,1093,9.10172e-05,19.9209,20
1,3166,p1,1180,8.98645e-05,20.0245,20
1,2040,p1,1333,6.41025e-05,10.0421,10
1,2041,p1,1168,6.58744e-05,10.0577,10
1,3167,p1,1162,8.8718e-05,20.152,20
1,3168,p1,1183,9.02305e-05,20.0689,20
1,2042,p1,1362,6.49126e-05,10.0428,10
1,2043,p1,1459,6.40369e-05,10.0146,10
1,2044,p1,1196,6.56916e-05,10.0511,10
1,3169,p1,1010,8.87772e-05,20.0112,20
1,3170,p1,1104,8.99522e-05,19.9986,20
1,3171,p1,1262,8.98267e-05,20.0095,20
1,2045,p1,1240,6.62009e-05,10.0326,10
1,3172,p1,1143,9.0208e-05,19.9621,20
1,2046,p1,1435,6.64806e-05,10.0224,10
1,2047,p1,1326,6.55542e-05,10.0145,10
1,3173,p1,1190,9.14624e-05,19.8837,20
1,3174,p1,1055,9.0752e-05,19.9731,20
1,3175,p1,1170,9.05738e-05,20.017,20
1,2048,p1,1326,6.67236e-05,10.0318,10
1,2049,p1,1284,6.6454e-05,10.0263,10
1,3176,p1,1116,8.99702e-05,20.0052,20
1,3177,p1,1110,8.96279e-05,20.0518,20
1,2050,p1,1354,6.74123e-05,10.0293,10
1,3178,p1,1099,9.09838e-05,19.9321,20
1,3179,p1,1075,9.0943e-05,20.0314,20
1,3180,p1,1188,9.04044e-05,19.9805,20
1,3181,p1,1012,8.99253e-05,19.9751,20
1,2051,p1,1427,6.64997e-05,10.0323,10
1,3182,p1,1154,8.99919e-05,20.0142,20
1,3183,p1,1069,8.99265e-05,20.0336,20
1,3184,p1,1106,9.04576e-05,19.9066,20
1,3185,p1,1082,8.88095e-05,19.9779,20
1,3186,p1,1264,8.97441e-05,19.8704,20
1,2052,p1,1297,6.67559e-05,10.0147,10
1,2053,p1,1283,6.73515e-05,10.0018,10
1,2054,p1,1346,6.76717e-05,10.0276,10
1,3187,p1,1093,8.83706e-05,20.0346,20
1,3188,p1,1016,8.85508e-05,19.9767,20
1,3189,p1,1130,8.77262e-05,20.0304,20
1,3190,p1,1154,8.71838e-05,20.0721,20
1,2055,p1,1340,6.59244e-05,10.0231,10
1,3191,p1,1097,8.71784e-05,20.0298,20
1,2056,p1,1332,6.61625e-05,10.0117,10
1,2057,p1,1281,6.59237e-05,10.01,10
1,3192,p1,1042,8.6561e-05,20.0295,20
1,2058,p1,1494,6.65298e-05,10.0276,10
1,3193,p1,1040,8.51931e-05,20.0346,20
1,3194,p1,1222,8.57906e-05,20.0087,20
1,2059,p1,1376,6.6072e-05,10.001,10
1,3195,p1,1109,8.6577e-05,20.0086,20
1,2060,p1,1269,6.63622e-05,10.0053,10
1,3196,p1,1091,8.55523e-05,19.9451,20
1,2061,p1,1209,6.58784e-05,10.016,10
1,3197,p1,1193,8.37217e-05,19.943,20
1,3198,p1,1075,8.42318e-05,19.9511,20
1,2062,p1,1373,6.7015e-05,10.0445,10
1,3199,p1,1131,8.52214e-05,19.9745,20
1,2063,p1,1321,6.71263e-05,10.0136,10
1,3200,p1,1233,8.47213e-05,20.049,20
1,2064,p1,1343,6.67358e-05,9.98645,10
1,2065,p1,1373,6.70304e-05,10.0034,10
1,3201,p1,1030,8.47309e-05,19.9636,20
1,2066,p1,1346,6.70419e-05,9.98938,10
1,3202,p1,1273,8.38145e-05,20.0784,20
1,2067,p1,1306,6.64194e-05,9.97858,10
1,3203,p1,1052,8.5054e-05,20.0325,20
1,3204,p1,1054,8.66885e-05,19.9505,20
1,2068,p1,1353,6.66588e-05,10.0096,10
1,3205,p1,1090,8.48986e-05,19.9292,20
1,2069,p1,1270,6.57807e-05,10.0046,10
1,2070,p1,1309,6.60636e-05,10.0441,10
1,3206,p1,1189,8.58681e-05,19.896,20
1,2071,p1,1359,6.59396e-05,10.0501,10
1,3207,p1,1064,8.54308e-05,19.9705,20
1,3208,p1,1100,8.55238e-05,19.9452,20
1,2072,p1,1268,6.57542e-05,10.0155,10
1,2073,p1,1291,6.58697e-05,9.99424,10
1,3209,p1,1069,8.6909e-05,19.9878,20
1,3210,p1,1092,8.5541e-05,20.0292,20
1,2074,p1,1394,6.53322e-05,10.0129,10
1,3211,p1,1187,8.5157e-05,20.0241,20
1,2075,p1,1395,6.32137e-05,10.0199,10
1,2076,p1,1158,6.40778e-05,10.0588,10
1,3212,p1,1206,8.53922e-05,19.9581,20
1,3213,p1,1098,8.44447e-05,20.0567,20
1,2077,p1,1438,6.299e-05,10.0485,10
1,2078,p1,1545,6.24555e-05,10.0148,10
1,3214,p1,1106,8.51837e-05,19.9517,20
1,2079,p1,1288,6.32353e-05,10.0098,10
1,2080,p1,1291,6.21668e-05,10.0355,10
1,3215,p1,1221,8.62225e-05,19.9203,20
1,2081,p1,1343,6.28095e-05,10.0396,10
1,2082,p1,1323,6.24378e-05,10.0322,10
1,3216,p1,1103,8.46376e-05,19.9392,20
1,3217,p1,1237,8.347e-05,20.005,20
1,2083,p1,1282,6.23073e-05,10.0407,10
1,3218,p1,1051,8.36977e-05,19.8931,20
1,2084,p1,1402,6.39166e-05,10.0477,10
1,3219,p1,1007,8.45568e-05,19.9112,20
1,2085,p1,1319,6.39704e-05,10.0201,10
1,2086,p1,1326,6.23328e-05,10.014,10
1,2087,p1,1351,6.22386e-05,9.98309,10
1,3220,p1,1145,8.51195e-05,19.9988,20
1,3221,p1,1210,8.44627e-05,20.0716,20
1,2088,p1,1329,6.3752e-05,10.0232,10
1,2089,p1,1427,6.30229e-05,10.0184,10
1,2090,p1,1244,6.32737e-05,10.0298,10
1,2091,p1,1271,6.1556e-05,10.0302,10
1,3222,p1,1159,8.51849e-05,20.0009,20
1,3223,p1,1051,8.55657e-05,19.9857,20
1,2092,p1,1432,6.17626e-05,10.033,10
1,2093,p1,1243,6.04228e-05,10.0239,10
1,2094,p1,1203,5.86825e-05,10.0348,10
1,2095,p1,1249,5.94189e-05,10.0344,10
1,3224,p1,1141,8.47793e-05,19.945,20
1,2096,p1,1433,6.09815e-05,10.0465,10
1,2097,p1,1241,5.80651e-05,10.0477,10
1,2098,p1,1359,6.00718e-05,10.0404,10
1,3225,p1,1136,8.31236e-05,20.0783,20
1,2099,p1,1393,5.97673e-05,10.0329,10
1,2100,p1,1196,5.84852e-05,10.0439,10
1,2101,p1,1287,5.77385e-05,10.0404,10
1,2102,p1,1346,5.66045e-05,10.0493,10
1,3226,p1,1070,8.36386e-05,19.9802,20
1,2103,p1,1329,5.58667e-05,10.0281,10
1,2104,p1,1310,5.38558e-05,10.0343,10
1,3227,p1,1066,8.30407e-05,20.0528,20
1,2105,p1,1317,5.44904e-05,10.0477,10
1,2106,p1,1261,5.43609e-05,10.0369,10
1,2107,p1,1429,5.42606e-05,10.0315,10
1,2108,p1,1299,5.29154e-05,10.0198,10
1,2109,p1,1369,5.21465e-05,10.0593,10
1,2110,p1,1346,5.24058e-05,10.0572,10
1,2111,p1,1232,5.17473e-05,10.0687,10
1,3228,p1,1116,8.27044e-05,20.0241,20
1,2112,p1,1374,5.26974e-05,10.0672,10
1,3229,p1,1181,8.31384e-05,20.0451,20
1,2113,p1,1296,5.10336e-05,10.0523,10
1,2114,p1,1341,4.98365e-05,10.0773,10
1,2115,p1,1341,4.81132e-05,10.0529,10
1,2116,p1,1450,4.74878e-05,10.0646,10
1,3230,p1,1042,8.34048e-05,19.9838,20
1,3231,p1,1129,8.43139e-05,20.0366,20
1,2117,p1,1393,4.61114e-05,10.0636,10
1,2118,p1,1172,4.57096e-05,10.064,10
1,2119,p1,1298,4.97809e-05,10.052,10
1,2120,p1,1421,4.78509e-05,10.0939,10
1,2121,p1,1311,4.59281e-05,10.0578,10
1,2122,p1,1403,4.6129e-05,10.0576,10
1,2123,p1,1207,4.70129e-05,10.0717,10
1,2124,p1,1390,4.65342e-05,10.0658,10
1,2125,p1,1290,4.64139e-05,10.091,10
1,2126,p1,1286,4.86381e-05,10.095,10
1,2127,p1,1242,4.78106e-05,10.0832,10
1,2128,p1,1265,4.64679e-05,10.0801,10
1,3232,p1,1126,8.47878e-05,19.9436,20
1,2129,p1,1364,4.9058e-05,10.0725,10
1,2130,p1,1269,5.00392e-05,10.068,10
1,3233,p1,1211,8.32323e-05,20.0956,20
1,2131,p1,1314,5.07713e-05,10.037,10
1,2132,p1,1347,5.22543e-05,10.0316,10
1,2133,p1,1192,5.07569e-05,10.054,10
1,2134,p1,1294,5.22181e-05,10.0442,10
1,2135,p1,1267,5.33076e-05,10.0207,10
1,2136,p1,1494,5.42921e-05,10.0248,10
1,3234,p1,1077,8.45771e-05,20.043,20
1,3235,p1,1145,8.31024e-05,20.0738,20
1,2137,p1,1312,5.32523e-05,10.0198,10
1,2138,p1,1155,5.01078e-05,10.0029,10
1,2139,p1,1390,5.2436e-05,10.0303,10
1,2140,p1,1489,5.10651e-05,10.0249,10
1,2141,p1,1257,5.19617e-05,10.0205,10
1,2142,p1,1275,5.2795e-05,10.0115,10
1,2143,p1,1397,5.43321e-05,10.0215,10
1,2144,p1,1274,5.11094e-05,10.0407,10
1,2145,p1,1412,5.08901e-05,10.0141,10
1,3236,p1,1053,8.36277e-05,20.041,20
1,2146,p1,1221,4.97683e-05,10.021,10
1,2147,p1,1285,4.97198e-05,10.0068,10
1,2148,p1,1470,4.87731e-05,10.0331,10
1,2149,p1,1279,4.89091e-05,10.0235,10
1,3237,p1,1065,8.17573e-05,20.0685,20
1,3238,p1,1083,8.3054e-05,20.0827,20
1,2150,p1,1410,5.03445e-05,10.0185,10
1,2151,p1,1422,4.90822e-05,10.0131,10
1,2152,p1,1211,4.97724e-05,10.0332,10
1,2153,p1,1314,5.14376e-05,10.0202,10
1,2154,p1,1440,5.0799e-05,10.041,10
1,3239,p1,1118,8.31479e-05,20.058,20
1,2155,p1,1208,4.92606e-05,10.0702,10
1,2156,p1,1331,5.04309e-05,10.0287,10
1,2157,p1,1350,5.33462e-05,10.0146,10
1,2158,p1,1386,5.25962e-05,10.0068,10
1,2159,p1,1339,5.16662e-05,10.0123,10
1,2160,p1,1276,4.79942e-05,10.0145,10
1,2161,p1,1269,5.14156e-05,10.0044,10
1,2162,p1,1430,5.34045e-05,10.0132,10
1,2163,p1,1422,5.28498e-05,10.0061,10
1,3240,p1,1020,8.35623e-05,19.9788,20
1,2164,p1,1215,5.24428e-05,10.0341,10
1,2165,p1,1386,5.11709e-05,10.0131,10
1,3241,p1,1192,8.39088e-05,19.8979,20
1,3242,p1,1096,8.34686e-05,19.9571,20
1,2166,p1,1404,5.23531e-05,10.0308,10
1,2167,p1,1329,5.31248e-05,10.0156,10
1,2168,p1,1367,5.08367e-05,10.0104,10
1,3243,p1,1068,8.28585e-05,19.9877,20
1,2169,p1,1192,5.17805e-05,10.0331,10
1,2170,p1,1419,5.16433e-05,10.0225,10
1,3244,p1,1050,8.30923e-05,20.0762,20
1,2171,p1,1402,5.24495e-05,10.0278,10
1,3245,p1,1092,8.27718e-05,20.024,20
1,3246,p1,1143,8.20803e-05,20.2139,20
1,3247,p1,1078,8.22734e-05,20.0858,20
1,2172,p1,1303,5.08992e-05,10.0236,10
1,3248,p1,1128,8.06344e-05,20.0749,20
1,2173,p1,1256,5.27407e-05,10.0196,10
1,3249,p1,1053,8.09676e-05,20.0891,20
1,2174,p1,1329,5.4823e-05,10.0311,10
1,3250,p1,1100,8.23046e-05,20.0807,20
1,2175,p1,1513,5.53715e-05,9.98593,10
1,2176,p1,1187,5.32207e-05,9.96651,10
1,3251,p1,1201,8.21376e-05,19.9968,20
1,3252,p1,986,8.10238e-05,20.1753,20
1,2177,p1,1314,5.28559e-05,9.9968,10
1,3253,p1,1174,8.09286e-05,20.0872,20
1,3254,p1,1120,8.10888e-05,19.9818,20
1,3255,p1,1057,8.16337e-05,20.0266,20
1,3256,p1,1151,8.11553e-05,20.0847,20
1,2178,p1,1395,5.58792e-05,10.0006,10
1,3257,p1,1037,8.05653e-05,20.1011,20
1,3258,p1,1118,8.18477e-05,20.0373,20
1,3259,p1,1221,8.27187e-05,20.0652,20
1,2179,p1,1322,5.54746e-05,10.0096,10
1,3260,p1,1037,8.13495e-05,20.053,20
1,3261,p1,1043,8.17762e-05,20.0395,20
1,3262,p1,1233,8.1913e-05,20.164,20
1,3263,p1,1227,8.22716e-05,19.9721,20
1,2180,p1,1200,5.40839e-05,10.003,10
1,3264,p1,1119,8.01415e-05,20.1343,20
1,3265,p1,1105,8.05277e-05,19.9824,20
1,2181,p1,1382,5.36293e-05,10.0006,10
1,3266,p1,1072,8.05066e-05,20.0401,20
1,2182,p1,1410,5.31848e-05,10.0104,10
1,3267,p1,1085,8.04773e-05,20.1221,20
1,2183,p1,1364,5.37585e-05,10.0153,10
1,3268,p1,1113,8.13739e-05,19.9109,20
1,3269,p1,1092,8.17439e-05,20.0337,20
1,3270,p1,1087,8.025e-05,20.1103,20
1,2184,p1,1241,5.26124e-05,10.0206,10
1,3271,p1,1173,8.08358e-05,20.0404,20
1,3272,p1,1062,8.16176e-05,20.1349,20
1,2185,p1,1441,5.42726e-05,10.0205,10
1,2186,p1,1403,5.72557e-05,10.0023,10
1,3273,p1,1025,7.97448e-05,20.059,20
1,2187,p1,1252,5.55024e-05,10.0171,10
1,3274,p1,1164,8.03277e-05,20.0859,20
1,3275,p1,1135,8.00784e-05,20.0141,20
1,2188,p1,1354,5.50763e-05,10.0133,10
1,2189,p1,1272,5.53704e-05,10.0123,10
1,3276,p1,1190,8.05731e-05,20.0206,20
1,3277,p1,1100,7.88983e-05,20.0924,20
1,2190,p1,1349,5.61879e-05,10.0263,10
1,2191,p1,1333,5.43032e-05,9.99535,10
1,3278,p1,1129,7.90753e-05,20.0096,20
1,3279,p1,1147,7.74543e-05,20.0034,20
1,2192,p1,1434,5.23156e-05,10.0043,10
1,3280,p1,1124,7.67207e-05,19.9839,20
1,3281,p1,990,7.90613e-05,19.9924,20
1,2193,p1,1199,5.21455e-05,10.0098,10
1,3282,p1,1109,7.78982e-05,19.9912,20
1,3283,p1,1284,7.74868e-05,20.0008,20
1,3284,p1,1013,7.85058e-05,20.0535,20
1,2194,p1,1310,5.43209e-05,10.0039,10
1,2195,p1,1404,4.97985e-05,10.0054,10
1,3285,p1,1160,7.89964e-05,20.03,20
1,2196,p1,1111,5.21638e-05,10.0098,10
1,3286,p1,1033,7.62482e-05,20.0625,20
1,3287,p1,1109,7.7527e-05,20.1455,20
1,2197,p1,1455,5.06788e-05,10.0004,10
1,3288,p1,1135,7.84225e-05,20.0175,20
1,2198,p1,1203,5.17756e-05,10.0097,10
1,3289,p1,1280,7.76531e-05,20.0642,20
1,2199,p1,1302,5.12703e-05,10.0068,10
1,3290,p1,1039,7.97367e-05,20.0129,20
1,2200,p1,1364,5.18612e-05,10.0135,10
1,2201,p1,1205,5.0935e-05,10.0237,10
1,3291,p1,1028,8.05805e-05,20.0404,20
1,2202,p1,1270,5.22989e-05,10.0329,10
1,3292,p1,1226,7.99889e-05,20.0802,20
1,2203,p1,1400,5.38089e-05,10.0067,10
1,3293,p1,1088,7.7757e-05,20.1796,20
1,3294,p1,1073,7.95395e-05,20.1693,20
1,3295,p1,1156,8.03995e-05,20.0702,20
1,2204,p1,1481,5.04462e-05,10.0112,10
1,2205,p1,1237,5.10008e-05,10.0122,10
1,3296,p1,1058,7.79667e-05,20.1022,20
1,2206,p1,1346,5.21578e-05,10.0081,10
1,3297,p1,1136,7.74511e-05,20.0875,20
1,3298,p1,1055,7.69922e-05,20.1362,20
1,2207,p1,1315,5.35436e-05,9.99875,10
1,2208,p1,1242,5.4298e-05,10.0255,10
1,3299,p1,1059,7.92642e-05,20.0032,20
1,3300,p1,1078,7.75768e-05,20.0165,20
1,2209,p1,1433,5.45953e-05,10.0104,10
1,3301,p1,1026,7.76397e-05,19.9633,20
1,3302,p1,1132,7.74921e-05,20.0482,20
1,2210,p1,1228,5.28219e-05,9.99454,10
1,3303,p1,1028,7.69016e-05,20.0213,20
1,2211,p1,1383,5.51347e-05,10.0372,10
1,3304,p1,1137,7.76482e-05,19.9906,20
1,2212,p1,1303,5.37417e-05,10.0296,10
1,2213,p1,1296,5.19611e-05,10.0187,10
1,3305,p1,1130,7.67873e-05,20.0311,20
1,2214,p1,1198,5.20456e-05,10.0495,10
1,3306,p1,1036,7.85773e-05,19.924,20
1,3307,p1,1157,7.60973e-05,20.028,20
1,3308,p1,1000,7.64798e-05,20.0495,20
1,2215,p1,1333,5.36734e-05,10.0566,10
1,2216,p1,1427,5.20183e-05,10.0372,10
1,3309,p1,1156,7.70783e-05,19.9657,20
1,3310,p1,1121,7.55973e-05,19.8586,20
1,2217,p1,1216,5.28595e-05,10.0351,10
1,2218,p1,1291,5.08923e-05,10.0258,10
1,3311,p1,1181,7.57608e-05,20.0294,20
1,3312,p1,1008,7.62067e-05,20.0961,20
1,3313,p1,998,7.55317e-05,20.0542,20
1,3314,p1,1175,7.3941e-05,19.9617,20
1,2219,p1,1288,5.33951e-05,10.0254,10
1,3315,p1,1149,7.43118e-05,20.0518,20
1,3316,p1,1153,7.50705e-05,19.9445,20
1,3317,p1,1093,7.50652e-05,20.0761,20
1,3318,p1,1157,7.44376e-05,20.064,20
1,2220,p1,1273,5.52883e-05,10.0295,10
1,3319,p1,1119,7.33422e-05,19.9619,20
1,3320,p1,1056,7.25395e-05,20.0444,20
1,3321,p1,1136,7.30677e-05,20.0257,20
1,3322,p1,1104,7.28794e-05,19.9427,20
1,3323,p1,963,7.20146e-05,20.0414,20
1,2221,p1,1236,5.54151e-05,10.0307,10
1,3324,p1,1113,7.21445e-05,19.9884,20
1,3325,p1,1190,7.27765e-05,20.0362,20
1,3326,p1,999,7.19199e-05,19.988,20
1,3327,p1,1197,7.2336e-05,20.0298,20
1,3328,p1,1046,7.40307e-05,20.0343,20
1,2222,p1,1339,5.64208e-05,10.0221,10
1,3329,p1,1075,7.50412e-05,20.0137,20
1,3330,p1,1271,7.39513e-05,20.0569,20
1,3331,p1,1048,7.55252e-05,20.0436,20
1,3332,p1,1063,7.50941e-05,19.9191,20
1,3333,p1,1020,7.54376e-05,20.0778,20
1,2223,p1,1293,5.80582e-05,10.0383,10
1,3334,p1,1086,7.55138e-05,19.9666,20
1,3335,p1,1023,7.45966e-05,20.044,20
1,3336,p1,1144,7.45298e-05,20.0113,20
1,3337,p1,1239,7.55372e-05,19.9938,20
1,3338,p1,1037,7.41752e-05,19.9918,20
1,3339,p1,1070,7.32667e-05,19.9567,20
1,2224,p1,1353,5.57243e-05,10.044,10
1,3340,p1,1169,7.41379e-05,20.1229,20
1,3341,p1,1119,7.55471e-05,20.034,20
1,3342,p1,1097,7.40914e-05,20.0817,20
1,3343,p1,1137,7.34573e-05,20.0045,20
1,3344,p1,1058,7.32439e-05,20.0156,20
1,3345,p1,1079,7.37478e-05,20.0889,20
1,3346,p1,1112,7.45755e-05,20.046,20
1,3347,p1,1176,7.44622e-05,19.934,20
1,2225,p1,1305,5.57888e-05,10.0459,10
1,3348,p1,1057,7.55422e-05,19.967,20
1,2226,p1,1350,5.63022e-05,10.0816,10
1,3349,p1,1145,7.63907e-05,20.08,20
1,2227,p1,1374,5.33822e-05,10.0402,10
1,2228,p1,1370,5.2341e-05,10.0324,10
1,3350,p1,1187,7.63666e-05,20.0253,20
1,3351,p1,1009,7.47517e-05,20.0668,20
1,3352,p1,1041,7.49426e-05,20.0125,20
1,3353,p1,1099,7.53869e-05,20.0616,20
1,2229,p1,1310,5.12329e-05,10.0301,10
1,2230,p1,1339,5.07349e-05,10.0398,10
1,3354,p1,1183,7.46303e-05,20.1148,20
1,3355,p1,1120,7.35587e-05,19.9945,20
1,2231,p1,1269,5.11112e-05,10.0211,10
1,3356,p1,1002,7.31942e-05,19.8861,20
1,2232,p1,1373,5.04338e-05,10.0283,10
1,3357,p1,1138,7.59359e-05,19.8668,20
1,3358,p1,1058,7.5358e-05,19.947,20
1,2233,p1,1399,5.30167e-05,10.0388,10
1,2234,p1,1220,5.27688e-05,10.0217,10
1,3359,p1,1167,7.52312e-05,19.9785,20
1,2235,p1,1187,5.44463e-05,10.009,10
1,2236,p1,1490,5.35659e-05,10.0116,10
1,3360,p1,1107,7.54205e-05,20.0261,20
1,3361,p1,1011,7.62386e-05,19.9099,20
1,2237,p1,1428,5.20208e-05,10.0181,10
1,2238,p1,1210,5.19822e-05,10.0285,10
1,3362,p1,1067,7.6538e-05,19.9813,20
1,3363,p1,1144,7.64335e-05,20.0379,20
1,2239,p1,1300,5.32782e-05,10.0291,10
1,2240,p1,1380,5.44467e-05,9.99827,10
1,3364,p1,1107,7.70618e-05,19.9656,20
1,3365,p1,1077,7.63236e-05,20.0427,20
1,3366,p1,1075,7.72155e-05,19.9732,20
1,3367,p1,1075,7.75362e-05,20.0373,20
1,2241,p1,1275,5.5749e-05,10.0175,10
1,2242,p1,1194,5.33936e-05,10.0183,10
1,3368,p1,1167,7.66563e-05,20.0932,20
1,3369,p1,1208,7.58394e-05,20.0167,20
1,3370,p1,1011,7.54422e-05,19.966,20
1,2243,p1,1270,5.24407e-05,10.0293,10
1,2244,p1,1359,5.24229e-05,10.0215,10
1,2245,p1,1275,5.29975e-05,10.0232,10
1,2246,p1,1315,5.64504e-05,9.99427,10
1,3371,p1,1217,7.72114e-05,20.0463,20
1,2247,p1,1241,5.6914e-05,10.0163,10
1,2248,p1,1377,5.72295e-05,10.0258,10
1,2249,p1,1363,5.57984e-05,10.0242,10
1,3372,p1,1091,7.66293e-05,20.0223,20
1,3373,p1,1019,7.72471e-05,20.0902,20
1,2250,p1,1098,6.11651e-05,9.9846,10
1,2251,p1,1397,5.87598e-05,10.0012,10
1,2252,p1,1242,5.95209e-05,10.0048,10
1,3374,p1,1070,7.56222e-05,20.0201,20
1,2253,p1,1413,5.95197e-05,9.99338,10
1,2254,p1,1257,5.99929e-05,9.99329,10
1,3375,p1,1149,7.55658e-05,19.9095,20
1,2255,p1,1371,5.93051e-05,10.0137,10
1,2256,p1,1563,6.05007e-05,9.99287,10
1,3376,p1,1048,7.58242e-05,20.0779,20
1,3377,p1,1157,7.48683e-05,19.9664,20
1,3378,p1,1026,7.47633e-05,19.9509,20
1,3379,p1,1113,7.66147e-05,20.0324,20
1,2257,p1,1228,6.17244e-05,9.9933,10
1,2258,p1,1199,5.93582e-05,9.98178,10
1,2259,p1,1331,5.8422e-05,9.96331,10
1,3380,p1,1210,7.53946e-05,19.9437,20
1,3381,p1,1159,7.46047e-05,20.0031,20
1,2260,p1,1404,5.83074e-05,9.96196,10
1,3382,p1,997,7.41412e-05,20.0337,20
1,3383,p1,1127,7.38396e-05,20.02,20
1,3384,p1,1074,7.54935e-05,20.1399,20
1,3385,p1,1103,7.50383e-05,19.9982,20
1,3386,p1,1138,7.4161e-05,20.1197,20
1,2261,p1,1336,5.89869e-05,9.96235,10
1,2262,p1,1176,5.91519e-05,9.97918,10
1,3387,p1,1128,7.54432e-05,20.0465,20
1,2263,p1,1334,5.78914e-05,9.97697,10
1,3388,p1,1216,7.46929e-05,19.9784,20
1,3389,p1,1036,7.41613e-05,20.073,20
1,3390,p1,1033,7.52504e-05,19.9623,20
1,2264,p1,1320,5.73999e-05,9.95601,10
1,2265,p1,1239,5.47982e-05,9.93532,10
1,3391,p1,1111,7.57733e-05,20.0366,20
1,2266,p1,1306,5.42175e-05,9.97387,10
1,3392,p1,1252,7.59246e-05,19.9037,20
1,3393,p1,1046,7.61889e-05,20.0445,20
1,2267,p1,1303,5.48091e-05,9.99427,10
1,3394,p1,1073,7.73822e-05,20.0314,20
1,2268,p1,1248,5.28822e-05,9.99588,10
1,2269,p1,1345,5.17659e-05,9.97975,10
1,3395,p1,1068,7.6308e-05,20.0296,20
1,3396,p1,1098,7.64958e-05,19.9041,20
1,3397,p1,1155,7.50912e-05,20.0564,20
1,2270,p1,1314,5.26411e-05,10.0083,10
1,3398,p1,1039,7.61166e-05,19.8891,20
1,3399,p1,1175,7.49855e-05,19.8875,20
1,2271,p1,1412,5.07668e-05,10.0117,10
1,2272,p1,1260,5.07937e-05,9.99863,10
1,3400,p1,1132,7.4637e-05,20.0902,20
1,3401,p1,1133,7.57698e-05,20.0081,20
1,3402,p1,1048,7.56634e-05,19.9703,20
1,3403,p1,960,7.62507e-05,19.9585,20
1,3404,p1,1085,7.61434e-05,19.9111,20
1,2273,p1,1343,4.99034e-05,9.98891,10
1,3405,p1,1156,7.55567e-05,20.1479,20
1,3406,p1,1038,7.46367e-05,19.9337,20
1,3407,p1,1082,7.58733e-05,20.0505,20
1,3408,p1,1228,7.65638e-05,20.0782,20
1,3409,p1,980,7.67119e-05,20.0591,20
1,2274,p1,1390,4.99632e-05,9.98837,10
1,3410,p1,1039,7.53603e-05,19.979,20
1,2275,p1,1241,5.10463e-05,9.9665,10
1,3411,p1,1207,7.51216e-05,20.0062,20
1,2276,p1,1230,4.94867e-05,9.98598,10
1,3412,p1,1048,7.52202e-05,20.0852,20
1,2277,p1,1359,5.28212e-05,9.96177,10
1,2278,p1,1344,5.15049e-05,9.96843,10
1,3413,p1,969,7.6111e-05,20.158,20
1,2279,p1,1351,5.0744e-05,9.95557,10
1,2280,p1,1167,5.03048e-05,9.97665,10
1,3414,p1,1214,7.54063e-05,20.0285,20
1,3415,p1,1133,7.52593e-05,20.1157,20
1,2281,p1,1442,5.17145e-05,9.97055,10
1,2282,p1,1378,5.47521e-05,9.95612,10
1,3416,p1,1215,7.49176e-05,19.931,20
1,3417,p1,1035,7.59042e-05,20.0874,20
1,2283,p1,1321,5.41141e-05,9.99957,10
1,2284,p1,1291,5.63701e-05,9.98931,10
1,2285,p1,1217,5.56361e-05,9.98368,10
1,2286,p1,1321,5.51116e-05,9.97161,10
1,3418,p1,1109,7.58856e-05,20.0703,20
1,2287,p1,1491,5.31907e-05,9.98957,10
1,2288,p1,1397,5.33141e-05,9.99395,10
1,2289,p1,1237,5.20594e-05,9.98405,10
1,3419,p1,1100,7.5844e-05,19.983,20
1,2290,p1,1352,5.36364e-05,10.0102,10
1,2291,p1,1301,5.24648e-05,10.0019,10
1,2292,p1,1303,5.09857e-05,9.99826,10
1,3420,p1,1156,7.59991e-05,19.9528,20
1,2293,p1,1444,5.18514e-05,10.0009,10
1,2294,p1,1185,4.91158e-05,9.98105,10
1,2295,p1,1325,5.19039e-05,9.99343,10
1,3421,p1,1127,7.73275e-05,20.0868,20
1,2296,p1,1374,5.32607e-05,9.99345,10
1,3422,p1,1066,7.65429e-05,20.0051,20
1,2297,p1,1216,5.1053e-05,10.0162,10
1,2298,p1,1221,5.17573e-05,10.0001,10
1,3423,p1,1133,7.70121e-05,20.0178,20
1,2299,p1,1401,5.17064e-05,9.98824,10
1,2300,p1,1332,5.07761e-05,10.0131,10
1,3424,p1,962,7.69478e-05,19.9289,20
1,2301,p1,1328,5.03251e-05,10.0088,10
1,2302,p1,1282,5.08795e-05,10.0086,10
1,2303,p1,1361,5.27434e-05,10.021,10
1,3425,p1,1181,7.84181e-05,20.0332,20
1,2304,p1,1291,4.99132e-05,10.0209,10
1,2305,p1,1253,4.921e-05,9.99149,10
1,3426,p1,1010,7.75174e-05,20.0534,20
1,3427,p1,1100,7.75739e-05,20.0282,20
1,2306,p1,1429,5.11055e-05,10.0128,10
1,2307,p1,1205,5.27466e-05,10.0299,10
1,3428,p1,1023,7.75965e-05,20.0969,20
1,2308,p1,1193,5.47946e-05,10.0043,10
1,3429,p1,1088,7.86799e-05,20.0247,20
1,3430,p1,1195,7.9899e-05,19.9895,20
1,2309,p1,1337,5.28601e-05,9.99758,10
1,3431,p1,1017,7.8032e-05,20.1049,20
1,2310,p1,1311,5.25153e-05,10.0214,10
1,3432,p1,1083,7.85503e-05,20.0213,20
1,2311,p1,1302,5.14054e-05,10.0287,10
1,2312,p1,1267,5.19115e-05,10.0124,10
1,3433,p1,1146,7.87271e-05,20.0071,20
1,3434,p1,1107,7.81398e-05,20.1426,20
1,3435,p1,1095,7.79345e-05,20.1131,20
1,2313,p1,1339,5.21856e-05,10.0269,10
1,3436,p1,1035,7.73984e-05,19.9808,20
1,3437,p1,1111,7.72951e-05,20.0872,20
1,2314,p1,1370,5.34214e-05,10.0197,10
1,3438,p1,1202,7.70515e-05,20.0121,20
1,3439,p1,1177,7.74453e-05,20.0486,20
1,2315,p1,1281,5.41333e-05,9.98724,10
1,2316,p1,1327,5.19069e-05,10.0004,10
1,3440,p1,1085,7.67404e-05,20.0414,20
1,3441,p1,1070,7.69656e-05,20.1745,20
1,2317,p1,1194,5.42175e-05,10.0221,10
1,3442,p1,1150,7.80792e-05,20.0796,20
1,2318,p1,1345,5.39061e-05,10.0247,10
1,3443,p1,1022,7.74147e-05,20.0893,20
1,3444,p1,1047,7.89858e-05,20.1606,20
1,3445,p1,1106,7.7393e-05,20.0916,20
1,3446,p1,1154,7.82647e-05,20.0561,20
1,3447,p1,1091,7.80224e-05,20.0469,20
1,3448,p1,1209,7.892e-05,20.0078,20
1,2319,p1,1365,5.3155e-05,10.0167,10
1,3449,p1,1159,7.82107e-05,20.104,20
1,2320,p1,1325,5.41086e-05,10.0084,10
1,2321,p1,1393,5.39643e-05,10.0004,10
1,3450,p1,1189,7.82382e-05,19.9394,20
1,3451,p1,1094,7.93467e-05,20.1965,20
1,3452,p1,1059,7.92854e-05,20.1183,20
1,2322,p1,1289,5.54451e-05,10.0024,10
1,3453,p1,1089,7.82387e-05,20.0771,20
1,2323,p1,1314,5.52832e-05,10.0019,10
1,3454,p1,1298,7.82933e-05,20.1517,20
1,3455,p1,1095,7.8349e-05,19.9679,20
1,3456,p1,1035,7.70412e-05,20.0222,20
1,2324,p1,1302,5.55275e-05,10.0067,10
1,3457,p1,1214,7.72782e-05,20.0339,20
1,2325,p1,1353,5.62495e-05,10.0041,10
1,3458,p1,1027,7.75146e-05,20.0446,20
1,3459,p1,1111,7.76407e-05,19.9582,20
1,3460,p1,1100,7.82512e-05,20.0344,20
1,3461,p1,1080,7.85571e-05,20.1125,20
1,2326,p1,1268,5.85485e-05,9.9758,10
1,3462,p1,1178,7.80581e-05,20.008,20
1,2327,p1,1313,5.66085e-05,9.9962,10
1,3463,p1,988,7.69619e-05,20.0177,20
1,2328,p1,1311,5.65071e-05,10.0066,10
1,3464,p1,1179,7.69794e-05,20.022,20
1,3465,p1,1218,7.66084e-05,19.9968,20
1,3466,p1,1113,7.7601e-05,20.0165,20
1,2329,p1,1422,5.74168e-05,9.99552,10
1,2330,p1,1252,5.58903e-05,10.0103,10
1,3467,p1,1092,7.73143e-05,20.0893,20
1,3468,p1,1141,7.71848e-05,20.067,20
1,3469,p1,1038,7.86961e-05,20.0448,20
1,3470,p1,1165,7.9182e-05,19.9411,20
1,2331,p1,1319,5.48538e-05,10.0196,10
1,3471,p1,1183,8.0048e-05,20.0228,20
1,2332,p1,1512,5.7474e-05,10.0404,10
1,2333,p1,1347,5.58454e-05,10.0426,10
1,3472,p1,1153,8.06984e-05,19.9843,20
1,3473,p1,1109,8.05719e-05,20.064,20
1,2334,p1,1343,5.27836e-05,10.034,10
1,3474,p1,1170,8.16685e-05,20.0814,20
1,3475,p1,1164,8.20408e-05,20.1085,20
1,2335,p1,1292,5.63184e-05,10.0384,10
1,3476,p1,1224,8.27992e-05,20.093,20
1,2336,p1,1367,5.51726e-05,10.0214,10
1,3477,p1,1029,8.26504e-05,20.0239,20
1,3478,p1,1004,8.13881e-05,20.0376,20
1,2337,p1,1257,5.69662e-05,10.0225,10
1,2338,p1,1257,5.67503e-05,10.0253,10
1,3479,p1,1196,8.24126e-05,20.1488,20
1,3480,p1,1167,8.35809e-05,20.0196,20
1,3481,p1,1073,8.41277e-05,20.1338,20
1,2339,p1,1421,5.76137e-05,10.0238,10
1,2340,p1,1226,5.56831e-05,10.0207,10
1,3482,p1,1057,8.32454e-05,20.0808,20
1,3483,p1,1047,8.29799e-05,20.0924,20
1,2341,p1,1326,5.67366e-05,10.0208,10
1,3484,p1,1018,8.29272e-05,20.088,20
1,3485,p1,1093,8.19287e-05,19.9419,20
1,3486,p1,1044,8.31949e-05,20.0961,20
1,2342,p1,1362,5.29763e-05,10.0429,10
1,3487,p1,1117,8.21328e-05,20.07,20
1,2343,p1,1348,5.41948e-05,10.0665,10
1,3488,p1,1162,8.02516e-05,19.9605,20
1,2344,p1,1276,5.5537e-05,10.0554,10
1,3489,p1,1032,7.98506e-05,20.003,20
1,3490,p1,1047,8.08193e-05,20.0075,20
1,2345,p1,1390,5.27494e-05,10.0583,10
1,3491,p1,1047,7.92089e-05,20.0513,20
1,2346,p1,1475,5.006e-05,10.0755,10
1,3492,p1,1148,7.95364e-05,20.0888,20
1,3493,p1,1099,7.99897e-05,20.0709,20
1,2347,p1,1262,5.11217e-05,10.0773,10
1,3494,p1,1025,7.82102e-05,19.8972,20
1,2348,p1,1336,5.01627e-05,10.0584,10
1,3495,p1,1079,7.86732e-05,20.008,20
1,3496,p1,1118,7.995e-05,20.0745,20
1,2349,p1,1405,5.09883e-05,10.0438,10
1,3497,p1,1094,8.09833e-05,20.1207,20
1,2350,p1,1408,5.16438e-05,10.0282,10
1,3498,p1,1089,7.90748e-05,19.978,20
1,2351,p1,1386,5.1291e-05,10.0339,10
1,3499,p1,1138,7.90179e-05,20.007,20
1,2352,p1,1260,5.15353e-05,10.0158,10
1,2353,p1,1346,4.93087e-05,10.0358,10
1,3500,p1,1102,8.01784e-05,19.9415,20
1,3501,p1,1114,7.87911e-05,19.9228,20
1,2354,p1,1397,4.74315e-05,10.0133,10
1,3502,p1,1107,7.95405e-05,19.9712,20
1,2355,p1,1272,4.72866e-05,10.03,10
1,2356,p1,1308,4.82465e-05,10.0324,10
1,3503,p1,1058,7.9473e-05,19.9946,20
1,3504,p1,1079,7.89786e-05,20.0808,20
1,2357,p1,1308,4.68576e-05,10.035,10
1,3505,p1,1166,7.81312e-05,19.9931,20
1,3506,p1,1118,7.71689e-05,20.1074,20
1,3507,p1,1038,7.72117e-05,20.0315,20
1,3508,p1,1137,7.67093e-05,20.1169,20
1,2358,p1,1319,4.54987e-05,10.0352,10
1,2359,p1,1342,4.84022e-05,10.03,10
1,3509,p1,1106,7.72335e-05,20.035,20
1,3510,p1,1140,7.79266e-05,20.0485,20
1,3511,p1,1097,7.76359e-05,20.1003,20
1,2360,p1,1180,4.52674e-05,10.0655,10
1,3512,p1,1088,7.68723e-05,19.994,20
1,3513,p1,1083,7.77664e-05,20.0264,20
1,2361,p1,1400,4.71563e-05,10.0391,10
1,3514,p1,1067,7.69021e-05,20.1292,20
1,2362,p1,1373,4.61309e-05,10.0289,10
1,3515,p1,1155,7.67683e-05,20.0311,20
1,3516,p1,1140,7.62658e-05,20.0132,20
1,2363,p1,1316,4.58249e-05,10.0444,10
1,3517,p1,1182,7.66533e-05,20.0027,20
1,2364,p1,1271,4.47681e-05,10.0363,10
1,3518,p1,1081,7.53237e-05,19.948,20
1,2365,p1,1337,4.30539e-05,10.0244,10
1,3519,p1,1137,7.62515e-05,20.029,20
1,2366,p1,1377,4.38733e-05,10.0474,10
1,2367,p1,1354,4.52685e-05,10.0476,10
1,3520,p1,1098,7.59173e-05,20.0349,20
1,2368,p1,1415,4.47908e-05,10.0542,10
1,3521,p1,1241,7.55751e-05,20.0434,20
1,3522,p1,1176,7.52238e-05,20.0573,20
1,2369,p1,1253,4.34475e-05,10.0441,10
1,2370,p1,1237,4.68689e-05,10.0131,10
1,3523,p1,1174,7.54013e-05,20.0469,20
1,3524,p1,1067,7.5139e-05,20.1962,20
1,2371,p1,1346,4.33754e-05,10.0201,10
1,3525,p1,982,7.41665e-05,20.1295,20
1,2372,p1,1299,4.25056e-05,10.0119,10
1,3526,p1,1194,7.44878e-05,19.9445,20
1,2373,p1,1360,4.34339e-05,9.98713,10
1,3527,p1,1069,7.41679e-05,20.0643,20
1,2374,p1,1199,4.05353e-05,10.0014,10
1,3528,p1,1117,7.38575e-05,20.0163,20
1,3529,p1,1135,7.43188e-05,20.0864,20
1,2375,p1,1242,3.95546e-05,9.98709,10
1,2376,p1,1155,4.0256e-05,10.0028,10
1,3530,p1,1182,7.52468e-05,19.9959,20
1,2377,p1,1427,4.3496e-05,10.004,10
1,3531,p1,1135,7.64535e-05,20.1268,20
1,2378,p1,1387,4.13291e-05,10.0153,10
1,3532,p1,1032,7.59367e-05,19.9937,20
1,2379,p1,1270,4.38944e-05,9.99568,10
1,3533,p1,1191,7.51299e-05,19.9871,20
1,3534,p1,1133,7.49411e-05,20.061,20
1,2380,p1,1264,4.19849e-05,10.0008,10
1,2381,p1,1155,4.3193e-05,10.0073,10
1,3535,p1,1063,7.6357e-05,20.0341,20
1,2382,p1,1337,4.23561e-05,10.0028,10
1,3536,p1,1115,7.64022e-05,19.9858,20
1,3537,p1,1190,7.59898e-05,20.0185,20
1,2383,p1,1358,4.12421e-05,10.018,10
1,3538,p1,1171,7.43293e-05,19.935,20
1,3539,p1,1131,7.61539e-05,20.184,20
1,2384,p1,1310,4.03533e-05,10.0306,10
1,2385,p1,1332,4.23871e-05,10.0282,10
1,3540,p1,1082,7.65594e-05,20.0769,20
1,3541,p1,1113,7.72577e-05,20.0724,20
1,2386,p1,1273,4.49354e-05,10.0461,10
1,3542,p1,1102,7.68637e-05,20.0235,20
1,3543,p1,1157,7.73697e-05,20.0135,20
1,2387,p1,1285,4.17907e-05,10.0344,10
1,3544,p1,1150,7.80384e-05,20.0552,20
1,2388,p1,1431,4.1722e-05,10.0324,10
1,3545,p1,1167,7.77097e-05,19.9273,20
1,3546,p1,1028,7.93246e-05,20.1112,20
1,3547,p1,1086,7.90777e-05,20.0189,20
1,3548,p1,1069,8.02995e-05,20.0891,20
1,2389,p1,1349,4.30485e-05,10.0494,10
1,3549,p1,1392,8.02332e-05,20.0264,20
1,2390,p1,1386,4.21385e-05,10.024,10
1,2391,p1,1268,3.97464e-05,10.028,10
1,3550,p1,1247,8.06541e-05,20.1306,20
1,3551,p1,1055,7.94171e-05,19.9554,20
1,3552,p1,1236,8.07728e-05,20.0461,20
1,3553,p1,1053,8.01485e-05,19.9993,20
1,2392,p1,1388,3.88723e-05,10.0364,10
1,3554,p1,1061,8.02663e-05,20.139,20
1,3555,p1,1143,7.97014e-05,20.041,20
1,2393,p1,1320,3.84932e-05,10.0403,10
1,3556,p1,1135,8.02464e-05,20.027,20
1,3557,p1,1056,8.01384e-05,19.9892,20
1,3558,p1,1230,8.11959e-05,20.0471,20
1,2394,p1,1371,3.99771e-05,10.0147,10
1,3559,p1,1080,7.96574e-05,19.9977,20
1,2395,p1,1343,3.82049e-05,10.0325,10
1,2396,p1,1226,3.94705e-05,10.0267,10
1,3560,p1,992,8.07066e-05,20.0327,20
1,3561,p1,1206,8.13476e-05,20.0243,20
1,2397,p1,1313,4.00366e-05,10.0168,10
1,3562,p1,1101,8.25621e-05,20.1723,20
1,3563,p1,1126,8.17195e-05,20.0874,20
1,2398,p1,1323,3.91344e-05,10.0102,10
1,3564,p1,997,8.28446e-05,20.0539,20
1,3565,p1,1036,8.24679e-05,20.0013,20
1,3566,p1,1225,8.30824e-05,20.0418,20
1,2399,p1,1360,4.18252e-05,10.0292,10
1,3567,p1,1161,8.21382e-05,19.9784,20
1,2400,p1,1407,4.28903e-05,10.0235,10
1,3568,p1,993,8.19722e-05,19.9658,20
1,3569,p1,1063,8.27385e-05,19.9909,20
1,2401,p1,1251,4.2253e-05,10.0229,10
1,3570,p1,1312,8.26799e-05,20.0694,20
1,3571,p1,1083,8.42149e-05,20.14,20
1,3572,p1,1094,8.4957e-05,19.9938,20
1,2402,p1,1346,4.2826e-05,10.0455,10
1,3573,p1,1168,8.47152e-05,20.0289,20
1,2403,p1,1325,4.13264e-05,10.0296,10
1,3574,p1,1109,8.48627e-05,20.0354,20
1,2404,p1,1215,4.16879e-05,10.0415,10
1,3575,p1,1080,8.64027e-05,20.1227,20
1,3576,p1,1112,8.47176e-05,20.0588,20
1,2405,p1,1335,4.62596e-05,10.0157,10
1,3577,p1,1141,8.54379e-05,20.1094,20
1,2406,p1,1264,4.67625e-05,10.0354,10
1,3578,p1,1078,8.42872e-05,20.1208,20
1,2407,p1,1306,4.63048e-05,10.0432,10
1,3579,p1,1212,8.30355e-05,19.9877,20
1,2408,p1,1340,4.68207e-05,10.03,10
1,2409,p1,1338,4.86724e-05,10.0297,10
1,2410,p1,1365,4.96528e-05,10.0254,10
1,2411,p1,1368,4.64256e-05,10.0093,10
1,3580,p1,1172,8.30822e-05,19.9988,20
1,3581,p1,1102,8.29431e-05,20.0957,20
1,3582,p1,1012,8.14449e-05,20.0059,20
1,3583,p1,1117,8.21984e-05,19.9991,20
1,3584,p1,1148,8.31716e-05,20.0515,20
1,3585,p1,962,8.33268e-05,20.0469,20
1,3586,p1,1062,8.18855e-05,19.9679,20
1,2412,p1,1293,4.7463e-05,10.0078,10
1,3587,p1,1087,8.31928e-05,20.0689,20
1,3588,p1,1160,8.34704e-05,19.948,20
1,3589,p1,1108,8.27582e-05,20.0396,20
1,3590,p1,1136,8.38249e-05,20.0377,20
1,3591,p1,1159,8.24267e-05,19.98,20
1,3592,p1,1072,8.40967e-05,19.9987,20
1,3593,p1,1125,8.64173e-05,20.0609,20
1,3594,p1,1088,8.47107e-05,19.9883,20
1,3595,p1,1056,8.45304e-05,20.0896,20
1,3596,p1,1143,8.39171e-05,20.0645,20
1,3597,p1,1070,8.25371e-05,20.0584,20
1,3598,p1,1117,8.19326e-05,20.002,20
1,2413,p1,1326,4.97861e-05,10.0103,10
1,3599,p1,1213,8.26824e-05,20.024,20
1,2414,p1,1356,4.82754e-05,10.016,10
1,3600,p1,1190,8.32118e-05,20.0401,20
1,3601,p1,1022,8.39173e-05,19.992,20
1,3602,p1,1041,8.39451e-05,20.0324,20
1,3603,p1,1206,8.44832e-05,20.1128,20
1,2415,p1,1293,4.85752e-05,10.0121,10
1,3604,p1,997,8.48608e-05,20.0966,20
1,3605,p1,1130,8.15119e-05,19.9207,20
1,3606,p1,1182,8.21247e-05,19.9736,20
1,2416,p1,1382,4.53773e-05,10.0044,10
1,3607,p1,1071,8.2841e-05,20.0275,20
1,2417,p1,1256,5.04005e-05,9.99295,10
1,2418,p1,1303,5.01686e-05,9.96949,10
1,3608,p1,1091,8.04512e-05,20.0794,20
1,3609,p1,1226,8.1435e-05,20.0071,20
1,3610,p1,1013,8.24482e-05,19.9911,20
1,2419,p1,1409,5.30819e-05,9.95973,10
1,2420,p1,1214,5.02734e-05,9.95963,10
1,3611,p1,1114,8.25273e-05,19.9148,20
1,3612,p1,1104,8.43622e-05,20.012,20
1,2421,p1,1307,5.01689e-05,10.0077,10
1,3613,p1,1191,8.33764e-05,19.9817,20
1,2422,p1,1375,5.15932e-05,10.0213,10
1,2423,p1,1308,5.16578e-05,9.98684,10
1,3614,p1,1160,8.57888e-05,20.0534,20
1,3615,p1,1065,8.59663e-05,20.0648,20
1,3616,p1,1187,8.62763e-05,20.0231,20
1,2424,p1,1339,5.02792e-05,9.98869,10
1,3617,p1,1127,8.68991e-05,20.1284,20
1,2425,p1,1330,5.10328e-05,9.98557,10
1,3618,p1,1037,8.54528e-05,20.069,20
1,3619,p1,1132,8.59732e-05,20.0275,20
1,3620,p1,1077,8.56429e-05,19.9344,20
1,2426,p1,1288,4.8387e-05,9.99218,10
1,3621,p1,1101,8.54864e-05,20.0424,20
1,3622,p1,1196,8.65708e-05,20.0594,20
1,2427,p1,1334,4.91322e-05,10.0009,10
1,3623,p1,1051,8.77685e-05,20.0097,20
1,3624,p1,1137,8.79972e-05,20.0069,20
1,3625,p1,1075,8.75791e-05,19.973,20
1,2428,p1,1273,4.78151e-05,10.0022,10
1,2429,p1,1243,4.81601e-05,10.0008,10
1,3626,p1,1178,8.84121e-05,19.9834,20
1,2430,p1,1297,4.54397e-05,10.0046,10
1,3627,p1,1150,8.7472e-05,20.0338,20
1,2431,p1,1285,4.62181e-05,9.96327,10
1,2432,p1,1416,4.64958e-05,10.0049,10
1,3628,p1,1110,8.63615e-05,20.0039,20
1,2433,p1,1245,4.47416e-05,10.0007,10
1,3629,p1,1127,8.72602e-05,20.0048,20
1,2434,p1,1229,4.56995e-05,9.99707,10
1,3630,p1,1016,8.72081e-05,19.9855,20
1,3631,p1,1175,8.74518e-05,20.0343,20
1,3632,p1,1108,8.51715e-05,19.9442,20
1,2435,p1,1340,4.35045e-05,10.007,10
1,3633,p1,1116,8.71674e-05,19.9917,20
1,2436,p1,1346,4.43517e-05,10.004,10
1,2437,p1,1332,4.74872e-05,10.0065,10
1,3634,p1,1009,8.59221e-05,19.9744,20
1,3635,p1,1106,8.55562e-05,20.0075,20
1,2438,p1,1381,4.80357e-05,10.0101,10
1,3636,p1,1049,8.42184e-05,19.8867,20
1,2439,p1,1229,4.32022e-05,10.0092,10
1,3637,p1,1238,8.68343e-05,20.1006,20
1,2440,p1,1424,4.53602e-05,10.0043,10
1,3638,p1,1171,8.64355e-05,19.9468,20
1,2441,p1,1409,4.52872e-05,9.99673,10
1,2442,p1,1358,4.71154e-05,10.0228,10
1,3639,p1,1076,8.58869e-05,20.0507,20
1,3640,p1,1033,8.57574e-05,19.9203,20
1,2443,p1,1285,4.47661e-05,10.0311,10
1,3641,p1,1168,8.7555e-05,19.992,20
1,2444,p1,1269,4.51861e-05,10.013,10
1,3642,p1,1179,8.88748e-05,20.0288,20
1,3643,p1,1011,8.83346e-05,20.0493,20
1,2445,p1,1403,4.47313e-05,10.0176,10
1,3644,p1,1091,8.95107e-05,20.0171,20
1,2446,p1,1232,4.4434e-05,10.007,10
1,2447,p1,1267,4.56886e-05,9.98812,10
1,2448,p1,1369,4.71563e-05,9.98885,10
1,3645,p1,1101,9.11889e-05,20.0085,20
1,3646,p1,1100,8.93391e-05,19.9992,20
1,3647,p1,1172,8.88436e-05,20.0428,20
1,2449,p1,1292,4.51662e-05,10.005,10
1,2450,p1,1330,4.51383e-05,9.99693,10
1,3648,p1,1111,9.11967e-05,20.0663,20
1,3649,p1,1024,9.13123e-05,19.9678,20
1,2451,p1,1312,4.34871e-05,10.0017,10
1,3650,p1,1211,9.09934e-05,20.0967,20
1,2452,p1,1285,4.17058e-05,10.027,10
1,3651,p1,1222,9.05663e-05,20.076,20
1,3652,p1,1055,9.13182e-05,20.001,20
1,3653,p1,1163,9.15298e-05,20.0036,20
1,2453,p1,1459,4.08767e-05,9.99027,10
1,3654,p1,1130,9.15638e-05,20.048,20
1,3655,p1,1070,9.29888e-05,20.0692,20
1,3656,p1,1112,9.33051e-05,20.0622,20
1,3657,p1,1131,9.34692e-05,20.0995,20
1,3658,p1,1007,9.2169e-05,20.0253,20
1,3659,p1,1064,9.21233e-05,20.0125,20
1,3660,p1,1122,9.45036e-05,20.0288,20
1,3661,p1,1095,9.31287e-05,20.0044,20
1,3662,p1,1071,9.36955e-05,19.9911,20
1,2454,p1,1388,4.23245e-05,9.99862,10
1,3663,p1,1052,9.42112e-05,19.9834,20
1,2455,p1,1120,4.32033e-05,10.005,10
1,2456,p1,1383,4.37936e-05,10.0048,10
1,3664,p1,1107,9.48607e-05,20.0895,20
1,3665,p1,1154,9.38407e-05,20.0264,20
1,3666,p1,1047,9.24622e-05,19.9864,20
1,3667,p1,1205,9.24883e-05,19.9197,20
1,3668,p1,1144,9.40569e-05,20.0713,20
1,3669,p1,987,9.52457e-05,19.9991,20
1,3670,p1,1262,9.55735e-05,19.9325,20
1,2457,p1,1442,4.38269e-05,10.0028,10
1,3671,p1,1097,9.47411e-05,20.0453,20
1,3672,p1,1023,9.50426e-05,20.1588,20
1,3673,p1,1155,9.43554e-05,20.0568,20
1,3674,p1,1075,9.51873e-05,20.0642,20
1,3675,p1,1172,9.39667e-05,20.025,20
1,3676,p1,1259,9.39782e-05,19.9506,20
1,2458,p1,1278,3.95034e-05,10.0364,10
1,3677,p1,1066,9.48906e-05,20.0267,20
1,3678,p1,1244,9.60918e-05,20.0492,20
1,2459,p1,1298,4.0834e-05,10.0184,10
1,3679,p1,1003,9.5634e-05,20.0253,20
1,3680,p1,1113,9.48269e-05,19.9786,20
1,3681,p1,1205,9.64468e-05,19.9823,20
1,3682,p1,1191,9.64995e-05,20.0427,20
1,3683,p1,1144,9.67011e-05,19.9747,20
1,3684,p1,1105,9.76119e-05,19.9759,20
1,2460,p1,1219,4.38784e-05,10.0159,10
1,3685,p1,1172,9.69738e-05,19.9057,20
1,3686,p1,1129,9.69707e-05,19.9805,20
1,3687,p1,1013,9.64792e-05,20.012,20
1,3688,p1,1055,9.64846e-05,20.0219,20
1,3689,p1,1273,9.68581e-05,19.9674,20
1,3690,p1,1125,9.43693e-05,20.0233,20
1,2461,p1,1270,4.32971e-05,10.026,10
1,3691,p1,1099,9.62997e-05,19.9585,20
1,3692,p1,992,9.72541e-05,20.0832,20
1,3693,p1,1107,9.72455e-05,20.0357,20
1,3694,p1,1075,9.58637e-05,19.9464,20
1,3695,p1,1015,9.80455e-05,20.1072,20
1,3696,p1,1147,9.68285e-05,20.0813,20
1,2462,p1,1456,4.38164e-05,10.0223,10
1,3697,p1,1089,9.61685e-05,20.0005,20
1,3698,p1,1043,9.57038e-05,20.11,20
1,2463,p1,1333,4.63387e-05,10.0228,10
1,3699,p1,1193,9.53896e-05,19.9684,20
1,3700,p1,1149,9.74157e-05,20.067,20
1,3701,p1,1077,9.78539e-05,20.0842,20
1,2464,p1,1342,4.37062e-05,9.99644,10
1,3702,p1,1139,9.6065e-05,20.0692,20
1,3703,p1,1039,9.57426e-05,20.0826,20
1,2465,p1,1409,4.40736e-05,9.98917,10
1,3704,p1,1144,9.6332e-05,19.9888,20
1,3705,p1,1098,9.52205e-05,20.1108,20
1,2466,p1,1395,4.40317e-05,9.95673,10
1,3706,p1,1038,9.51445e-05,19.9046,20
1,3707,p1,1201,9.61305e-05,20.0492,20
1,2467,p1,1297,4.22755e-05,9.96091,10
1,2468,p1,1256,4.08116e-05,9.97765,10
1,3708,p1,1146,9.6807e-05,19.9737,20
1,3709,p1,1036,9.61546e-05,20.0264,20
1,2469,p1,1402,4.26622e-05,9.95878,10
1,3710,p1,1060,9.76132e-05,20.108,20
1,2470,p1,1454,4.08037e-05,9.98808,10
1,3711,p1,1268,9.61514e-05,20.007,20
1,3712,p1,1042,9.64995e-05,19.9063,20
1,3713,p1,1024,9.65458e-05,20.0666,20
1,2471,p1,1280,4.259e-05,9.99789,10
1,3714,p1,1175,9.47026e-05,19.9673,20
1,2472,p1,1315,4.09144e-05,9.99473,10
1,2473,p1,1375,3.93323e-05,9.98447,10
1,3715,p1,1164,9.66435e-05,20.1799,20
1,3716,p1,995,9.65231e-05,20.0929,20
1,2474,p1,1217,3.77922e-05,9.98492,10
1,3717,p1,1115,9.52303e-05,19.9743,20
1,3718,p1,1219,9.5639e-05,20.0883,20
1,2475,p1,1366,3.9054e-05,9.96384,10
1,3719,p1,1247,9.4522e-05,20.0219,20
1,3720,p1,1123,9.61021e-05,19.9837,20
1,3721,p1,1082,9.76915e-05,20.0926,20
1,2476,p1,1307,3.66956e-05,9.97974,10
1,3722,p1,1036,9.74844e-05,20.039,20
1,3723,p1,1189,9.69879e-05,20.0522,20
1,3724,p1,1088,9.72532e-05,20.0206,20
1,2477,p1,1279,3.77751e-05,9.97475,10
1,2478,p1,1289,3.7563e-05,9.98631,10
1,3725,p1,1040,9.67955e-05,20.1013,20
1,3726,p1,1095,9.81838e-05,20.1751,20
1,3727,p1,1078,9.75113e-05,20.1051,20
1,3728,p1,1057,9.70701e-05,20.0453,20
1,2479,p1,1238,3.82518e-05,9.98954,10
1,3729,p1,1124,9.67963e-05,20.0095,20
1,3730,p1,1034,9.55123e-05,20.079,20
1,2480,p1,1346,3.74321e-05,9.98725,10
1,2481,p1,1256,3.67117e-05,10.0079,10
1,3731,p1,1001,9.75733e-05,19.9495,20
1,2482,p1,1288,3.77654e-05,10.0018,10
1,3732,p1,1086,9.61462e-05,19.986,20
1,3733,p1,1091,9.59335e-05,19.9237,20
1,2483,p1,1268,3.82951e-05,10.0118,10
1,3734,p1,1075,9.62786e-05,19.9894,20
1,2484,p1,1218,3.65928e-05,10.0074,10
1,3735,p1,1106,9.68562e-05,19.8871,20
1,3736,p1,1005,9.67902e-05,20.0148,20
1,2485,p1,1436,3.69864e-05,10.0105,10
1,3737,p1,1109,9.70071e-05,19.9501,20
1,2486,p1,1265,3.7344e-05,10.0263,10
1,3738,p1,1147,9.67283e-05,19.9536,20
1,3739,p1,1029,9.68951e-05,20.0195,20
1,2487,p1,1325,3.41133e-05,10.0021,10
1,3740,p1,1104,9.72873e-05,20.0097,20
1,2488,p1,1305,3.66816e-05,10.0138,10
1,3741,p1,1104,9.68051e-05,19.9725,20
1,2489,p1,1345,3.55214e-05,10.0126,10
1,3742,p1,1104,9.63076e-05,19.9582,20
1,2490,p1,1252,3.51041e-05,9.99094,10
1,2491,p1,1398,3.59965e-05,10.0169,10
1,3743,p1,1118,9.53444e-05,20.0068,20
1,3744,p1,1166,9.53525e-05,20.1212,20
1,2492,p1,1380,3.50188e-05,10.0296,10
1,3745,p1,1077,9.70883e-05,20.0696,20
1,2493,p1,1322,3.43967e-05,10.0214,10
1,3746,p1,1123,9.69119e-05,19.9969,20
1,2494,p1,1275,3.53096e-05,10.0157,10
1,3747,p1,985,9.65077e-05,20.0766,20
1,2495,p1,1167,3.75986e-05,9.99752,10
1,2496,p1,1461,3.4488e-05,10.023,10
1,2497,p1,1294,3.66426e-05,9.99802,10
1,3748,p1,1138,9.54405e-05,20.0338,20
1,3749,p1,1052,9.59839e-05,19.9784,20
1,2498,p1,1331,3.60653e-05,10.0179,10
1,3750,p1,1050,9.72402e-05,20.0686,20
1,3751,p1,1164,9.69988e-05,19.9747,20
1,2499,p1,1272,3.57766e-05,10.0272,10
1,3752,p1,1071,9.66423e-05,19.9922,20
1,2500,p1,1190,3.77383e-05,9.99859,10
1,2501,p1,1332,3.6336e-05,10.0188,10
1,3753,p1,1081,9.61739e-05,19.9777,20
1,3754,p1,1156,9.63638e-05,19.949,20
1,2502,p1,1380,3.52912e-05,10.0238,10
1,3755,p1,1105,9.67268e-05,20.0293,20
1,3756,p1,1184,9.59797e-05,19.9673,20
1,2503,p1,1399,3.57987e-05,9.99108,10
1,2504,p1,1150,3.72204e-05,9.9878,10
1,2505,p1,1447,3.96562e-05,9.99676,10
1,3757,p1,1123,9.60022e-05,19.9658,20
1,2506,p1,1319,3.96849e-05,10.006,10
1,3758,p1,1232,9.60721e-05,19.9796,20
1,2507,p1,1281,3.74535e-05,9.99563,10
1,3759,p1,1154,9.66741e-05,19.991,20
1,2508,p1,1296,3.87607e-05,10.0088,10
1,3760,p1,1072,9.68233e-05,19.9238,20
1,3761,p1,1114,9.62919e-05,19.974,20
1,2509,p1,1392,4.05783e-05,10.011,10
1,3762,p1,1106,9.67758e-05,19.9745,20
1,3763,p1,1034,9.6263e-05,19.9999,20
1,2510,p1,1243,4.04305e-05,10.0116,10
1,2511,p1,1268,4.18826e-05,10.0072,10
1,3764,p1,1189,9.47118e-05,19.8381,20
1,3765,p1,1108,9.45677e-05,19.8793,20
1,2512,p1,1275,4.18739e-05,10.001,10
1,2513,p1,1250,4.21628e-05,9.98805,10
1,3766,p1,979,9.60197e-05,19.9469,20
1,2514,p1,1349,3.94432e-05,9.99005,10
1,3767,p1,1132,9.53415e-05,19.9461,20
1,2515,p1,1336,3.85156e-05,10.0127,10
1,3768,p1,1267,9.49548e-05,19.9806,20
1,3769,p1,915,9.30703e-05,19.906,20
1,2516,p1,1249,3.7716e-05,10.0161,10
1,3770,p1,1133,9.41536e-05,20.052,20
1,2517,p1,1192,3.614e-05,10.0102,10
1,3771,p1,1083,9.3882e-05,20.0131,20
1,2518,p1,1276,3.70948e-05,9.99649,10
1,3772,p1,1248,9.26486e-05,19.9671,20
1,2519,p1,1416,3.68781e-05,10.0116,10
1,2520,p1,1288,3.72427e-05,9.99257,10
1,3773,p1,1108,9.12352e-05,19.9829,20
1,3774,p1,988,9.22379e-05,20.0169,20
1,2521,p1,1162,3.51064e-05,10.0149,10
1,3775,p1,1147,9.18755e-05,20.0643,20
1,3776,p1,1100,9.17101e-05,19.96,20
1,2522,p1,1402,3.465e-05,10.0051,10
1,3777,p1,1029,9.12086e-05,20.063,20
1,2523,p1,1450,3.55619e-05,9.98942,10
1,2524,p1,1264,3.70395e-05,9.95859,10
1,3778,p1,1132,9.09085e-05,19.9856,20
1,3779,p1,1055,9.03836e-05,20.0487,20
1,2525,p1,1319,3.50552e-05,10.0119,10
1,3780,p1,1206,8.92469e-05,20.1397,20
1,2526,p1,1381,3.54589e-05,9.97729,10
1,2527,p1,1403,3.47952e-05,9.96425,10
1,3781,p1,994,8.94147e-05,19.9877,20
1,2528,p1,1291,3.34765e-05,9.9628,10
1,3782,p1,1111,8.9918e-05,20.1295,20
1,3783,p1,1050,8.81729e-05,20.0173,20
1,2529,p1,1224,3.1785e-05,9.96266,10
1,3784,p1,1210,8.92871e-05,19.9869,20
1,2530,p1,1318,3.4622e-05,9.94435,10
1,2531,p1,1258,3.22473e-05,9.98508,10
1,3785,p1,1116,8.76319e-05,19.9651,20
1,2532,p1,1362,3.29612e-05,9.96755,10
1,3786,p1,1045,8.8946e-05,20.0722,20
1,2533,p1,1370,3.14843e-05,9.979,10
1,2534,p1,1178,3.27946e-05,9.98307,10
1,3787,p1,1076,9.1015e-05,20.0329,20
1,2535,p1,1303,3.00885e-05,10.0017,10
1,3788,p1,1245,8.91595e-05,20.0265,20
1,3789,p1,1038,8.90025e-05,19.9776,20
1,2536,p1,1429,2.99696e-05,10.0104,10
1,3790,p1,992,8.86868e-05,20.0093,20
1,2537,p1,1359,3.13372e-05,9.98592,10
1,2538,p1,1362,2.85082e-05,10.0025,10
1,3791,p1,1113,8.86243e-05,19.9505,20
1,3792,p1,1088,8.91242e-05,20.0205,20
1,3793,p1,1137,8.98676e-05,20.09,20
1,3794,p1,1112,8.97118e-05,20.0813,20
1,3795,p1,981,8.85421e-05,19.9605,20
1,2539,p1,1225,2.72766e-05,9.99244,10
1,2540,p1,1271,2.85469e-05,10.0132,10
1,3796,p1,1063,8.90418e-05,20.0373,20
1,3797,p1,1184,8.73291e-05,19.8901,20
1,3798,p1,1011,9.0455e-05,20.0525,20
1,2541,p1,1456,2.88202e-05,10.0258,10
1,3799,p1,1118,8.98641e-05,20.0483,20
1,3800,p1,1147,8.87644e-05,19.9937,20
1,3801,p1,1084,8.9836e-05,20.0049,20
1,3802,p1,1087,9.06652e-05,20.0827,20
1,3803,p1,1107,9.06563e-05,20.0422,20
1,2542,p1,1373,2.77044e-05,10.0105,10
1,2543,p1,1335,2.81744e-05,10.0193,10
1,3804,p1,1121,9.0634e-05,20.0321,20
1,2544,p1,1200,2.61968e-05,10.0373,10
1,2545,p1,1305,2.90953e-05,10.02,10
1,3805,p1,1136,9.01478e-05,19.9596,20
1,3806,p1,1065,8.98717e-05,19.9277,20
1,3807,p1,1148,8.98933e-05,19.9624,20
1,2546,p1,1382,2.70804e-05,9.99377,10
1,2547,p1,1269,2.67906e-05,10.0037,10
1,3808,p1,1114,9.14053e-05,19.8579,20
1,3809,p1,1148,9.07314e-05,20.0165,20
1,3810,p1,1162,8.96569e-05,19.9951,20
1,2548,p1,1387,2.73655e-05,10.0028,10
1,2549,p1,1346,2.63609e-05,10.0089,10
1,3811,p1,1159,9.13377e-05,20.0664,20
1,2550,p1,1339,2.48832e-05,10.004,10
1,2551,p1,1043,2.54239e-05,10.0135,10
1,3812,p1,1078,9.13128e-05,19.9527,20
1,2552,p1,1345,2.62998e-05,10.0271,10
1,2553,p1,1424,2.59757e-05,10.0009,10
1,3813,p1,1114,9.14333e-05,20.056,20
1,2554,p1,1198,2.57265e-05,10.0279,10
1,3814,p1,1059,9.2193e-05,19.9979,20
1,3815,p1,1116,9.26963e-05,20.1231,20
1,2555,p1,1402,2.69355e-05,10.0125,10
1,3816,p1,1154,9.26898e-05,20.074,20
1,3817,p1,1103,9.30475e-05,20.0414,20
1,2556,p1,1330,2.87363e-05,10.017,10
1,2557,p1,1273,3.04719e-05,10.0096,10
1,2558,p1,1335,2.8678e-05,10.0098,10
1,3818,p1,1070,9.36786e-05,19.9167,20
1,2559,p1,1267,2.8338e-05,10.0102,10
1,2560,p1,1309,2.90013e-05,10.0036,10
1,3819,p1,1155,9.42104e-05,19.9782,20
1,2561,p1,1138,3.01677e-05,10.0106,10
1,3820,p1,1152,9.39355e-05,19.9281,20
1,3821,p1,1122,9.27532e-05,20.056,20
1,2562,p1,1415,2.98708e-05,10.0128,10
1,2563,p1,1400,3.00116e-05,10.014,10
1,3822,p1,1128,9.15708e-05,19.974,20
1,2564,p1,1282,3.37767e-05,10.0284,10
1,3823,p1,1288,9.32794e-05,20.014,20
1,2565,p1,1200,3.07485e-05,10.0348,10
1,3824,p1,1290,9.5548e-05,20.0758,20
1,2566,p1,1298,2.93043e-05,10.0662,10
1,2567,p1,1484,2.8679e-05,10.0579,10
1,2568,p1,1301,2.98939e-05,10.0408,10
1,3825,p1,981,9.49113e-05,19.9181,20
1,2569,p1,1237,2.95162e-05,10.0134,10
1,3826,p1,1140,9.59232e-05,20.0661,20
1,3827,p1,1163,9.75409e-05,20.0686,20
1,2570,p1,1168,3.19955e-05,10.0256,10
1,2571,p1,1318,3.19554e-05,10.0238,10
1,2572,p1,1418,3.08439e-05,10.0037,10
1,3828,p1,1158,9.55512e-05,20.0329,20
1,3829,p1,1176,9.61236e-05,20.0563,20
1,2573,p1,1358,3.03936e-05,10.0219,10
1,3830,p1,1058,9.68805e-05,20.0085,20
1,2574,p1,1287,3.06304e-05,10.0166,10
1,3831,p1,1129,9.84098e-05,20.1673,20
1,2575,p1,1402,3.09324e-05,10.0145,10
1,2576,p1,1312,3.23197e-05,10.0042,10
1,3832,p1,963,9.81456e-05,20.0119,20
1,3833,p1,1014,9.60967e-05,20.0648,20
1,2577,p1,1462,3.08338e-05,10.0099,10
1,3834,p1,1209,9.73963e-05,20.0644,20
1,2578,p1,1274,2.99473e-05,10.0176,10
1,2579,p1,1229,3.0582e-05,10.0042,10
1,2580,p1,1299,3.19882e-05,9.98605,10
1,3835,p1,1149,9.61651e-05,19.9947,20
1,3836,p1,1061,9.69073e-05,20.0826,20
1,2581,p1,1356,3.2288e-05,9.99274,10
1,3837,p1,1082,9.66509e-05,20.0102,20
1,2582,p1,1228,3.18769e-05,9.99986,10
1,3838,p1,1203,9.70151e-05,20.0456,20
1,2583,p1,1333,3.44529e-05,10.0107,10
1,3839,p1,1229,9.6125e-05,20.0147,20
1,2584,p1,1270,3.33144e-05,10.022,10
1,2585,p1,1191,3.19337e-05,10.031,10
1,3840,p1,1186,9.48226e-05,20.1043,20
1,2586,p1,1321,3.34283e-05,10.0352,10
1,3841,p1,1005,9.7374e-05,20.1056,20
1,3842,p1,1125,9.78954e-05,20.0792,20
1,2587,p1,1274,3.4038e-05,10.034,10
1,2588,p1,1178,3.41325e-05,10.0382,10
1,3843,p1,1155,9.71175e-05,20.1373,20
1,2589,p1,1369,3.47651e-05,10.0196,10
1,2590,p1,1334,3.60534e-05,10.02,10
1,3844,p1,1180,9.83834e-05,19.9947,20
1,2591,p1,1263,3.41922e-05,9.99986,10
1,3845,p1,1163,9.84035e-05,19.9901,20
1,3846,p1,979,9.89889e-05,20.067,20
1,2592,p1,1281,3.28918e-05,10.0062,10
1,3847,p1,1134,9.95797e-05,19.9774,20
1,2593,p1,1429,3.51432e-05,10.0247,10
1,3848,p1,1166,9.88846e-05,19.9356,20
1,2594,p1,1123,3.55417e-05,10.0418,10
1,2595,p1,1259,3.61104e-05,10.0279,10
1,3849,p1,1217,9.90763e-05,20.021,20
1,2596,p1,1376,3.6913e-05,10.0274,10
1,3850,p1,1199,0.000100597,20.0124,20
1,2597,p1,1290,3.93127e-05,10.0107,10
1,3851,p1,1111,0.000100151,20.1419,20
1,3852,p1,948,0.000100851,20.0019,20
1,2598,p1,1184,4.04876e-05,10.0069,10
1,3853,p1,1212,0.000100953,20.0404,20
1,2599,p1,1439,3.78844e-05,9.99875,10
1,3854,p1,1082,9.9529e-05,19.9597,20
1,3855,p1,1027,9.86145e-05,20.034,20
1,2600,p1,1213,3.62039e-05,9.97434,10
1,3856,p1,1163,9.94016e-05,20.1084,20
1,2601,p1,1376,3.88417e-05,9.98353,10
1,3857,p1,1093,9.95251e-05,20.028,20
1,2602,p1,1322,3.88322e-05,9.98608,10
1,2603,p1,1245,3.75285e-05,9.98425,10
1,3858,p1,1168,9.92735e-05,20.0174,20
1,3859,p1,1043,9.90361e-05,20.0017,20
1,2604,p1,1321,3.74017e-05,9.97768,10
1,3860,p1,1145,0.000100798,20.1585,20
1,2605,p1,1329,3.92262e-05,9.97863,10
1,3861,p1,1175,9.98035e-05,20.0889,20
1,2606,p1,1264,4.01962e-05,9.99594,10
1,3862,p1,1067,0.000100132,20.0335,20
1,3863,p1,1119,0.000101769,19.9727,20
1,2607,p1,1327,3.95956e-05,9.99533,10
1,2608,p1,1457,4.0772e-05,10.0001,10
1,3864,p1,1149,0.00010152,20.044,20
1,2609,p1,1279,3.9902e-05,9.99597,10
1,3865,p1,1088,0.00010079,20.0419,20
1,2610,p1,1298,4.04476e-05,9.97055,10
1,3866,p1,1102,0.000100389,20.0353,20
1,2611,p1,1381,4.07536e-05,9.99072,10
1,3867,p1,1071,0.000101566,20.1086,20
1,2612,p1,1309,4.3595e-05,10.0124,10
1,3868,p1,1185,0.000100254,20.1039,20
1,2613,p1,1304,3.97281e-05,10.0078,10
1,3869,p1,1077,0.000100387,19.9211,20
1,3870,p1,1156,9.93731e-05,19.9912,20
1,2614,p1,1288,3.97862e-05,9.99475,10
1,2615,p1,1344,4.11261e-05,10.0139,10
1,3871,p1,1157,9.94962e-05,19.9603,20
1,2616,p1,1361,4.07625e-05,9.99911,10
1,3872,p1,1161,9.94552e-05,19.9972,20
1,2617,p1,1374,4.04492e-05,10.0316,10
1,3873,p1,1121,9.86648e-05,20.0059,20
1,2618,p1,1143,4.17546e-05,10.0203,10
1,3874,p1,1213,9.99531e-05,20.0296,20
1,2619,p1,1187,4.16438e-05,10.004,10
1,3875,p1,1218,9.98805e-05,20.1392,20
1,2620,p1,1459,4.12759e-05,10.0209,10
1,3876,p1,1036,9.95387e-05,20.1755,20
1,2621,p1,1212,4.21437e-05,10.0167,10
1,3877,p1,1089,9.95042e-05,20.0238,20
1,2622,p1,1265,4.15302e-05,10.0126,10
1,3878,p1,1019,9.88975e-05,20.0196,20
1,2623,p1,1256,4.17843e-05,10.0193,10
1,3879,p1,1116,9.91663e-05,20.0238,20
1,3880,p1,1093,0.00010029,19.9957,20
1,2624,p1,1436,4.15309e-05,10.0169,10
1,2625,p1,1205,4.27942e-05,10.0116,10
1,2626,p1,1257,4.4149e-05,10.0097,10
1,2627,p1,1446,4.34165e-05,10.0174,10
1,2628,p1,1398,4.38707e-05,10.0134,10
1,2629,p1,1310,4.55304e-05,9.99867,10
1,2630,p1,1335,4.51734e-05,9.98561,10
1,2631,p1,1219,4.28376e-05,9.98986,10
1,2632,p1,1291,4.62844e-05,9.98044,10
1,2633,p1,1559,4.18615e-05,10.0012,10
1,3881,p1,1051,9.90924e-05,20.0099,20
1,3882,p1,1194,0.00010063,20.0515,20
1,2634,p1,1263,4.39471e-05,9.98436,10
1,2635,p1,1226,4.25903e-05,9.99983,10
1,2636,p1,1320,4.20144e-05,9.99167,10
1,3883,p1,1371,9.96316e-05,19.9827,20
1,3884,p1,1033,9.98729e-05,20.0559,20
1,2637,p1,1338,4.24917e-05,9.98855,10
1,3885,p1,1196,9.94264e-05,20.0384,20
1,2638,p1,1383,4.18619e-05,9.98319,10
1,3886,p1,1044,9.96447e-05,20.1482,20
1,2639,p1,1231,4.46855e-05,9.9883,10
1,3887,p1,1136,9.91131e-05,19.9922,20
1,2640,p1,1290,4.40279e-05,9.97263,10
1,3888,p1,1084,9.95101e-05,20.0962,20
1,3889,p1,1131,0.000100296,20.0224,20
1,2641,p1,1550,4.32185e-05,9.96595,10
1,2642,p1,1305,4.32878e-05,9.95601,10
1,3890,p1,1022,9.82662e-05,20.0713,20
1,2643,p1,1229,4.68346e-05,9.95367,10
1,3891,p1,1196,9.89597e-05,20.0901,20
1,2644,p1,1325,4.59092e-05,9.96095,10
1,3892,p1,1147,9.99989e-05,19.9969,20
1,3893,p1,928,0.000101245,19.9946,20
1,2645,p1,1157,4.87042e-05,9.9441,10
1,2646,p1,1448,4.80453e-05,9.96097,10
1,3894,p1,1062,9.97759e-05,19.9217,20
1,2647,p1,1422,4.77273e-05,9.95881,10
1,3895,p1,1084,0.000101462,20.0332,20
1,2648,p1,1190,5.04635e-05,9.97382,10
1,3896,p1,1004,0.000101976,20.0255,20
1,3897,p1,1110,0.000102161,20.0228,20
1,2649,p1,1286,5.25196e-05,9.98901,10
1,3898,p1,1123,0.000103504,20.0703,20
1,2650,p1,1448,4.93463e-05,10.0174,10
1,3899,p1,1064,0.000104036,20.0693,20
1,2651,p1,1347,4.99841e-05,10.0192,10
1,2652,p1,1368,4.96102e-05,10.0174,10
1,3900,p1,1112,0.000104182,19.8932,20
1,3901,p1,966,0.000101745,20.0209,20
1,2653,p1,1300,4.94805e-05,9.98793,10
1,2654,p1,1306,5.05138e-05,9.97756,10
1,3902,p1,1120,0.000100885,20.1263,20
1,3903,p1,1113,0.000100499,20.02,20
1,2655,p1,1147,4.88339e-05,10.0051,10
1,3904,p1,1127,0.000100796,20.0539,20
1,2656,p1,1372,4.90851e-05,9.99682,10
1,3905,p1,1157,9.84014e-05,20.0306,20
1,2657,p1,1361,4.66837e-05,9.98304,10
1,3906,p1,1125,9.98016e-05,20.0235,20
1,2658,p1,1249,4.66842e-05,9.98297,10
1,3907,p1,1164,0.000101081,19.9685,20
1,3908,p1,1144,0.000100787,20.0044,20
1,2659,p1,1316,4.62322e-05,9.97409,10
1,3909,p1,1133,9.93228e-05,19.9731,20
1,3910,p1,1024,9.91762e-05,20.0841,20
1,3911,p1,1190,0.000100056,20.034,20
1,2660,p1,1392,4.66447e-05,9.97502,10
1,2661,p1,1223,4.85846e-05,9.99803,10
1,3912,p1,1147,0.000100491,20.0609,20
1,2662,p1,1302,4.5595e-05,9.99751,10
1,3913,p1,1051,9.81764e-05,20.0498,20
1,3914,p1,1191,0.000100645,20.0956,20
1,3915,p1,1019,0.000101803,20.0178,20
1,2663,p1,1353,4.83629e-05,10.0216,10
1,3916,p1,1096,0.000101436,19.9677,20
1,2664,p1,1456,4.76705e-05,10.0136,10
1,2665,p1,1245,4.63435e-05,10.0117,10
1,3917,p1,1026,0.000101845,20.026,20
1,2666,p1,1228,4.3892e-05,10.0059,10
1,3918,p1,1252,0.000102541,19.9414,20
1,3919,p1,1066,0.000102639,19.9837,20
1,3920,p1,1037,0.000102417,19.9686,20
1,2667,p1,1260,4.6895e-05,10.0076,10
1,3921,p1,1122,0.000102547,19.8702,20
1,3922,p1,1184,0.00010214,19.9871,20
1,2668,p1,1442,4.69252e-05,9.99472,10
1,3923,p1,1140,0.000102978,19.9662,20
1,3924,p1,954,0.000101017,19.9524,20
1,2669,p1,1328,4.47134e-05,9.99481,10
1,3925,p1,1022,0.000100364,19.8664,20
1,2670,p1,1225,4.50124e-05,10.0154,10
1,3926,p1,1259,0.000101327,19.9965,20
1,3927,p1,1008,0.000100257,19.9866,20
1,2671,p1,1291,4.52782e-05,10.0069,10
1,2672,p1,1293,4.54642e-05,10.0235,10
1,3928,p1,1178,0.0001015,19.9428,20
1,3929,p1,1115,0.000100449,20.0961,20
1,3930,p1,1056,9.92716e-05,19.9417,20
1,2673,p1,1362,4.44924e-05,9.97901,10
1,2674,p1,1361,4.55926e-05,9.98142,10
1,3931,p1,1126,0.000100256,19.9896,20
1,3932,p1,1221,0.000101466,20.0086,20
1,2675,p1,1183,4.43386e-05,9.98758,10
1,3933,p1,1105,0.000100277,20.0094,20
1,3934,p1,1013,0.000101644,20.0491,20
1,2676,p1,1382,4.4864e-05,9.98451,10
1,2677,p1,1385,4.45009e-05,9.99739,10
1,3935,p1,1202,0.000100033,20.0068,20
1,3936,p1,1128,9.96173e-05,20.0415,20
1,2678,p1,1251,4.47229e-05,9.99788,10
1,2679,p1,1278,4.33404e-05,9.96854,10
1,3937,p1,1133,0.000100802,20.0798,20
1,3938,p1,1030,0.000101512,19.8942,20
1,3939,p1,1140,0.000100381,20.0028,20
1,2680,p1,1445,4.3692e-05,9.9733,10
1,3940,p1,1134,9.86643e-05,19.9494,20
1,3941,p1,1099,9.90282e-05,19.9386,20
1,2681,p1,1211,4.65464e-05,9.99928,10
1,3942,p1,1153,9.85315e-05,19.8744,20
1,3943,p1,1066,9.85027e-05,20.05,20
1,2682,p1,1464,4.66988e-05,10.0057,10
1,2683,p1,1347,4.72679e-05,10.0196,10
1,3944,p1,1125,9.9133e-05,20.1049,20
1,3945,p1,1119,0.000100233,19.9634,20
1,2684,p1,1374,4.95676e-05,10.0109,10
1,3946,p1,1064,9.80016e-05,20.016,20
1,3947,p1,1003,9.79997e-05,20.0495,20
1,3948,p1,1186,9.80784e-05,20.0511,20
1,2685,p1,1161,5.05217e-05,10.0001,10
1,3949,p1,1207,0.000100121,19.9456,20
1,2686,p1,1329,5.16538e-05,9.98502,10
1,3950,p1,1077,9.85986e-05,19.9377,20
1,3951,p1,1208,9.98762e-05,19.9458,20
1,2687,p1,1289,4.78147e-05,10.0097,10
1,3952,p1,1095,0.000100858,20.0133,20
1,3953,p1,1044,0.000100026,19.9504,20
1,2688,p1,1257,4.94818e-05,10.0074,10
1,3954,p1,1261,9.91198e-05,19.9384,20
1,2689,p1,1402,4.88162e-05,10.0026,10
1,3955,p1,1019,9.74918e-05,19.9917,20
1,2690,p1,1241,5.04135e-05,10.0287,10
1,3956,p1,1023,0.000100006,20.0307,20
1,3957,p1,1188,9.89964e-05,19.9608,20
1,2691,p1,1382,4.95212e-05,10.0089,10
1,3958,p1,1161,9.85035e-05,19.8696,20
1,2692,p1,1273,4.74644e-05,10.0212,10
1,3959,p1,1060,9.85491e-05,19.8995,20
1,3960,p1,1092,9.92876e-05,19.9409,20
1,3961,p1,1094,9.90081e-05,19.9923,20
1,2693,p1,1251,4.72943e-05,10.0105,10
1,3962,p1,1077,9.78022e-05,19.9889,20
1,3963,p1,1064,9.82248e-05,19.898,20
1,3964,p1,1178,9.8176e-05,19.9433,20
1,2694,p1,1340,4.86624e-05,10.0267,10
1,2695,p1,1306,4.75416e-05,10.0151,10
1,3965,p1,1140,9.8266e-05,19.8772,20
1,3966,p1,1026,9.92497e-05,19.9679,20
1,3967,p1,1101,9.79963e-05,19.9833,20
1,3968,p1,1130,9.87161e-05,19.9278,20
1,2696,p1,1321,4.95957e-05,10.0299,10
1,3969,p1,1123,9.71813e-05,20.03,20
1,3970,p1,1137,9.78157e-05,19.9859,20
1,3971,p1,1048,9.78866e-05,19.9021,20
1,3972,p1,1068,9.45161e-05,20.0334,20
1,2697,p1,1321,4.78725e-05,10.0335,10
1,3973,p1,1199,9.46233e-05,19.913,20
1,3974,p1,1078,9.4583e-05,20.001,20
1,2698,p1,1302,4.84182e-05,10.029,10
1,3975,p1,1054,9.61624e-05,19.9249,20
1,3976,p1,1063,9.45192e-05,19.9526,20
1,3977,p1,1127,9.47783e-05,19.9912,20
1,2699,p1,1232,4.97479e-05,10.0345,10
1,3978,p1,1160,9.54148e-05,19.991,20
1,3979,p1,1145,9.61626e-05,19.8977,20
1,3980,p1,1033,9.71048e-05,19.8477,20
1,3981,p1,1072,9.548e-05,19.8945,20
1,2700,p1,1343,4.8453e-05,10.0136,10
1,3982,p1,1066,9.53176e-05,19.9454,20
1,3983,p1,1086,9.62027e-05,19.9309,20
1,3984,p1,1181,9.55902e-05,19.8826,20
1,2701,p1,1304,4.6223e-05,10.0145,10
1,2702,p1,1370,4.92272e-05,9.99188,10
1,3985,p1,1143,9.56887e-05,20.0025,20
1,3986,p1,1080,9.41825e-05,19.9231,20
1,3987,p1,1116,9.6179e-05,19.9567,20
1,3988,p1,1124,9.51143e-05,20.0186,20
1,3989,p1,1144,9.41022e-05,20.0049,20
1,3990,p1,1154,9.59589e-05,19.9656,20
1,3991,p1,1023,9.613e-05,20.056,20
1,3992,p1,984,9.42437e-05,20.0373,20
1,3993,p1,1148,9.56836e-05,20.0829,20
1,3994,p1,1075,9.66299e-05,19.9826,20
1,3995,p1,1065,9.69295e-05,19.9096,20
1,3996,p1,1043,9.49002e-05,19.8836,20
1,3997,p1,1181,9.60911e-05,20.0687,20
1,3998,p1,1286,9.58769e-05,20.0809,20
1,2703,p1,1393,5.05189e-05,10.0174,10
1,3999,p1,1070,9.70452e-05,20.0693,20
1,4000,p1,1168,9.76127e-05,19.9851,20
1,4001,p1,1174,9.84476e-05,19.9861,20
1,4002,p1,1033,9.90315e-05,20.0549,20
1,4003,p1,1151,9.74391e-05,19.9832,20
1,4004,p1,984,9.87057e-05,19.9443,20
1,4005,p1,1053,9.88431e-05,20.043,20
1,4006,p1,1261,9.97877e-05,19.8601,20
1,4007,p1,1166,0.000101066,19.9593,20
1,4008,p1,1042,0.000100274,20.038,20
1,4009,p1,1063,0.00010072,20.1022,20
1,4010,p1,1099,9.96253e-05,20.0385,20
1,4011,p1,1285,0.000101356,19.9211,20
1,4012,p1,1219,9.98809e-05,19.8703,20
1,4013,p1,1001,9.97829e-05,19.9765,20
1,4014,p1,1104,9.90301e-05,19.994,20
1,4015,p1,1032,0.000100255,19.9145,20
1,2704,p1,1228,4.91881e-05,10.0627,10
1,2705,p1,1325,5.04441e-05,10.0097,10
1,4016,p1,1083,9.92062e-05,19.9676,20
1,4017,p1,1203,9.88638e-05,19.9302,20
1,4018,p1,1233,9.98457e-05,19.9463,20
1,4019,p1,964,0.000100368,19.9497,20
1,4020,p1,1060,0.000100091,19.9772,20
1,4021,p1,1234,0.000101619,19.8725,20
1,4022,p1,1084,0.000100262,19.9312,20
1,4023,p1,1038,0.00010215,19.9671,20
1,4024,p1,1141,0.000101058,19.9477,20
1,4025,p1,1085,9.94583e-05,19.8551,20
1,2706,p1,1474,4.95347e-05,10.007,10
1,4026,p1,1182,0.000100892,19.9424,20
1,4027,p1,1095,0.000102391,19.9764,20
1,4028,p1,1008,9.96632e-05,20.0001,20
1,4029,p1,1159,9.98314e-05,19.9393,20
1,4030,p1,1223,0.000100273,19.9877,20
1,4031,p1,1031,0.000100033,19.9603,20
1,4032,p1,1150,0.000101102,19.8958,20
1,4033,p1,1122,0.000101468,20.0449,20
1,4034,p1,1046,0.000100195,19.9409,20
1,4035,p1,1109,0.000103051,19.9684,20
1,4036,p1,1085,0.000102265,19.9067,20
1,4037,p1,1215,0.00010267,20.0061,20
1,4038,p1,994,9.94611e-05,19.8808,20
1,4039,p1,1177,0.000100907,19.9384,20
1,4040,p1,1026,0.00010038,20.0531,20
1,4041,p1,1118,9.9435e-05,20.0329,20
1,4042,p1,1120,0.00010048,20.0598,20
1,2707,p1,1214,4.82399e-05,10.0414,10
1,4043,p1,1180,9.90851e-05,19.9701,20
1,4044,p1,1133,9.88628e-05,19.8994,20
1,4045,p1,1111,9.79364e-05,20.0002,20
1,4046,p1,1042,9.82577e-05,19.9703,20
1,4047,p1,1044,0.00010012,19.9767,20
1,2708,p1,1255,4.97982e-05,10.0391,10
1,4048,p1,1160,9.95308e-05,19.9079,20
1,4049,p1,1161,9.9267e-05,19.9321,20
1,2709,p1,1364,4.89952e-05,10.058,10
1,4050,p1,968,0.000100349,19.9841,20
1,4051,p1,1087,0.000102261,19.9164,20
1,4052,p1,1281,0.00010184,19.9266,20
1,4053,p1,1067,0.000103386,20.0006,20
1,4054,p1,1121,0.000101671,20.0056,20
1,2710,p1,1179,5.02166e-05,10.0764,10
1,2711,p1,1400,4.73329e-05,10.0377,10
1,4055,p1,1244,0.000101642,19.9437,20
1,4056,p1,1139,0.000101769,19.9421,20
1,4057,p1,1153,0.000102886,20.0463,20
1,2712,p1,1362,4.90598e-05,10.0624,10
1,2713,p1,1233,4.95632e-05,10.0574,10
1,4058,p1,1217,0.000103585,19.9835,20
1,4059,p1,1136,0.000103631,19.9898,20
1,2714,p1,1374,4.98119e-05,10.0703,10
1,4060,p1,1030,0.000102695,19.9119,20
1,2715,p1,1229,5.09435e-05,10.0354,10
1,2716,p1,1423,4.77312e-05,10.0459,10
1,4061,p1,1073,0.000101369,19.9649,20
1,4062,p1,1173,0.00010122,19.9983,20
1,4063,p1,1228,0.000100997,19.939,20
1,2717,p1,1254,5.12807e-05,10.0338,10
1,4064,p1,1104,0.000101884,20.0016,20
1,4065,p1,1179,0.000102494,19.9245,20
1,2718,p1,1360,5.32585e-05,10.0301,10
1,4066,p1,1052,0.000100242,20.0318,20
1,2719,p1,1362,5.12799e-05,10.0276,10
1,4067,p1,1078,0.000102014,19.9417,20
1,4068,p1,1199,0.000102362,19.9301,20
1,2720,p1,1163,5.53655e-05,10.0319,10
1,2721,p1,1297,5.39723e-05,10.016,10
1,4069,p1,1104,0.000103027,19.9679,20
1,4070,p1,1067,0.000102606,19.8958,20
1,4071,p1,1056,0.000103067,20.0084,20
1,4072,p1,1058,0.000102543,19.9141,20
1,2722,p1,1302,5.53122e-05,10.0472,10
1,4073,p1,1134,0.000102879,19.9932,20
1,2723,p1,1299,5.52563e-05,10.032,10
1,4074,p1,1149,0.0001035,20.0125,20
1,4075,p1,1202,0.000103538,20.0193,20
1,2724,p1,1278,5.59008e-05,10.0394,10
1,4076,p1,1215,0.000103501,20.0487,20
1,4077,p1,1075,0.000102584,19.9678,20
1,2725,p1,1282,5.75304e-05,10.0372,10
1,2726,p1,1229,5.68687e-05,10.0407,10
1,4078,p1,1174,0.000103545,19.9899,20
1,4079,p1,1023,0.000103649,19.9355,20
1,2727,p1,1285,5.51015e-05,10.0598,10
1,2728,p1,1346,5.56704e-05,10.0666,10
1,4080,p1,1195,0.000104616,19.9226,20
1,2729,p1,1229,5.33296e-05,10.0591,10
1,4081,p1,1071,0.000102539,19.92,20
1,4082,p1,1162,0.000102771,19.9036,20
1,4083,p1,1072,0.000102712,19.9613,20
1,2730,p1,1392,5.63644e-05,10.048,10
1,4084,p1,1126,0.000103552,19.9734,20
1,4085,p1,1110,0.000103261,19.9369,20
1,2731,p1,1247,5.45339e-05,10.0484,10
1,4086,p1,1237,0.000103059,19.95,20
1,4087,p1,1227,0.000102883,20.0313,20
1,2732,p1,1277,5.42882e-05,10.0452,10
1,4088,p1,1067,0.00010323,19.9394,20
1,2733,p1,1319,5.57098e-05,10.0553,10
1,2734,p1,1281,5.52012e-05,10.0287,10
1,2735,p1,1276,5.31694e-05,10.057,10
1,4089,p1,1082,0.000103354,19.9406,20
1,4090,p1,1104,0.000103535,19.9167,20
1,2736,p1,1300,5.14826e-05,10.0751,10
1,2737,p1,1511,5.32042e-05,10.0715,10
1,4091,p1,1195,0.000101997,19.9724,20
1,2738,p1,1292,5.2116e-05,10.0665,10
1,4092,p1,979,0.000102644,19.9522,20
1,4093,p1,1120,0.000102873,19.9495,20
1,2739,p1,1208,5.32776e-05,10.039,10
1,4094,p1,1026,0.000103162,19.9955,20
1,2740,p1,1351,5.3938e-05,10.0356,10
1,4095,p1,1113,0.000101504,20.0083,20
1,4096,p1,1115,0.000104413,19.9884,20
1,2741,p1,1235,5.42464e-05,10.0454,10
1,2742,p1,1201,5.33814e-05,10.0525,10
1,4097,p1,1094,0.00010424,19.9288,20
1,2743,p1,1437,5.27006e-05,10.0419,10
1,4098,p1,1012,0.000103299,19.8942,20
1,4099,p1,1235,0.000103735,19.9736,20
1,2744,p1,1289,5.30624e-05,10.0618,10
1,2745,p1,1374,5.26353e-05,10.0569,10
1,2746,p1,1317,5.50593e-05,10.0506,10
1,4100,p1,1207,0.000103916,19.9829,20
1,2747,p1,1389,5.38375e-05,10.0438,10
1,4101,p1,1119,0.000102404,20.0136,20
1,2748,p1,1330,5.4625e-05,10.0241,10
1,4102,p1,1084,0.000102226,19.9273,20
1,4103,p1,1202,0.000103426,20.0125,20
1,2749,p1,1342,5.30374e-05,10.0039,10
1,4104,p1,1141,0.000103576,19.989,20
1,2750,p1,1285,5.47677e-05,10.01,10
1,2751,p1,1295,5.35768e-05,10.0289,10
1,2752,p1,1317,5.35897e-05,10.0089,10
1,4105,p1,1080,0.00010443,20.0519,20
1,2753,p1,1329,4.87299e-05,10.0426,10
1,2754,p1,1250,5.12055e-05,10.0465,10
1,2755,p1,1317,5.34472e-05,10.0372,10
1,4106,p1,1138,0.000103532,19.8856,20
1,4107,p1,1093,0.000105673,20.0599,20
1,2756,p1,1364,5.05933e-05,10.0094,10
1,2757,p1,1319,5.07034e-05,10.006,10
1,2758,p1,1337,5.30376e-05,10.0077,10
1,2759,p1,1276,5.25433e-05,10.0034,10
1,2760,p1,1316,5.00612e-05,10.0088,10
1,4108,p1,1158,0.000105458,19.9379,20
1,4109,p1,1105,0.000104146,19.9936,20
1,4110,p1,1010,0.000107318,19.9566,20
1,2761,p1,1300,4.99452e-05,10.0207,10
1,4111,p1,1206,0.000107777,20.0401,20
1,2762,p1,1438,4.86018e-05,10.0188,10
1,2763,p1,1309,4.95254e-05,10.0107,10
1,4112,p1,1146,0.000107083,20.0055,20
1,2764,p1,1299,4.81554e-05,10.0003,10
1,2765,p1,1261,4.91584e-05,9.98192,10
1,4113,p1,1060,0.000106519,20.0271,20
1,2766,p1,1206,5.11001e-05,9.9883,10
1,2767,p1,1334,4.90419e-05,9.97539,10
1,4114,p1,1197,0.000107025,20.0663,20
1,2768,p1,1198,4.79036e-05,9.98245,10
1,4115,p1,1166,0.00010873,19.9133,20
1,2769,p1,1276,4.80631e-05,9.97884,10
1,2770,p1,1461,4.91752e-05,9.96595,10
1,4116,p1,1136,0.000106954,20.0089,20
1,2771,p1,1243,4.81399e-05,10.001,10
1,4117,p1,1033,0.000105492,19.8032,20
1,4118,p1,1200,0.000104101,19.8304,20
1,2772,p1,1248,4.86602e-05,9.98402,10
1,4119,p1,1095,0.000107238,19.9572,20
1,2773,p1,1339,4.97555e-05,9.96873,10
1,2774,p1,1330,5.13043e-05,9.94165,10
1,4120,p1,994,0.000107469,20.0371,20
1,2775,p1,1297,5.11254e-05,9.97545,10
1,2776,p1,1250,5.01788e-05,9.97523,10
1,4121,p1,1184,0.000106422,19.9863,20
1,2777,p1,1353,4.93318e-05,9.97823,10
1,2778,p1,1374,4.97954e-05,9.99026,10
1,2779,p1,1367,4.99729e-05,9.99717,10
1,2780,p1,1210,5.10614e-05,10.0283,10
1,4122,p1,1243,0.00010654,20.0037,20
1,2781,p1,1343,4.96668e-05,10.0006,10
1,2782,p1,1348,4.74708e-05,10.0169,10
1,4123,p1,1082,0.000107519,19.9887,20
1,4124,p1,981,0.000106805,20.0123,20
1,2783,p1,1310,4.79112e-05,10.0016,10
1,2784,p1,1257,4.87225e-05,10.0379,10
1,4125,p1,1125,0.000107588,19.958,20
1,2785,p1,1243,5.0065e-05,9.99804,10
1,4126,p1,1211,0.000106975,19.9786,20
1,2786,p1,1430,4.98452e-05,10.0245,10
1,4127,p1,1005,0.000106488,20.0129,20
1,4128,p1,1108,0.000106775,20.0149,20
1,2787,p1,1377,5.03174e-05,10.0175,10
1,4129,p1,1242,0.000108375,19.9057,20
1,4130,p1,1096,0.000108826,19.9657,20
1,4131,p1,1082,0.000107232,19.9183,20
1,2788,p1,1347,4.85878e-05,10.0227,10
1,2789,p1,1233,4.74243e-05,10.0294,10
1,2790,p1,1280,4.91573e-05,10.0428,10
1,4132,p1,1185,0.00010715,19.9026,20
1,4133,p1,1124,0.000107515,20.0544,20
1,2791,p1,1430,5.01667e-05,10.0555,10
1,4134,p1,1099,0.000107871,19.9288,20
1,2792,p1,1111,5.06046e-05,10.0448,10
1,2793,p1,1335,5.1282e-05,10.032,10
1,4135,p1,1142,0.000108339,19.9618,20
1,4136,p1,1027,0.000107612,19.9623,20
1,2794,p1,1341,4.99863e-05,10.0222,10
1,2795,p1,1251,5.14898e-05,10.0565,10
1,2796,p1,1355,5.23453e-05,10.0558,10
1,4137,p1,1115,0.00010575,19.8835,20
1,4138,p1,1051,0.000106102,19.9893,20
1,2797,p1,1370,5.31093e-05,10.0454,10
1,2798,p1,1283,5.30143e-05,10.0471,10
1,2799,p1,1328,5.41589e-05,10.0396,10
1,4139,p1,1109,0.000107762,20.0242,20
1,4140,p1,1136,0.000107173,19.9364,20
1,2800,p1,1313,5.48553e-05,10.0341,10
1,4141,p1,1161,0.000107122,19.8782,20
1,2801,p1,1493,5.3159e-05,10.0229,10
1,2802,p1,1252,5.42774e-05,10.0113,10
1,4142,p1,1040,0.000108146,19.9943,20
1,4143,p1,1086,0.000106318,20.1528,20
1,2803,p1,1375,5.54612e-05,10.0389,10
1,2804,p1,1262,5.57393e-05,10.0226,10
1,4144,p1,1163,0.000107594,19.9977,20
1,4145,p1,1025,0.000107461,20.0445,20
1,4146,p1,1001,0.000107712,20.0938,20
1,2805,p1,1288,5.45878e-05,9.99683,10
1,4147,p1,1192,0.000107561,20.0519,20
1,4148,p1,1093,0.000106318,20.0007,20
1,2806,p1,1355,5.57978e-05,10.0082,10
1,4149,p1,974,0.000107887,19.977,20
1,2807,p1,1288,5.51628e-05,10.0276,10
1,4150,p1,1135,0.000105202,19.9356,20
1,4151,p1,1089,0.000106616,20.0091,20
1,2808,p1,1195,5.55408e-05,10.0247,10
1,4152,p1,1145,0.000106662,19.9617,20
1,4153,p1,1096,0.000106326,19.9952,20
1,2809,p1,1354,5.50321e-05,10.0268,10
1,4154,p1,1116,0.000104765,20.0051,20
1,2810,p1,1405,5.61902e-05,10.005,10
1,4155,p1,1051,0.000104635,19.9591,20
1,4156,p1,1273,0.000104694,19.9364,20
1,2811,p1,1296,5.64645e-05,9.99791,10
1,2812,p1,1380,5.53616e-05,10.0087,10
1,4157,p1,1107,0.000103787,19.9608,20
1,2813,p1,1281,5.5944e-05,10.0013,10
1,4158,p1,1118,0.000104753,19.9717,20
1,4159,p1,1057,0.000103574,19.939,20
1,2814,p1,1246,5.64979e-05,9.99739,10
1,4160,p1,1012,0.000102874,19.8586,20
1,2815,p1,1328,5.62569e-05,10.024,10
1,4161,p1,987,0.000102163,19.9454,20
1,2816,p1,1240,5.44499e-05,10.0018,10
1,4162,p1,1126,0.000102225,20.0154,20
1,2817,p1,1420,5.26265e-05,10.0008,10
1,4163,p1,1198,0.000102521,19.9849,20
1,2818,p1,1261,5.22078e-05,10.0339,10
1,4164,p1,1053,0.000102945,19.9059,20
1,4165,p1,1262,0.000102093,19.9108,20
1,4166,p1,1249,0.000102783,19.9581,20
1,2819,p1,1261,5.26571e-05,10.0246,10
1,2820,p1,1265,5.16119e-05,10.0158,10
1,2821,p1,1380,5.06338e-05,10.0254,10
1,2822,p1,1322,5.03145e-05,10.0134,10
1,4167,p1,1160,0.000102654,19.9225,20
1,4168,p1,960,0.000103117,19.917,20
1,2823,p1,1163,5.43304e-05,10.0014,10
1,2824,p1,1253,5.11719e-05,10.0108,10
1,2825,p1,1421,5.23111e-05,9.99057,10
1,4169,p1,1095,0.000101358,19.9487,20
1,2826,p1,1235,5.1346e-05,9.99175,10
1,2827,p1,1285,5.1374e-05,9.99889,10
1,2828,p1,1318,4.97884e-05,9.98813,10
1,4170,p1,1107,0.000101246,19.9437,20
1,2829,p1,1307,4.76726e-05,10.0123,10
1,4171,p1,1127,0.000102111,19.909,20
1,2830,p1,1256,4.80578e-05,9.97323,10
1,4172,p1,1135,0.000103046,19.992,20
1,4173,p1,1154,0.000102221,19.9265,20
1,4174,p1,1025,0.000101681,19.9983,20
1,2831,p1,1315,4.78681e-05,9.99181,10
1,4175,p1,1120,0.000101098,20.0016,20
1,2832,p1,1289,4.73081e-05,10.015,10
1,4176,p1,1093,0.000103492,19.9312,20
1,4177,p1,1103,0.000103459,20.0154,20
1,2833,p1,1202,4.92302e-05,9.9966,10
1,4178,p1,1157,0.000101809,20.0204,20
1,4179,p1,1035,0.000102176,19.9249,20
1,2834,p1,1333,4.90345e-05,10.0076,10
1,4180,p1,1222,0.000103673,20.0596,20
1,4181,p1,1006,0.000104369,19.9933,20
1,2835,p1,1266,4.72187e-05,9.9802,10
1,4182,p1,1122,0.000103188,20.0215,20
1,4183,p1,1123,0.000104077,19.9711,20
1,2836,p1,1314,4.91835e-05,9.99858,10
1,2837,p1,1425,4.74641e-05,10.0057,10
1,4184,p1,1076,0.000101811,20.0142,20
1,4185,p1,1065,0.0001039,19.9445,20
1,4186,p1,1125,0.000103255,19.9596,20
1,2838,p1,1418,4.78712e-05,10.0135,10
1,2839,p1,1360,4.60627e-05,9.99379,10
1,4187,p1,1214,0.00010512,19.9959,20
1,2840,p1,1411,4.7008e-05,9.99684,10
1,4188,p1,1024,0.000105519,20.0335,20
1,2841,p1,1203,4.81126e-05,10.0117,10
1,4189,p1,1049,0.000103932,19.9509,20
1,4190,p1,1206,0.000103538,20.009,20
1,2842,p1,1363,4.7952e-05,10.0234,10
1,4191,p1,1320,0.000103507,19.9711,20
1,4192,p1,999,0.00010478,19.9908,20
1,2843,p1,1297,4.54351e-05,10.0104,10
1,4193,p1,1077,0.000105288,20.062,20
1,2844,p1,1372,4.80698e-05,10.0211,10
1,2845,p1,1378,4.6454e-05,10.0341,10
1,4194,p1,1134,0.000102764,20.0927,20
1,4195,p1,1133,0.000102018,19.9351,20
1,2846,p1,1350,4.46735e-05,10.0127,10
1,2847,p1,1300,4.5392e-05,10.0079,10
1,2848,p1,1410,4.60177e-05,10.0247,10
1,2849,p1,1362,4.77481e-05,10.018,10
1,4196,p1,1058,0.000103753,20.0446,20
1,4197,p1,1113,0.000104267,20.0601,20
1,2850,p1,1232,4.66788e-05,10.0204,10
1,2851,p1,1322,4.64534e-05,10.0129,10
1,4198,p1,1098,0.000104356,20.0253,20
1,4199,p1,1044,0.000104581,20.0054,20
1,2852,p1,1332,4.48142e-05,10.033,10
1,2853,p1,1273,4.72001e-05,10.0107,10
1,2854,p1,1234,4.73465e-05,10.0263,10
1,4200,p1,1032,0.000102692,20.0329,20
1,4201,p1,1179,0.000104125,20.0057,20
1,4202,p1,1077,0.000105084,19.9332,20
1,2855,p1,1410,4.79291e-05,10.0165,10
1,4203,p1,1081,0.000103917,19.9757,20
1,2856,p1,1352,4.86657e-05,10.0394,10
1,2857,p1,1219,4.74517e-05,10.0249,10
1,4204,p1,1119,0.000103521,20.0669,20
1,4205,p1,1050,0.000105582,19.9822,20
1,2858,p1,1239,5.0239e-05,10.0422,10
1,4206,p1,1233,0.00010458,20.0587,20
1,2859,p1,1437,4.99138e-05,10.0515,10
1,2860,p1,1236,5.02174e-05,10.035,10
1,2861,p1,1218,4.9277e-05,10.0234,10
1,4207,p1,1167,0.00010521,19.9682,20
1,2862,p1,1245,5.00956e-05,10.0338,10
1,4208,p1,1014,0.000104597,20.0121,20
1,2863,p1,1340,5.04206e-05,10.0349,10
1,4209,p1,1115,0.000104523,19.9895,20
1,2864,p1,1243,4.99612e-05,10.0157,10
1,4210,p1,1072,0.000104341,19.9799,20
1,2865,p1,1387,4.93304e-05,10.0109,10
1,4211,p1,1089,0.000105119,20.0014,20
1,4212,p1,1140,0.000103667,19.8959,20
1,2866,p1,1217,4.83966e-05,10.0191,10
1,4213,p1,1048,0.000102015,20.0134,20
1,2867,p1,1271,4.58555e-05,9.99951,10
1,2868,p1,1356,4.86696e-05,9.98855,10
1,4214,p1,1033,0.000102998,19.9086,20
1,4215,p1,1212,0.000103004,19.9807,20
1,2869,p1,1357,4.83557e-05,9.98295,10
1,4216,p1,1181,0.000100914,19.9905,20
1,2870,p1,1338,4.66084e-05,9.98504,10
1,4217,p1,1139,0.000102097,19.9272,20
1,2871,p1,1356,4.49804e-05,9.99956,10
1,4218,p1,1043,0.000101719,20.0614,20
1,4219,p1,1095,0.000101133,20.0734,20
1,4220,p1,1165,0.000103622,20.0541,20
1,2872,p1,1396,4.74633e-05,9.97111,10
1,4221,p1,1084,0.000102324,20.0066,20
1,2873,p1,1274,4.56999e-05,9.96984,10
1,4222,p1,1132,0.000100073,20.1105,20
1,2874,p1,1335,4.61123e-05,9.96959,10
1,4223,p1,1174,0.000100193,20.0039,20
1,2875,p1,1331,4.73851e-05,10.0015,10
1,2876,p1,1278,4.68333e-05,9.99401,10
1,4224,p1,1113,9.82234e-05,20.0157,20
1,2877,p1,1335,4.59423e-05,10.006,10
1,4225,p1,1013,9.88148e-05,20.0534,20
1,4226,p1,1094,9.67496e-05,20.0638,20
1,2878,p1,1435,4.67514e-05,10.0008,10
1,4227,p1,1114,9.58879e-05,20.0311,20
1,2879,p1,1252,4.87904e-05,10.0016,10
1,4228,p1,1139,9.65471e-05,19.994,20
1,4229,p1,1183,9.69041e-05,20.0347,20
1,2880,p1,1128,4.91505e-05,9.99832,10
1,2881,p1,1230,4.71286e-05,9.98256,10
1,4230,p1,1048,9.63011e-05,19.9777,20
1,4231,p1,1192,9.64058e-05,19.9793,20
1,2882,p1,1398,4.82351e-05,10.002,10
1,4232,p1,960,9.4886e-05,20.0175,20
1,4233,p1,1105,9.55351e-05,20.1008,20
1,2883,p1,1364,4.93819e-05,10.002,10
1,2884,p1,1395,4.76488e-05,10.0037,10
1,4234,p1,1263,9.6247e-05,20.0544,20
1,4235,p1,997,9.55321e-05,19.9291,20
1,2885,p1,1127,4.61134e-05,9.9994,10
1,4236,p1,1173,9.59523e-05,19.9368,20
1,2886,p1,1399,4.72089e-05,10.0046,10
1,2887,p1,1222,4.64291e-05,9.99947,10
1,4237,p1,1058,9.54409e-05,19.9316,20
1,2888,p1,1251,4.75433e-05,10.0063,10
1,4238,p1,1098,9.78515e-05,20.0482,20
1,2889,p1,1341,4.53877e-05,9.9847,10
1,4239,p1,1164,9.68752e-05,19.9536,20
1,4240,p1,1047,9.59162e-05,19.9066,20
1,4241,p1,1037,9.79481e-05,20.1093,20
1,2890,p1,1324,4.44752e-05,10.0051,10
1,4242,p1,1150,9.60223e-05,19.9921,20
1,2891,p1,1300,4.34552e-05,9.98557,10
1,4243,p1,1145,9.67132e-05,20.0283,20
1,4244,p1,1075,9.6721e-05,20.0031,20
1,2892,p1,1299,4.45878e-05,10.0013,10
1,2893,p1,1381,4.51703e-05,9.97919,10
1,4245,p1,1116,9.4553e-05,20.0621,20
1,2894,p1,1267,4.67679e-05,9.98961,10
1,4246,p1,1012,9.27227e-05,19.9832,20
1,2895,p1,1297,4.70333e-05,10.024,10
1,2896,p1,1339,4.51756e-05,10.0138,10
1,4247,p1,1163,9.10571e-05,20.057,20
1,2897,p1,1221,4.52043e-05,10.0036,10
1,4248,p1,1065,9.40684e-05,19.9512,20
1,4249,p1,1169,9.31383e-05,19.9656,20
1,2898,p1,1342,4.65048e-05,10.0024,10
1,4250,p1,1139,9.31188e-05,20.0092,20
1,4251,p1,1141,9.34932e-05,20.0808,20
1,2899,p1,1351,4.58652e-05,10.0018,10
1,4252,p1,1002,9.34775e-05,19.9273,20
1,2900,p1,1294,4.57592e-05,9.97433,10
1,4253,p1,1052,9.50832e-05,19.9921,20
1,4254,p1,1236,9.38894e-05,20.08,20
1,2901,p1,1397,4.47843e-05,9.99436,10
1,4255,p1,1125,9.39508e-05,20.0056,20
1,4256,p1,965,9.22158e-05,20.0274,20
1,2902,p1,1323,4.51542e-05,9.99161,10
1,4257,p1,1155,9.28952e-05,19.9873,20
1,2903,p1,1323,4.68364e-05,9.99428,10
1,4258,p1,1169,9.19796e-05,20.0023,20
1,2904,p1,1316,4.44955e-05,10.0097,10
1,2905,p1,1185,4.53332e-05,10.0141,10
1,4259,p1,979,9.11744e-05,19.988,20
1,4260,p1,1081,9.16578e-05,20.1207,20
1,2906,p1,1380,4.52772e-05,10.0055,10
1,4261,p1,1195,9.18511e-05,20.0882,20
1,2907,p1,1295,4.51043e-05,9.96881,10
1,4262,p1,1241,9.1162e-05,19.957,20
1,2908,p1,1219,4.6294e-05,9.98125,10
1,4263,p1,1022,9.2661e-05,20.051,20
1,4264,p1,1143,9.21259e-05,19.9767,20
1,4265,p1,1129,9.07359e-05,19.9654,20
1,2909,p1,1350,4.70982e-05,10.0348,10
1,4266,p1,1235,9.19321e-05,19.9879,20
1,2910,p1,1381,4.70325e-05,10.0374,10
1,2911,p1,1270,4.35879e-05,10.0213,10
1,4267,p1,1020,9.13647e-05,20.0155,20
1,2912,p1,1511,4.40802e-05,10.0083,10
1,4268,p1,1073,9.01227e-05,19.89,20
1,2913,p1,1260,4.3313e-05,10.0235,10
1,4269,p1,1084,9.09634e-05,19.9603,20
1,2914,p1,1279,4.39837e-05,9.99447,10
1,4270,p1,1184,9.1217e-05,19.9477,20
1,4271,p1,1105,9.03702e-05,19.9078,20
1,2915,p1,1410,4.50036e-05,10.0171,10
1,4272,p1,1100,8.83951e-05,19.9408,20
1,2916,p1,1388,4.59453e-05,10.0164,10
1,4273,p1,1035,8.86814e-05,20.0211,20
1,4274,p1,1172,8.97795e-05,20.0277,20
1,4275,p1,1132,8.91904e-05,19.8977,20
1,2917,p1,1229,4.55547e-05,10.0034,10
1,4276,p1,1030,8.69332e-05,19.8378,20
1,2918,p1,1330,4.33168e-05,10.0244,10
1,4277,p1,1249,8.95522e-05,19.9307,20
1,2919,p1,1351,4.36266e-05,10.033,10
1,4278,p1,1190,8.7615e-05,19.8951,20
1,4279,p1,1107,8.96181e-05,19.9416,20
1,2920,p1,1354,4.42453e-05,10.0213,10
1,2921,p1,1201,4.48076e-05,10.0272,10
1,4280,p1,1118,8.64198e-05,19.9264,20
1,2922,p1,1192,4.49932e-05,10.0132,10
1,4281,p1,1011,8.91475e-05,19.95,20
1,2923,p1,1415,4.55337e-05,10.0066,10
1,4282,p1,1113,8.94986e-05,19.9929,20
1,4283,p1,1047,8.85734e-05,19.9988,20
1,2924,p1,1257,4.51005e-05,10.0169,10
1,4284,p1,1121,8.73149e-05,19.852,20
1,2925,p1,1237,4.60162e-05,10.0238,10
1,4285,p1,1195,8.84002e-05,19.9592,20
1,2926,p1,1375,4.53091e-05,10.0172,10
1,2927,p1,1311,4.55853e-05,10.0266,10
1,4286,p1,1054,8.90264e-05,20.0686,20
1,2928,p1,1297,4.41608e-05,9.99765,10
1,4287,p1,1116,8.9038e-05,20.0126,20
1,4288,p1,1092,8.91155e-05,19.9626,20
1,4289,p1,1125,8.95422e-05,19.9722,20
1,4290,p1,1032,8.84444e-05,19.9194,20
1,2929,p1,1371,4.57965e-05,10.0187,10
1,2930,p1,1335,4.8788e-05,10.0154,10
1,4291,p1,1213,8.75451e-05,19.8724,20
1,2931,p1,1275,4.78543e-05,9.98792,10
1,4292,p1,1223,8.8837e-05,19.983,20
1,4293,p1,1096,9.06407e-05,20.1105,20
1,2932,p1,1446,4.71713e-05,10.0214,10
1,4294,p1,1167,8.89469e-05,20.0027,20
1,2933,p1,1151,4.77448e-05,10.0193,10
1,4295,p1,1081,9.00753e-05,20.0432,20
1,4296,p1,1059,8.72478e-05,20.0211,20
1,4297,p1,1129,8.82601e-05,19.9457,20
1,2934,p1,1297,4.61105e-05,10.0148,10
1,2935,p1,1412,4.45946e-05,10.0089,10
1,4298,p1,1025,8.75439e-05,19.9838,20
1,2936,p1,1314,4.5202e-05,10.008,10
1,2937,p1,1289,4.48765e-05,10.0018,10
1,4299,p1,1117,8.75244e-05,19.9728,20
1,2938,p1,1391,4.42363e-05,9.99806,10
1,2939,p1,1305,4.43091e-05,9.99231,10
1,2940,p1,1256,4.47429e-05,9.98199,10
1,2941,p1,1382,4.46673e-05,9.99184,10
1,2942,p1,1322,4.35767e-05,9.97776,10
1,4300,p1,1109,8.56717e-05,19.8841,20
1,4301,p1,1114,8.68898e-05,19.8927,20
1,2943,p1,1392,4.25687e-05,10.0012,10
1,2944,p1,1430,4.35068e-05,9.99646,10
1,4302,p1,1149,8.42506e-05,19.924,20
1,2945,p1,1328,4.30741e-05,10.018,10
1,2946,p1,1262,4.22308e-05,10.0207,10
1,2947,p1,1381,4.2032e-05,10.0229,10
1,2948,p1,1399,4.3383e-05,10.0007,10
1,2949,p1,1299,4.27585e-05,9.98678,10
1,4303,p1,1043,8.49409e-05,19.9748,20
1,2950,p1,1229,4.4345e-05,10.0023,10
1,4304,p1,1149,8.48388e-05,19.9375,20
1,2951,p1,1438,4.23821e-05,9.9885,10
1,2952,p1,1364,4.40935e-05,9.97889,10
1,2953,p1,1317,4.33388e-05,9.97544,10
1,4305,p1,1056,8.45594e-05,19.8977,20
1,2954,p1,1150,4.28624e-05,10.0069,10
1,2955,p1,1317,4.32543e-05,9.99639,10
1,2956,p1,1393,4.26538e-05,9.96923,10
1,4306,p1,1076,8.65121e-05,20.0403,20
1,4307,p1,1139,8.49214e-05,19.9343,20
1,4308,p1,1090,8.66737e-05,19.933,20
1,2957,p1,1185,4.31799e-05,9.9719,10
1,2958,p1,1271,4.23534e-05,9.97762,10
1,2959,p1,1360,4.38715e-05,9.95706,10
1,4309,p1,1052,8.57957e-05,19.8967,20
1,4310,p1,1104,8.62378e-05,19.9725,20
1,4311,p1,1001,8.43344e-05,19.9454,20
1,2960,p1,1366,4.2851e-05,9.96543,10
1,2961,p1,1331,4.45302e-05,9.97875,10
1,4312,p1,1049,8.50184e-05,19.9585,20
1,4313,p1,1173,8.55331e-05,20.0071,20
1,4314,p1,1115,8.50328e-05,19.9472,20
1,2962,p1,1336,4.47306e-05,9.98385,10
1,4315,p1,1157,8.65519e-05,19.9187,20
1,4316,p1,1044,8.60501e-05,19.9429,20
1,4317,p1,1118,8.56606e-05,19.9169,20
1,4318,p1,1094,8.5385e-05,19.9313,20
1,2963,p1,1332,4.41953e-05,9.9708,10
1,4319,p1,1201,8.58166e-05,19.9841,20
1,2964,p1,1275,4.53908e-05,9.97681,10
1,2965,p1,1281,4.51094e-05,9.99061,10
1,2966,p1,1299,4.59136e-05,9.98257,10
1,4320,p1,1248,8.46937e-05,19.9052,20
1,4321,p1,1206,8.6199e-05,19.939,20
1,2967,p1,1317,4.64884e-05,9.99982,10
1,2968,p1,1230,4.38925e-05,10.0115,10
1,4322,p1,1027,8.48728e-05,19.8783,20
1,4323,p1,1139,8.52987e-05,19.889,20
1,2969,p1,1408,4.42155e-05,10.0353,10
1,2970,p1,1282,4.27111e-05,10.037,10
1,2971,p1,1199,4.1864e-05,10.0496,10
1,4324,p1,1069,8.48915e-05,19.8593,20
1,4325,p1,1115,8.65966e-05,19.9541,20
1,2972,p1,1330,4.31549e-05,10.0311,10
1,4326,p1,1185,8.70824e-05,19.9489,20
1,2973,p1,1295,4.19582e-05,9.99718,10
1,4327,p1,1099,8.6625e-05,19.9325,20
1,4328,p1,1157,8.59434e-05,19.8816,20
1,4329,p1,1131,8.77074e-05,19.9756,20
1,4330,p1,1191,8.6089e-05,19.8705,20
1,2974,p1,1396,4.01228e-05,10.0402,10
1,2975,p1,1310,3.97643e-05,10.0366,10
1,4331,p1,1060,8.81799e-05,20.0705,20
1,2976,p1,1237,3.80322e-05,10.0605,10
1,4332,p1,1169,8.94375e-05,20.0204,20
1,2977,p1,1252,3.97798e-05,10.0199,10
1,4333,p1,1047,8.67706e-05,19.962,20
1,2978,p1,1344,4.0597e-05,10.0216,10
1,4334,p1,1124,8.82002e-05,19.9961,20
1,4335,p1,1212,8.86588e-05,20.02,20
1,2979,p1,1355,3.82238e-05,10.0292,10
1,4336,p1,1073,8.71638e-05,19.9424,20
1,2980,p1,1178,3.88707e-05,10.0313,10
1,4337,p1,1183,8.84027e-05,20.0714,20
1,2981,p1,1356,3.85219e-05,10.018,10
1,4338,p1,1158,8.81746e-05,19.9471,20
1,4339,p1,1027,8.62137e-05,19.9749,20
1,4340,p1,1112,8.71178e-05,20.0574,20
1,2982,p1,1252,3.96521e-05,10.0138,10
1,4341,p1,1088,8.64686e-05,20.0474,20
1,4342,p1,1211,8.39261e-05,19.8915,20
1,4343,p1,1139,8.63601e-05,20.0218,20
1,2983,p1,1334,4.1161e-05,10.0188,10
1,4344,p1,1102,8.57488e-05,19.8848,20
1,2984,p1,1295,4.0933e-05,10.0214,10
1,4345,p1,1331,8.19432e-05,19.7936,20
1,2985,p1,1290,4.11455e-05,10.0177,10
1,4346,p1,1076,8.6309e-05,19.9592,20
1,4347,p1,1074,8.33448e-05,19.9909,20
1,4348,p1,1073,8.24209e-05,19.9801,20
1,2986,p1,1340,3.88149e-05,10.0215,10
1,2987,p1,1388,3.81556e-05,10.0202,10
1,4349,p1,1153,8.35975e-05,19.9678,20
1,4350,p1,1105,8.48825e-05,19.988,20
1,4351,p1,1121,8.61903e-05,19.9323,20
1,4352,p1,1177,8.48693e-05,19.9589,20
1,2988,p1,1289,3.89405e-05,10.022,10
1,4353,p1,1232,8.61656e-05,19.9309,20
1,2989,p1,1274,3.85072e-05,10.0513,10
1,4354,p1,1160,8.50517e-05,19.9895,20
1,2990,p1,1375,3.88265e-05,10.0228,10
1,2991,p1,1285,3.90351e-05,10.018,10
1,4355,p1,1147,8.65854e-05,20.012,20
1,4356,p1,1078,8.57424e-05,19.9774,20
1,2992,p1,1360,3.90582e-05,9.98075,10
1,2993,p1,1308,3.7689e-05,9.98454,10
1,2994,p1,1313,3.83775e-05,9.99254,10
1,2995,p1,1378,3.90683e-05,9.98882,10
1,4357,p1,1128,8.48508e-05,19.8794,20
1,4358,p1,1109,8.12269e-05,19.874,20
1,4359,p1,1112,8.45919e-05,20.009,20
1,4360,p1,1122,8.49698e-05,19.9622,20
1,2996,p1,1315,3.66969e-05,9.97423,10
1,4361,p1,1113,8.4974e-05,19.9607,20
1,2997,p1,1312,3.66145e-05,9.97583,10
1,2998,p1,1301,3.76742e-05,9.96728,10
1,4362,p1,1129,8.38106e-05,19.9774,20
1,4363,p1,993,8.16959e-05,20.0024,20
1,2999,p1,1209,3.76127e-05,9.99052,10
1,4364,p1,1088,8.15383e-05,20,20
1,4365,p1,1129,8.14014e-05,19.9724,20
1,3000,p1,1371,3.64197e-05,10.0082,10
1,4366,p1,1029,8.12738e-05,20.0155,20
1,3001,p1,1211,3.47655e-05,10.0116,10
1,3002,p1,1345,3.53549e-05,10.0186,10
1,3003,p1,1265,3.67783e-05,10.0069,10
1,4367,p1,1160,8.07193e-05,20.0119,20
1,4368,p1,1040,8.29969e-05,19.997,20
1,4369,p1,976,8.35361e-05,19.9579,20
1,3004,p1,1307,3.60369e-05,10.0131,10
1,3005,p1,1316,3.58011e-05,10.0142,10
1,4370,p1,1235,8.21376e-05,19.8595,20
1,3006,p1,1464,3.50952e-05,10.0293,10
1,3007,p1,1279,3.63637e-05,10.0238,10
1,4371,p1,1230,8.43368e-05,19.9713,20
1,4372,p1,981,7.87741e-05,19.9258,20
1,4373,p1,1239,7.77889e-05,19.9566,20
1,4374,p1,1055,7.52257e-05,19.9198,20
1,4375,p1,1004,7.56338e-05,20.0075,20
1,4376,p1,1139,7.40949e-05,19.8695,20
1,4377,p1,1118,7.35153e-05,19.9072,20
1,3008,p1,1338,3.69096e-05,10.0216,10
1,4378,p1,1052,7.42336e-05,19.9224,20
1,3009,p1,1297,3.59271e-05,10.0129,10
1,3010,p1,1323,3.5859e-05,10.0048,10
1,4379,p1,1136,7.24311e-05,19.9257,20
1,4380,p1,1176,7.17309e-05,19.9291,20
1,3011,p1,1447,3.44592e-05,10.0076,10
1,4381,p1,950,7.48161e-05,20.0359,20
1,4382,p1,1179,7.49529e-05,19.9263,20
1,4383,p1,1081,7.3329e-05,19.8911,20
1,4384,p1,1057,7.62808e-05,20.0575,20
1,4385,p1,1127,7.72893e-05,20.0117,20
1,4386,p1,1235,7.24656e-05,19.9956,20
1,4387,p1,1105,7.14455e-05,20.01,20
1,3012,p1,1393,3.57973e-05,9.99485,10
1,4388,p1,1054,7.31919e-05,19.9014,20
1,4389,p1,986,7.32092e-05,19.9935,20
1,4390,p1,1360,7.36071e-05,19.9843,20
1,4391,p1,1065,7.17192e-05,19.982,20
1,3013,p1,1341,3.43852e-05,10.0004,10
1,4392,p1,1024,7.37775e-05,19.9741,20
1,4393,p1,1116,6.90607e-05,19.8538,20
1,4394,p1,1106,7.06465e-05,19.9273,20
1,4395,p1,1141,7.03384e-05,20.0256,20
1,4396,p1,1188,6.80362e-05,19.9499,20
1,4397,p1,1088,6.82692e-05,19.9271,20
1,4398,p1,1021,7.10292e-05,19.9705,20
1,4399,p1,1205,7.30954e-05,20.011,20
1,3014,p1,1285,3.45821e-05,10.0045,10
1,4400,p1,1125,7.21431e-05,19.9911,20
1,4401,p1,1107,7.09868e-05,20.0036,20
1,3015,p1,1319,3.42613e-05,10.0057,10
1,4402,p1,1155,7.16919e-05,19.8657,20
1,4403,p1,1061,6.67067e-05,19.9368,20
1,3016,p1,1307,3.08388e-05,10.0204,10
1,4404,p1,1186,6.8443e-05,19.9961,20
1,4405,p1,1069,7.2146e-05,20.0337,20
1,4406,p1,1075,7.01411e-05,19.9453,20
1,3017,p1,1278,3.16869e-05,9.99134,10
1,3018,p1,1348,3.1242e-05,10.0093,10
1,4407,p1,1166,7.08778e-05,20.0087,20
1,3019,p1,1368,3.03486e-05,10.008,10
1,3020,p1,1255,2.93175e-05,9.99912,10
1,4408,p1,1094,7.19881e-05,19.9858,20
1,3021,p1,1342,3.05722e-05,10.0123,10
1,4409,p1,1048,7.34228e-05,20.0166,20
1,3022,p1,1359,3.02416e-05,9.99933,10
1,4410,p1,1220,6.84742e-05,19.9303,20
1,4411,p1,1043,7.15582e-05,20.0102,20
1,3023,p1,1210,2.74232e-05,10.0148,10
1,3024,p1,1297,2.76706e-05,10.008,10
1,4412,p1,1102,7.87376e-05,20.0007,20
1,3025,p1,1448,2.7767e-05,9.99144,10
1,3026,p1,1343,2.85444e-05,9.99623,10
1,3027,p1,1260,2.97765e-05,9.99603,10
1,4413,p1,1118,7.25514e-05,19.9097,20
1,3028,p1,1345,2.59728e-05,10.0041,10
1,3029,p1,1215,2.58366e-05,10.0163,10
1,4414,p1,1236,7.39994e-05,20.0437,20
1,4415,p1,1087,7.18845e-05,19.991,20
1,3030,p1,1380,2.57971e-05,10.0416,10
1,3031,p1,1357,2.6915e-05,10.0122,10
1,4416,p1,1151,7.0862e-05,20.0198,20
1,3032,p1,1307,2.63346e-05,10.0254,10
1,4417,p1,1036,7.0943e-05,19.9115,20
1,4418,p1,1079,6.97557e-05,19.9985,20
1,3033,p1,1341,2.65618e-05,10.0107,10
1,4419,p1,1154,7.21899e-05,20.0758,20
1,3034,p1,1290,2.7701e-05,9.99407,10
1,4420,p1,1114,7.00086e-05,20.1272,20
1,4421,p1,1089,7.16258e-05,19.9054,20
1,3035,p1,1301,2.85634e-05,9.99544,10
1,3036,p1,1475,2.73978e-05,10.0109,10
1,4422,p1,1122,6.62361e-05,19.9282,20
1,3037,p1,1280,2.88549e-05,9.99138,10
1,3038,p1,1321,2.62565e-05,9.99609,10
1,3039,p1,1337,2.71376e-05,9.99929,10
1,3040,p1,1231,2.63799e-05,9.98361,10
1,4423,p1,1153,7.4217e-05,20.043,20
1,4424,p1,1020,7.19512e-05,19.933,20
1,4425,p1,1153,7.09106e-05,19.9918,20
1,4426,p1,980,7.2195e-05,20.1476,20
1,4427,p1,1067,6.96583e-05,20.067,20
1,3041,p1,1324,2.77e-05,9.97305,10
1,4428,p1,1056,6.70969e-05,19.9748,20
1,4429,p1,1209,6.68628e-05,20.0126,20
1,4430,p1,1059,6.34516e-05,19.9853,20
1,4431,p1,1145,7.05088e-05,20.0273,20
1,4432,p1,1001,7.12526e-05,20.1153,20
1,4433,p1,1040,6.6606e-05,19.9582,20
1,4434,p1,1136,6.78037e-05,19.9685,20
1,3042,p1,1272,2.96201e-05,9.99005,10
1,4435,p1,1038,6.36371e-05,20.0133,20
1,4436,p1,1071,6.86115e-05,19.9299,20
1,4437,p1,1149,6.57534e-05,19.9634,20
1,3043,p1,1356,2.75651e-05,10.0054,10
1,3044,p1,1261,2.70397e-05,9.9854,10
1,4438,p1,1067,6.3964e-05,19.9739,20
1,4439,p1,1100,6.52733e-05,20.0031,20
1,4440,p1,1032,6.47379e-05,19.9347,20
1,3045,p1,1371,2.72744e-05,10.0166,10
1,4441,p1,1108,6.51974e-05,20.0133,20
1,4442,p1,1223,6.59336e-05,19.9717,20
1,3046,p1,1382,2.76503e-05,9.99767,10
1,4443,p1,1076,6.29486e-05,19.9872,20
1,4444,p1,1053,6.09719e-05,19.9254,20
1,3047,p1,1442,2.70215e-05,10.0212,10
1,4445,p1,1273,6.21633e-05,20.066,20
1,3048,p1,1293,2.79445e-05,10.0084,10
1,4446,p1,998,6.46738e-05,20.0658,20
1,4447,p1,1131,6.46189e-05,20.0674,20
1,3049,p1,1212,2.83009e-05,10.0087,10
1,4448,p1,1140,6.05444e-05,19.9669,20
1,3050,p1,1161,2.79099e-05,10.0331,10
1,3051,p1,1428,2.92566e-05,10.0177,10
1,4449,p1,1145,6.06367e-05,20.0434,20
1,3052,p1,1437,2.70137e-05,10.0132,10
1,3053,p1,1371,2.86126e-05,9.97228,10
1,4450,p1,1043,6.14224e-05,20.0854,20
1,4451,p1,1111,6.05135e-05,20.0634,20
1,4452,p1,1150,6.15374e-05,20.0751,20
1,4453,p1,1206,5.94072e-05,20.015,20
1,3054,p1,1180,2.70395e-05,9.98107,10
1,4454,p1,1104,5.56976e-05,19.9851,20
1,4455,p1,1087,5.30434e-05,19.9965,20
1,3055,p1,1329,2.75686e-05,9.97189,10
1,4456,p1,1104,5.50769e-05,20.0271,20
1,3056,p1,1488,2.72215e-05,9.98962,10
1,4457,p1,1217,5.68265e-05,20.0502,20
1,3057,p1,1297,2.85438e-05,9.98672,10
1,3058,p1,1347,3.07422e-05,9.99145,10
1,4458,p1,1088,5.72762e-05,20.0986,20
1,3059,p1,1335,3.14181e-05,9.98954,10
1,4459,p1,1183,5.35438e-05,20.0103,20
1,4460,p1,1005,5.90065e-05,20.0161,20
1,4461,p1,1217,5.50381e-05,19.9695,20
1,3060,p1,1284,3.17069e-05,9.99399,10
1,4462,p1,1119,5.6114e-05,20.0656,20
1,3061,p1,1420,3.03663e-05,9.98306,10
1,4463,p1,975,5.6718e-05,20.0913,20
1,4464,p1,1059,5.27604e-05,20.0331,20
1,4465,p1,1108,5.13327e-05,20.0361,20
1,3062,p1,1134,3.355e-05,9.97876,10
1,3063,p1,1342,3.073e-05,9.99731,10
1,4466,p1,1095,5.30436e-05,20.1473,20
1,4467,p1,1116,5.553e-05,20.0006,20
1,4468,p1,1166,5.13828e-05,20.111,20
1,3064,p1,1237,3.16612e-05,9.99499,10
1,4469,p1,1056,5.01708e-05,20.0799,20
1,3065,p1,1313,3.24756e-05,9.98361,10
1,3066,p1,1341,3.25414e-05,9.99522,10
1,4470,p1,1113,5.53658e-05,20.0232,20
1,3067,p1,1260,3.23394e-05,9.98768,10
1,4471,p1,1072,4.98965e-05,19.9472,20
1,4472,p1,1132,5.54789e-05,20.0428,20
1,3068,p1,1342,3.23503e-05,10.0059,10
1,4473,p1,1117,4.72416e-05,19.97,20
1,4474,p1,1103,5.01705e-05,20.0739,20
1,4475,p1,1163,4.84599e-05,19.9463,20
1,3069,p1,1430,3.27865e-05,10.021,10
1,3070,p1,1283,3.38311e-05,10.0127,10
1,3071,p1,1281,3.45351e-05,10.0162,10
1,3072,p1,1417,3.52211e-05,9.98591,10
1,4476,p1,1121,4.9233e-05,19.9999,20
1,3073,p1,1323,3.41741e-05,10.0001,10
1,4477,p1,1139,4.21771e-05,20.0303,20
1,3074,p1,1272,3.52424e-05,9.98346,10
1,4478,p1,1153,4.45861e-05,20.0006,20
1,3075,p1,1465,3.23223e-05,9.981,10
1,4479,p1,1133,4.80181e-05,20.0105,20
1,4480,p1,1211,4.71631e-05,20.0175,20
1,3076,p1,1352,3.24854e-05,9.99528,10
1,3077,p1,1345,3.17179e-05,10.0136,10
1,3078,p1,1277,3.35388e-05,9.98677,10
1,4481,p1,1159,4.15749e-05,20.0622,20
1,3079,p1,1316,3.33428e-05,9.98492,10
1,4482,p1,1128,3.82386e-05,19.9102,20
1,3080,p1,1244,3.3077e-05,9.99278,10
1,4483,p1,1105,4.01279e-05,20.0364,20
1,3081,p1,1437,3.21567e-05,10.0238,10
1,4484,p1,1171,4.409e-05,20.0596,20
1,4485,p1,1179,4.31688e-05,19.9682,20
1,4486,p1,1063,4.33289e-05,20.0196,20
1,4487,p1,1220,4.33983e-05,19.9718,20
1,3082,p1,1389,3.19677e-05,10.0175,10
1,3083,p1,1303,3.195e-05,9.99045,10
1,3084,p1,1352,3.12037e-05,10.0013,10
1,3085,p1,1271,3.36189e-05,9.98046,10
1,4488,p1,1144,4.17592e-05,19.9118,20
1,4489,p1,1166,4.49668e-05,19.9548,20
1,4490,p1,1184,3.6935e-05,20.0306,20
1,3086,p1,1372,3.18679e-05,9.98622,10
1,3087,p1,1292,3.10127e-05,9.97521,10
1,4491,p1,1145,4.51475e-05,20.0099,20
1,3088,p1,1416,3.15736e-05,10.0086,10
1,3089,p1,1297,3.25821e-05,9.98921,10
1,3090,p1,1323,3.08505e-05,10.0052,10
1,3091,p1,1328,3.05276e-05,9.99965,10
1,4492,p1,1064,4.46545e-05,19.9885,20
1,3092,p1,1270,2.98976e-05,9.99779,10
1,4493,p1,1064,3.62867e-05,19.9777,20
1,3093,p1,1365,3.1046e-05,9.98492,10
1,3094,p1,1391,3.29374e-05,10.0011,10
1,3095,p1,1333,3.45964e-05,9.94925,10
1,4494,p1,1037,4.15418e-05,20.0507,20
1,4495,p1,1202,3.95521e-05,19.9872,20
1,3096,p1,1174,3.53055e-05,9.97656,10
1,3097,p1,1407,3.60695e-05,10.0025,10
1,3098,p1,1394,3.5107e-05,9.97489,10
1,4496,p1,1137,3.74877e-05,19.9422,20
1,3099,p1,1377,3.50541e-05,9.98889,10
1,4497,p1,1056,4.13495e-05,19.9893,20
1,3100,p1,1244,3.40194e-05,10.0003,10
1,3101,p1,1333,3.52491e-05,10.0096,10
1,3102,p1,1354,3.42927e-05,9.9792,10
1,4498,p1,1183,4.04707e-05,19.9621,20
1,4499,p1,1092,4.36399e-05,20.0627,20
1,4500,p1,1034,4.11574e-05,19.9979,20
1,3103,p1,1383,3.68895e-05,9.9887,10
1,4501,p1,1125,3.87421e-05,20.0368,20
1,4502,p1,1194,3.87693e-05,20.0161,20
1,3104,p1,1457,3.47937e-05,9.98527,10
1,4503,p1,1192,4.06386e-05,19.9919,20
1,4504,p1,1061,3.29725e-05,20.021,20
1,3105,p1,1258,3.47343e-05,10.0167,10
1,3106,p1,1233,3.25659e-05,9.98182,10
1,3107,p1,1522,3.18672e-05,9.98609,10
1,3108,p1,1382,3.15133e-05,10.0102,10
1,4505,p1,1050,3.37796e-05,20.0159,20
1,3109,p1,1205,3.11246e-05,10.0083,10
1,3110,p1,1363,3.32045e-05,10.0246,10
1,4506,p1,1140,3.69863e-05,20.0879,20
1,3111,p1,1378,3.37114e-05,9.99529,10
1,3112,p1,1337,3.33616e-05,10.0009,10
1,3113,p1,1266,3.38912e-05,10.0197,10
1,3114,p1,1466,3.37519e-05,9.99979,10
1,4507,p1,1251,3.18165e-05,19.9765,20
1,4508,p1,1133,3.55788e-05,19.9455,20
1,3115,p1,1325,3.46599e-05,9.99583,10
1,3116,p1,1221,3.40527e-05,9.99709,10
1,3117,p1,1406,3.49453e-05,10.0037,10
1,3118,p1,1385,3.52389e-05,9.98802,10
1,4509,p1,1095,3.79761e-05,19.955,20
1,3119,p1,1234,3.45148e-05,9.96651,10
1,3120,p1,1335,3.4236e-05,9.97705,10
1,3121,p1,1336,3.37113e-05,9.99245,10
1,4510,p1,1167,4.23517e-05,19.8834,20
1,3122,p1,1276,3.62662e-05,9.99228,10
1,3123,p1,1350,3.51735e-05,9.99751,10
1,3124,p1,1265,3.7128e-05,10.0071,10
1,3125,p1,1429,3.74095e-05,9.99724,10
1,3126,p1,1260,3.5888e-05,9.99543,10
1,4511,p1,1170,3.69508e-05,20.0077,20
1,3127,p1,1339,3.45998e-05,9.98895,10
1,4512,p1,1040,4.22344e-05,19.8885,20
1,4513,p1,1073,4.9212e-05,20.0265,20
1,3128,p1,1218,3.42478e-05,10.0125,10
1,3129,p1,1209,3.32567e-05,10.0243,10
1,3130,p1,1461,3.40547e-05,10.0286,10
1,3131,p1,1313,3.40418e-05,9.98597,10
1,3132,p1,1171,3.1674e-05,10.0271,10
1,3133,p1,1386,3.48202e-05,10.0197,10
1,3134,p1,1240,3.35205e-05,10.0242,10
1,3135,p1,1269,3.41115e-05,10.003,10
1,4514,p1,1056,4.41217e-05,20.0391,20
1,3136,p1,1222,3.51671e-05,10.0237,10
1,3137,p1,1389,3.39544e-05,10.0088,10
1,3138,p1,1313,3.35503e-05,10.0177,10
1,4515,p1,1100,4.31601e-05,19.9803,20
1,3139,p1,1325,3.43532e-05,10.0121,10
1,3140,p1,1206,3.59334e-05,10.0105,10
1,3141,p1,1326,3.80029e-05,9.9695,10
1,3142,p1,1337,3.53532e-05,9.97866,10
1,3143,p1,1273,3.43701e-05,9.98324,10
1,4516,p1,1250,4.52731e-05,20.0561,20
1,3144,p1,1306,3.57967e-05,10.0027,10
1,3145,p1,1381,3.54605e-05,9.97733,10
1,3146,p1,1290,3.5111e-05,10.0002,10
1,3147,p1,1208,3.76621e-05,9.98954,10
1,3148,p1,1370,3.76142e-05,9.97609,10
1,4517,p1,1147,4.5657e-05,19.9387,20
1,3149,p1,1278,3.5272e-05,9.98864,10
1,4518,p1,1133,4.39842e-05,20.0617,20
1,3150,p1,1311,3.69002e-05,10.002,10
1,4519,p1,1122,4.17692e-05,19.9778,20
1,3151,p1,1263,3.70548e-05,9.99307,10
1,3152,p1,1242,3.69461e-05,9.99614,10
1,4520,p1,1156,3.54085e-05,19.9707,20
1,3153,p1,1407,3.51919e-05,10.0103,10
1,3154,p1,1200,3.5587e-05,10.0217,10
1,4521,p1,1149,3.79189e-05,19.9412,20
1,3155,p1,1517,3.63759e-05,10.0137,10
1,4522,p1,1062,3.6134e-05,20.043,20
1,4523,p1,1179,3.52435e-05,20.0043,20
1,3156,p1,1346,3.56526e-05,10.0085,10
1,3157,p1,1157,3.71846e-05,9.99942,10
1,4524,p1,1163,3.43293e-05,19.9014,20
1,3158,p1,1229,3.849e-05,10.0349,10
1,4525,p1,1038,3.69557e-05,19.9892,20
1,4526,p1,1107,3.6049e-05,20.0812,20
1,3159,p1,1441,3.66867e-05,10.0275,10
1,4527,p1,1151,3.58913e-05,20.0029,20
1,3160,p1,1448,3.76741e-05,10.0071,10
1,4528,p1,1151,3.4731e-05,19.9835,20
1,4529,p1,1080,3.51643e-05,19.9648,20
1,3161,p1,1301,3.88349e-05,10.0136,10
1,4530,p1,1050,2.82813e-05,20.0206,20
1,3162,p1,1306,3.63158e-05,10.0228,10
1,3163,p1,1307,3.492e-05,10.035,10
1,4531,p1,1085,2.96652e-05,19.9792,20
1,4532,p1,1105,2.82372e-05,19.9119,20
1,4533,p1,1185,3.13484e-05,19.9598,20
1,4534,p1,1139,2.75801e-05,19.982,20
1,4535,p1,1032,2.89562e-05,19.9474,20
1,3164,p1,1224,3.36755e-05,10.0277,10
1,4536,p1,1173,2.89794e-05,19.883,20
1,3165,p1,1284,3.60704e-05,10.0323,10
1,4537,p1,1161,2.60267e-05,19.9424,20
1,4538,p1,1134,2.48233e-05,20.035,20
1,4539,p1,960,2.74928e-05,19.9816,20
1,4540,p1,1080,2.59351e-05,19.9678,20
1,4541,p1,1281,2.662e-05,20.0691,20
1,4542,p1,1087,2.70559e-05,19.9023,20
1,4543,p1,1114,2.18295e-05,20.0486,20
1,4544,p1,1043,2.24429e-05,19.9226,20
1,3166,p1,1416,3.40653e-05,10.0287,10
1,4545,p1,1265,2.28203e-05,19.9433,20
1,4546,p1,1225,2.60038e-05,19.991,20
1,4547,p1,1135,2.17386e-05,20.004,20
1,4548,p1,1055,2.40924e-05,20.0302,20
1,4549,p1,1198,2.52515e-05,19.9615,20
1,3167,p1,1287,3.48897e-05,10.0398,10
1,4550,p1,1218,2.76032e-05,19.9197,20
1,4551,p1,1141,2.55876e-05,20.0494,20
1,4552,p1,981,2.41814e-05,20.0169,20
1,3168,p1,1243,3.51596e-05,10.0368,10
1,4553,p1,1139,2.54229e-05,20.0469,20
1,4554,p1,1120,2.35752e-05,19.9443,20
1,3169,p1,1322,3.86402e-05,10.0307,10
1,4555,p1,1145,2.15466e-05,19.896,20
1,4556,p1,1074,2.00479e-05,20.0411,20
1,4557,p1,1189,2.2112e-05,19.9505,20
1,3170,p1,1524,3.77548e-05,10.0212,10
1,4558,p1,992,2.22086e-05,19.9248,20
1,4559,p1,1075,2.06468e-05,20.0049,20
1,3171,p1,1318,3.80365e-05,9.99971,10
1,4560,p1,1184,1.86283e-05,20.0155,20
1,4561,p1,1010,2.21077e-05,20.0255,20
1,3172,p1,1215,3.74915e-05,9.99447,10
1,4562,p1,1013,2.05103e-05,20.0508,20
1,4563,p1,1326,2.09386e-05,19.9908,20
1,4564,p1,1061,2.14658e-05,19.9508,20
1,4565,p1,1073,2.07363e-05,20.0572,20
1,3173,p1,1438,3.85211e-05,9.98882,10
1,4566,p1,1173,1.96417e-05,19.946,20
1,4567,p1,1221,1.98862e-05,19.9252,20
1,3174,p1,1439,4.07071e-05,9.98422,10
1,3175,p1,1205,3.84292e-05,9.97752,10
1,4568,p1,1100,2.17795e-05,19.9684,20
1,3176,p1,1413,3.88979e-05,10.0119,10
1,3177,p1,1303,3.85024e-05,10.0056,10
1,4569,p1,1192,1.80352e-05,20.0487,20
1,4570,p1,1093,2.18253e-05,19.9895,20
1,3178,p1,1321,3.90749e-05,10.0181,10
1,4571,p1,1083,2.19989e-05,20.0264,20
1,3179,p1,1256,4.02482e-05,10.0055,10
1,4572,p1,1214,2.21648e-05,19.9808,20
1,4573,p1,1227,2.25203e-05,20.002,20
1,4574,p1,1034,2.23502e-05,20.006,20
1,4575,p1,1195,2.427e-05,20.0493,20
1,3180,p1,1334,3.93413e-05,10.0064,10
1,3181,p1,1217,3.98251e-05,10.0288,10
1,4576,p1,949,2.3582e-05,19.9996,20
1,4577,p1,1134,2.2104e-05,19.9839,20
1,3182,p1,1472,3.91862e-05,10.0075,10
1,4578,p1,1114,2.66717e-05,19.9873,20
1,4579,p1,1139,2.57921e-05,19.893,20
1,4580,p1,1069,2.36233e-05,19.8783,20
1,3183,p1,1354,3.87706e-05,10.0292,10
1,4581,p1,1189,2.60013e-05,19.9248,20
1,3184,p1,1344,3.92787e-05,10.0158,10
1,4582,p1,1138,2.62877e-05,19.9068,20
1,4583,p1,1061,2.37612e-05,19.9173,20
1,4584,p1,982,2.50521e-05,19.8888,20
1,3185,p1,1309,3.96141e-05,10.0228,10
1,3186,p1,1187,3.96248e-05,10.0037,10
1,4585,p1,1199,2.9216e-05,19.9767,20
1,4586,p1,1149,2.80864e-05,20.0164,20
1,4587,p1,1057,3.05958e-05,19.987,20
1,3187,p1,1332,3.81331e-05,10.0305,10
1,3188,p1,1305,3.97721e-05,10.0285,10
1,3189,p1,1428,3.85906e-05,10.0151,10
1,4588,p1,1023,2.98376e-05,19.938,20
1,4589,p1,1077,2.83303e-05,19.9279,20
1,3190,p1,1336,3.75899e-05,10.0435,10
1,4590,p1,1154,3.31185e-05,19.9193,20
1,3191,p1,1310,3.45247e-05,10.0203,10
1,3192,p1,1338,3.54942e-05,10.0214,10
1,4591,p1,1136,2.72528e-05,19.9769,20
1,4592,p1,1111,3.25082e-05,19.9176,20
1,3193,p1,1288,3.56371e-05,10.0377,10
1,4593,p1,1190,2.88793e-05,19.9921,20
1,4594,p1,1070,3.23378e-05,20.0687,20
1,3194,p1,1314,3.79279e-05,10.0327,10
1,3195,p1,1285,3.78583e-05,10.0485,10
1,4595,p1,1085,2.95495e-05,19.963,20
1,3196,p1,1213,3.62072e-05,10.053,10
1,4596,p1,994,2.78206e-05,19.9443,20
1,4597,p1,1179,3.02978e-05,20.0731,20
1,3197,p1,1449,3.68716e-05,10.0532,10
1,3198,p1,1299,3.70322e-05,10.0356,10
1,4598,p1,1198,3.07377e-05,20.0006,20
1,4599,p1,992,3.23078e-05,20.0931,20
1,3199,p1,1281,3.70354e-05,10.038,10
1,4600,p1,1153,3.09405e-05,20.026,20
1,4601,p1,1074,2.84996e-05,19.8979,20
1,4602,p1,1124,2.85809e-05,19.9887,20
1,3200,p1,1190,4.10926e-05,10.0528,10
1,4603,p1,1173,2.53591e-05,20.0416,20
1,4604,p1,1076,2.81327e-05,19.9485,20
1,3201,p1,1535,3.95601e-05,10.0356,10
1,4605,p1,1173,2.73828e-05,20.0436,20
1,3202,p1,1252,4.04465e-05,10.0033,10
1,3203,p1,1337,4.23306e-05,10.0347,10
1,4606,p1,1035,2.42851e-05,20.014,20
1,4607,p1,1190,2.27546e-05,19.9712,20
1,4608,p1,1154,2.33258e-05,19.9711,20
1,3204,p1,1311,4.25234e-05,10.0264,10
1,4609,p1,1112,2.30979e-05,20.0702,20
1,4610,p1,994,2.39044e-05,19.958,20
1,3205,p1,1311,4.13706e-05,10.0274,10
1,3206,p1,1265,4.0834e-05,10.0261,10
1,3207,p1,1329,4.30467e-05,10.033,10
1,4611,p1,1242,2.56863e-05,20.0021,20
1,4612,p1,1047,2.29848e-05,20.0468,20
1,3208,p1,1143,4.46006e-05,10.0508,10
1,3209,p1,1256,4.02238e-05,10.0232,10
1,3210,p1,1570,3.81748e-05,10.0169,10
1,4613,p1,1176,2.17066e-05,19.9783,20
1,4614,p1,1065,2.49169e-05,19.9797,20
1,3211,p1,1360,4.01101e-05,10.0236,10
1,3212,p1,1213,3.8754e-05,10.0161,10
1,3213,p1,1309,3.92645e-05,10.0054,10
1,4615,p1,1203,2.74802e-05,20.1365,20
1,4616,p1,1071,2.5966e-05,19.9872,20
1,3214,p1,1288,4.02171e-05,10.0282,10
1,4617,p1,1105,2.67309e-05,19.9903,20
1,3215,p1,1192,3.94606e-05,10.0119,10
1,4618,p1,1126,2.8377e-05,19.9858,20
1,4619,p1,1147,2.53987e-05,19.9074,20
1,4620,p1,1158,2.57295e-05,19.9853,20
1,4621,p1,1048,2.69801e-05,20.003,20
1,3216,p1,1297,3.91778e-05,10.0108,10
1,4622,p1,1173,2.93178e-05,19.9467,20
1,3217,p1,1268,3.87207e-05,10.0023,10
1,4623,p1,1008,2.94274e-05,19.9545,20
1,4624,p1,1112,2.57661e-05,20.0151,20
1,3218,p1,1341,3.84739e-05,10.0098,10
1,4625,p1,1169,2.51659e-05,19.9935,20
1,3219,p1,1467,3.73262e-05,10.0101,10
1,4626,p1,1091,2.3873e-05,19.9632,20
1,4627,p1,1139,2.4469e-05,20.0355,20
1,3220,p1,1229,3.7847e-05,10.0111,10
1,3221,p1,1395,3.83734e-05,10.006,10
1,3222,p1,1303,3.92103e-05,10.031,10
1,4628,p1,1079,2.47588e-05,20,20
1,4629,p1,1150,2.26574e-05,20.0525,20
1,4630,p1,1190,2.13079e-05,20.0257,20
1,3223,p1,1417,3.87422e-05,10.0292,10
1,4631,p1,953,2.02304e-05,20.0009,20
1,3224,p1,1293,3.97085e-05,10.0249,10
1,3225,p1,1266,3.97385e-05,10.012,10
1,4632,p1,1171,2.11583e-05,19.9502,20
1,4633,p1,1200,2.31442e-05,19.98,20
1,3226,p1,1403,3.88834e-05,9.99871,10
1,4634,p1,1176,2.52677e-05,19.9069,20
1,3227,p1,1396,3.97788e-05,10.0032,10
1,4635,p1,1121,2.63095e-05,20.025,20
1,3228,p1,1081,4.04646e-05,9.99695,10
1,4636,p1,1172,2.60261e-05,19.9829,20
1,4637,p1,961,2.37775e-05,19.9871,20
1,3229,p1,1248,4.03708e-05,9.99964,10
1,4638,p1,1067,2.76445e-05,20.0565,20
1,4639,p1,1136,2.8266e-05,20.023,20
1,3230,p1,1380,3.98838e-05,9.98244,10
1,4640,p1,1139,3.19969e-05,20.0517,20
1,3231,p1,1398,3.82019e-05,9.99008,10
1,3232,p1,1173,4.05631e-05,9.98235,10
1,4641,p1,1003,3.37067e-05,20.0761,20
1,4642,p1,1124,3.48439e-05,20.1036,20
1,4643,p1,1088,3.36147e-05,19.9999,20
1,3233,p1,1216,4.05808e-05,9.97579,10
1,4644,p1,1113,3.50586e-05,20.0224,20
1,4645,p1,1054,3.30565e-05,20.0446,20
1,3234,p1,1428,3.917e-05,9.98438,10
1,4646,p1,1302,2.96789e-05,19.9262,20
1,3235,p1,1217,3.91749e-05,9.98452,10
1,4647,p1,1001,2.64289e-05,19.9922,20
1,4648,p1,1104,2.51401e-05,19.928,20
1,3236,p1,1264,4.14646e-05,9.97041,10
1,4649,p1,1143,2.9045e-05,19.9482,20
1,3237,p1,1322,3.94507e-05,9.97885,10
1,4650,p1,1096,3.24852e-05,19.9919,20
1,4651,p1,1124,3.13155e-05,19.9816,20
1,4652,p1,1152,2.68159e-05,20.1015,20
1,3238,p1,1253,3.71852e-05,9.98244,10
1,3239,p1,1251,3.68585e-05,9.98102,10
1,4653,p1,1039,2.13766e-05,19.9718,20
1,4654,p1,1131,2.3731e-05,20.0001,20
1,3240,p1,1267,3.74674e-05,9.98879,10
1,4655,p1,1105,2.02492e-05,19.966,20
1,4656,p1,1153,2.6312e-05,19.922,20
1,4657,p1,1059,2.54384e-05,19.9616,20
1,3241,p1,1254,3.82773e-05,10.0216,10
1,3242,p1,1225,3.95376e-05,9.98971,10
1,4658,p1,1162,2.4169e-05,19.9209,20
1,4659,p1,1167,2.28986e-05,19.9603,20
1,4660,p1,1106,2.08799e-05,19.8708,20
1,4661,p1,1035,2.04938e-05,20.0472,20
1,4662,p1,1143,2.04385e-05,19.989,20
1,3243,p1,1338,3.98282e-05,9.99142,10
1,3244,p1,1265,3.83852e-05,9.99205,10
1,4663,p1,1084,2.05938e-05,19.9787,20
1,3245,p1,1393,3.99502e-05,10.0024,10
1,4664,p1,1125,1.82921e-05,19.9628,20
1,3246,p1,1324,4.09711e-05,9.99162,10
1,4665,p1,1162,1.77524e-05,19.9247,20
1,4666,p1,1058,1.85148e-05,20.0095,20
1,4667,p1,998,1.7743e-05,20.0524,20
1,3247,p1,1494,3.81883e-05,9.98512,10
1,4668,p1,1146,1.64072e-05,20.1069,20
1,3248,p1,1356,3.95502e-05,9.9982,10
1,4669,p1,1110,1.83069e-05,19.9949,20
1,4670,p1,1049,1.72414e-05,20.0147,20
1,3249,p1,1338,4.03387e-05,9.98776,10
1,4671,p1,919,1.74625e-05,20.0365,20
1,4672,p1,991,1.69207e-05,20.0115,20
1,4673,p1,1280,1.80052e-05,19.9894,20
1,4674,p1,877,1.76699e-05,20.0496,20
1,4675,p1,1091,1.68704e-05,19.9815,20
1,3250,p1,1319,4.19357e-05,10.0027,10
1,4676,p1,1088,1.77677e-05,19.9379,20
1,3251,p1,1379,4.09517e-05,10.0058,10
1,4677,p1,1202,1.81616e-05,20.093,20
1,3252,p1,1256,4.02721e-05,10.0033,10
1,3253,p1,1225,4.07181e-05,10.0024,10
1,4678,p1,957,1.78758e-05,19.8971,20
1,3254,p1,1193,4.04277e-05,9.99474,10
1,4679,p1,1023,1.83509e-05,19.9571,20
1,3255,p1,1465,4.17002e-05,9.99516,10
1,4680,p1,1144,1.89049e-05,19.9496,20
1,3256,p1,1384,4.19319e-05,10.0087,10
1,4681,p1,1135,1.75406e-05,19.9632,20
1,4682,p1,1036,1.90301e-05,19.9854,20
1,4683,p1,1198,1.82387e-05,20.0142,20
1,3257,p1,1108,4.20456e-05,9.98689,10
1,3258,p1,1326,4.1092e-05,10.0176,10
1,3259,p1,1575,4.11304e-05,10.0043,10
1,3260,p1,1264,4.25328e-05,9.9938,10
1,4684,p1,1212,1.97543e-05,19.9925,20
1,4685,p1,1165,1.96154e-05,19.9852,20
1,3261,p1,1178,4.11734e-05,10.0062,10
1,3262,p1,1255,4.11779e-05,9.98424,10
1,3263,p1,1410,4.22984e-05,10.0125,10
1,4686,p1,1012,1.96919e-05,19.9613,20
1,3264,p1,1243,4.02533e-05,10.0111,10
1,4687,p1,1155,2.01177e-05,19.998,20
1,3265,p1,1293,4.17202e-05,9.99994,10
1,4688,p1,1228,2.04717e-05,19.8898,20
1,3266,p1,1410,4.16071e-05,10.0025,10
1,4689,p1,1136,2.06674e-05,19.9858,20
1,4690,p1,1171,2.04363e-05,19.9477,20
1,3267,p1,1285,4.16126e-05,9.99917,10
1,3268,p1,1317,3.87477e-05,10.0399,10
1,4691,p1,1027,2.14883e-05,19.9344,20
1,4692,p1,961,1.97046e-05,20.0464,20
1,3269,p1,1351,3.90415e-05,10.0593,10
1,4693,p1,1138,2.11393e-05,20.0213,20
1,4694,p1,1149,1.98547e-05,19.8684,20
1,3270,p1,1287,3.91655e-05,10.0392,10
1,4695,p1,1097,2.02749e-05,20.0123,20
1,3271,p1,1364,3.83947e-05,10.0374,10
1,4696,p1,1107,1.95521e-05,19.9529,20
1,4697,p1,1241,2.06123e-05,19.975,20
1,3272,p1,1364,3.91063e-05,10.0178,10
1,3273,p1,1180,3.90172e-05,10.0218,10
1,4698,p1,1086,2.02272e-05,19.9476,20
1,3274,p1,1354,3.81068e-05,10.0187,10
1,4699,p1,1060,1.9733e-05,19.8615,20
1,3275,p1,1382,3.84962e-05,10.0142,10
1,3276,p1,1389,4.00945e-05,10.0189,10
1,4700,p1,1163,1.93722e-05,19.9245,20
1,4701,p1,1107,1.948e-05,20.0273,20
1,4702,p1,1008,1.93072e-05,19.9298,20
1,3277,p1,1247,4.01679e-05,10.0019,10
1,4703,p1,1156,1.91688e-05,19.9236,20
1,3278,p1,1312,4.01536e-05,10.0241,10
1,3279,p1,1289,4.04681e-05,9.98518,10
1,4704,p1,1243,1.93543e-05,19.936,20
1,4705,p1,1029,2.01755e-05,19.9973,20
1,3280,p1,1220,4.09176e-05,10.01,10
1,4706,p1,1110,2.10368e-05,19.9134,20
1,4707,p1,1119,1.98934e-05,20.0174,20
1,3281,p1,1280,4.18873e-05,10.0084,10
1,4708,p1,1160,1.95254e-05,19.9847,20
1,3282,p1,1355,3.93137e-05,10.0273,10
1,4709,p1,1096,2.12419e-05,19.8773,20
1,4710,p1,1172,1.95747e-05,19.9721,20
1,4711,p1,1027,1.96442e-05,19.98,20
1,3283,p1,1406,3.92718e-05,10.0015,10
1,4712,p1,1113,2.01644e-05,19.9892,20
1,3284,p1,1359,3.83573e-05,10.0471,10
1,4713,p1,1129,2.00967e-05,19.9656,20
1,4714,p1,1070,2.09495e-05,19.9003,20
1,4715,p1,1222,2.09949e-05,20.0108,20
1,3285,p1,1284,4.13268e-05,10.0137,10
1,4716,p1,1058,2.14674e-05,20.0315,20
1,3286,p1,1347,3.88459e-05,10.0251,10
1,4717,p1,1105,2.10937e-05,19.9391,20
1,3287,p1,1342,3.75833e-05,10.0549,10
1,4718,p1,1171,2.01382e-05,19.9172,20
1,4719,p1,1200,2.0914e-05,19.982,20
1,4720,p1,1034,2.08243e-05,19.9155,20
1,3288,p1,1282,3.82316e-05,10.0422,10
1,4721,p1,1164,1.99506e-05,20.0124,20
1,3289,p1,1413,3.77571e-05,10.0576,10
1,3290,p1,1292,4.01088e-05,10.0574,10
1,4722,p1,1070,2.01407e-05,19.9799,20
1,4723,p1,1107,2.04398e-05,19.9136,20
1,4724,p1,1020,2.07901e-05,19.8608,20
1,4725,p1,1124,2.13346e-05,19.893,20
1,4726,p1,1132,2.08845e-05,20.0017,20
1,3291,p1,1264,3.98692e-05,10.0176,10
1,4727,p1,1163,2.22155e-05,19.8936,20
1,4728,p1,1169,2.11352e-05,20.0323,20
1,3292,p1,1321,4.01059e-05,10.0165,10
1,3293,p1,1267,3.75498e-05,10.0453,10
1,4729,p1,1303,2.17713e-05,19.9204,20
1,3294,p1,1230,3.77282e-05,10.0203,10
1,4730,p1,957,2.20793e-05,19.9148,20
1,3295,p1,1421,3.82619e-05,10.0184,10
1,4731,p1,1078,2.17415e-05,19.921,20
1,4732,p1,1045,2.14304e-05,19.9679,20
1,4733,p1,1148,2.20805e-05,19.9094,20
1,4734,p1,1079,2.20231e-05,20.0842,20
1,4735,p1,1029,2.21956e-05,19.9878,20
1,4736,p1,1125,2.14107e-05,20.0085,20
1,4737,p1,1231,2.14147e-05,19.9722,20
1,3296,p1,1290,3.78611e-05,10.0179,10
1,4738,p1,1056,2.18059e-05,19.9598,20
1,4739,p1,1105,2.15101e-05,19.8052,20
1,4740,p1,1200,2.18252e-05,19.9136,20
1,4741,p1,1035,2.20089e-05,19.9612,20
1,4742,p1,1032,2.10092e-05,19.973,20
1,4743,p1,1252,2.18621e-05,19.9065,20
1,3297,p1,1287,3.7892e-05,10.0259,10
1,4744,p1,1073,2.10557e-05,19.9894,20
1,4745,p1,988,1.9909e-05,19.952,20
1,4746,p1,964,2.14283e-05,19.978,20
1,3298,p1,1380,3.8742e-05,10.0138,10
1,4747,p1,1271,2.13835e-05,19.9455,20
1,3299,p1,1252,3.69703e-05,10.002,10
1,4748,p1,1174,2.19987e-05,20.0069,20
1,4749,p1,1066,2.20487e-05,19.9958,20
1,4750,p1,1011,2.23998e-05,20.0184,20
1,4751,p1,1069,2.19473e-05,19.9559,20
1,3300,p1,1427,3.81624e-05,10.0113,10
1,4752,p1,1180,2.31709e-05,20.0033,20
1,4753,p1,1020,2.23411e-05,19.9886,20
1,4754,p1,1061,2.21007e-05,19.988,20
1,3301,p1,1351,3.82389e-05,9.98719,10
1,3302,p1,1273,3.94411e-05,9.99845,10
1,4755,p1,1082,2.28247e-05,19.9647,20
1,3303,p1,1341,3.80117e-05,10.019,10
1,4756,p1,1087,2.31226e-05,20.018,20
1,4757,p1,987,2.24119e-05,19.9814,20
1,4758,p1,1200,2.31532e-05,19.9945,20
1,3304,p1,1347,3.91449e-05,10.0271,10
1,3305,p1,1310,4.04258e-05,10.0232,10
1,4759,p1,1245,2.36911e-05,19.8839,20
1,4760,p1,1102,2.19159e-05,19.9854,20
1,3306,p1,1368,3.87124e-05,10.0289,10
1,4761,p1,997,2.28373e-05,19.9295,20
1,4762,p1,1184,2.30443e-05,19.8985,20
1,4763,p1,1150,2.22235e-05,19.9708,20
1,4764,p1,1191,2.2009e-05,19.8929,20
1,4765,p1,1156,2.251e-05,19.9187,20
1,4766,p1,957,2.17919e-05,19.9857,20
1,4767,p1,1030,2.1489e-05,20.016,20
1,3307,p1,1240,4.11487e-05,10.038,10
1,4768,p1,1166,2.133e-05,20.0033,20
1,4769,p1,1131,2.1677e-05,20.005,20
1,4770,p1,1071,2.26146e-05,20.1048,20
1,4771,p1,1117,2.26266e-05,19.8984,20
1,4772,p1,1070,2.21184e-05,19.9461,20
1,4773,p1,1092,2.28083e-05,20.0219,20
1,3308,p1,1295,4.07656e-05,10.0106,10
1,3309,p1,1315,3.97635e-05,10.0124,10
1,4774,p1,1128,2.29437e-05,19.979,20
1,4775,p1,1116,2.37946e-05,20.1376,20
1,4776,p1,1152,2.40629e-05,20.1302,20
1,3310,p1,1390,3.7863e-05,10.0124,10
1,4777,p1,1068,2.44012e-05,20.0676,20
1,3311,p1,1382,4.08638e-05,10.0252,10
1,4778,p1,1093,2.46989e-05,19.9674,20
1,3312,p1,1320,4.05776e-05,10.011,10
1,4779,p1,1110,2.49722e-05,19.9736,20
1,4780,p1,1078,2.44313e-05,20.0005,20
1,3313,p1,1313,4.17156e-05,10.0023,10
1,4781,p1,1179,2.40079e-05,20.0237,20
1,4782,p1,1196,2.41189e-05,20.03,20
1,3314,p1,1394,4.16722e-05,10.0175,10
1,3315,p1,1364,4.43945e-05,10.0105,10
1,4783,p1,1167,2.44388e-05,19.8958,20
1,4784,p1,1204,2.41304e-05,19.9938,20
1,4785,p1,1186,2.46166e-05,19.9512,20
1,3316,p1,1234,4.32776e-05,9.98255,10
1,3317,p1,1207,4.33182e-05,9.99954,10
1,4786,p1,1054,2.5139e-05,19.9349,20
1,4787,p1,1116,2.5318e-05,20.0161,20
1,3318,p1,1283,4.40727e-05,9.97888,10
1,3319,p1,1355,4.07057e-05,10.0117,10
1,4788,p1,1116,2.44238e-05,20.0717,20
1,4789,p1,1158,2.56746e-05,19.9638,20
1,3320,p1,1372,4.04026e-05,10.0117,10
1,4790,p1,1145,2.32598e-05,19.9786,20
1,4791,p1,1153,2.2441e-05,19.9784,20
1,4792,p1,1074,2.32187e-05,20.0474,20
1,3321,p1,1301,4.08592e-05,10.0146,10
1,3322,p1,1425,4.17441e-05,10.0192,10
1,4793,p1,1106,2.27726e-05,19.9679,20
1,4794,p1,1152,2.2643e-05,20.0827,20
1,3323,p1,1326,4.11115e-05,10.0081,10
1,4795,p1,1104,2.42224e-05,20.0297,20
1,4796,p1,1227,2.43693e-05,19.9515,20
1,3324,p1,1262,4.27305e-05,10.0075,10
1,3325,p1,1172,3.94627e-05,9.98522,10
1,4797,p1,956,2.48285e-05,19.9247,20
1,4798,p1,1223,2.46749e-05,20.0385,20
1,3326,p1,1335,4.08965e-05,10.0011,10
1,4799,p1,1069,2.53565e-05,19.925,20
1,4800,p1,1094,2.62398e-05,19.9809,20
1,3327,p1,1352,4.11306e-05,10.0023,10
1,4801,p1,1166,2.66106e-05,19.9059,20
1,3328,p1,1276,4.09009e-05,9.98253,10
1,4802,p1,1186,2.72441e-05,19.9431,20
1,4803,p1,1069,2.71816e-05,19.9527,20
1,3329,p1,1299,3.99612e-05,10.0044,10
1,4804,p1,1034,2.68394e-05,19.9372,20
1,4805,p1,1155,2.79746e-05,19.9451,20
1,3330,p1,1327,4.10137e-05,9.99958,10
1,4806,p1,1128,2.84189e-05,19.8415,20
1,4807,p1,961,2.886e-05,19.9253,20
1,3331,p1,1314,4.31535e-05,9.9741,10
1,4808,p1,1095,2.8964e-05,19.9521,20
1,4809,p1,1073,2.87281e-05,19.9251,20
1,4810,p1,1070,2.98007e-05,19.9666,20
1,3332,p1,1271,4.20922e-05,9.97932,10
1,4811,p1,1166,2.8542e-05,19.8746,20
1,3333,p1,1266,4.0105e-05,10.0027,10
1,4812,p1,1181,2.82596e-05,19.9404,20
1,4813,p1,1181,2.823e-05,20.0083,20
1,3334,p1,1163,4.14271e-05,9.99917,10
1,3335,p1,1218,3.82167e-05,9.99271,10
1,4814,p1,1159,2.73163e-05,20.0104,20
1,4815,p1,969,2.6829e-05,20.0492,20
1,4816,p1,1117,2.74954e-05,19.9624,20
1,3336,p1,1320,3.92218e-05,9.99875,10
1,4817,p1,1204,2.68117e-05,19.919,20
1,4818,p1,1063,2.60803e-05,20.0501,20
1,3337,p1,1365,3.79151e-05,9.991,10
1,4819,p1,1160,2.55225e-05,19.9577,20
1,4820,p1,1072,2.60488e-05,19.9715,20
1,4821,p1,995,2.61754e-05,19.9569,20
1,4822,p1,1127,2.59795e-05,19.9628,20
1,4823,p1,1083,2.73325e-05,19.9794,20
1,4824,p1,1074,2.6731e-05,19.9312,20
1,3338,p1,1316,3.95431e-05,10.0157,10
1,4825,p1,1061,2.61046e-05,19.966,20
1,3339,p1,1324,4.09954e-05,9.99604,10
1,4826,p1,1367,2.62516e-05,19.9067,20
1,4827,p1,918,2.69342e-05,19.8896,20
1,4828,p1,1071,2.61387e-05,19.895,20
1,3340,p1,1287,3.81909e-05,10.014,10
1,3341,p1,1281,3.88829e-05,10.0223,10
1,4829,p1,1273,2.66954e-05,19.9368,20
1,3342,p1,1394,3.95371e-05,10.0246,10
1,4830,p1,891,2.64536e-05,19.9899,20
1,4831,p1,1025,2.60657e-05,19.9694,20
1,3343,p1,1350,3.83101e-05,10.0073,10
1,4832,p1,1115,2.66272e-05,19.8878,20
1,4833,p1,1175,2.60738e-05,19.9179,20
1,3344,p1,1211,3.78772e-05,10.0327,10
1,3345,p1,1307,3.66253e-05,9.99675,10
1,3346,p1,1131,3.78205e-05,10,10
1,4834,p1,1108,2.62756e-05,19.9681,20
1,4835,p1,948,2.57298e-05,19.9574,20
1,3347,p1,1418,3.8417e-05,9.99247,10
1,4836,p1,1152,2.59007e-05,20.037,20
1,3348,p1,1268,3.66155e-05,10.0128,10
1,4837,p1,1089,2.6793e-05,19.8901,20
1,4838,p1,1108,2.49075e-05,19.9303,20
1,4839,p1,1058,2.54853e-05,20.0307,20
1,3349,p1,1385,3.6926e-05,9.98813,10
1,3350,p1,1308,3.65479e-05,10.0102,10
1,4840,p1,1114,2.5311e-05,19.9361,20
1,4841,p1,1043,2.52734e-05,19.9894,20
1,4842,p1,1081,2.47675e-05,19.9964,20
1,3351,p1,1274,3.90859e-05,9.99501,10
1,4843,p1,1110,2.69829e-05,19.9424,20
1,3352,p1,1288,3.91226e-05,9.99066,10
1,3353,p1,1509,3.7812e-05,9.99838,10
1,3354,p1,1244,3.86739e-05,10.0087,10
1,3355,p1,1254,3.59432e-05,10.0075,10
1,4844,p1,1067,2.56491e-05,19.9754,20
1,4845,p1,1118,2.53177e-05,19.9522,20
1,4846,p1,1072,2.53991e-05,19.8983,20
1,4847,p1,1140,2.59125e-05,19.8607,20
1,3356,p1,1346,3.81311e-05,10.0125,10
1,4848,p1,1167,2.59616e-05,19.9245,20
1,4849,p1,1035,2.67131e-05,19.9571,20
1,3357,p1,1364,3.70985e-05,10.0205,10
1,3358,p1,1225,3.35803e-05,10.0507,10
1,4850,p1,1084,2.64694e-05,19.9069,20
1,4851,p1,1087,2.56332e-05,19.9507,20
1,3359,p1,1335,3.56458e-05,10.0428,10
1,3360,p1,1300,3.59571e-05,10.036,10
1,4852,p1,1107,2.57873e-05,19.9194,20
1,4853,p1,1111,2.53754e-05,19.9585,20
1,4854,p1,1129,2.49435e-05,20.0156,20
1,3361,p1,1318,3.5039e-05,10.0394,10
1,3362,p1,1186,3.5225e-05,10.01,10
1,4855,p1,1116,2.59552e-05,19.9944,20
1,4856,p1,1175,2.62827e-05,19.9345,20
1,4857,p1,1126,2.49212e-05,19.9308,20
1,4858,p1,1126,2.44547e-05,19.9538,20
1,4859,p1,1180,2.52304e-05,19.8757,20
1,4860,p1,1071,2.55165e-05,19.9744,20
1,4861,p1,964,2.43882e-05,20.0581,20
1,3363,p1,1497,3.35809e-05,10.0092,10
1,4862,p1,1129,2.53149e-05,19.9279,20
1,4863,p1,1135,2.6257e-05,19.9969,20
1,4864,p1,1084,2.48456e-05,19.8465,20
1,4865,p1,1086,2.56404e-05,19.9109,20
1,3364,p1,1292,3.42737e-05,10.0418,10
1,4866,p1,1098,2.65226e-05,19.9549,20
1,3365,p1,1121,3.46817e-05,10.0654,10
1,4867,p1,1063,2.63948e-05,19.9846,20
1,4868,p1,1092,2.4601e-05,19.9696,20
1,4869,p1,1199,2.56552e-05,19.919,20
1,4870,p1,1067,2.68706e-05,19.9049,20
1,3366,p1,1429,3.25649e-05,10.0487,10
1,3367,p1,1409,3.18387e-05,10.0173,10
1,4871,p1,1138,2.49459e-05,19.9388,20
1,4872,p1,1140,2.56119e-05,19.9324,20
1,4873,p1,1273,2.69103e-05,20.0671,20
1,4874,p1,1106,2.73432e-05,19.9727,20
1,3368,p1,1286,3.26438e-05,10.0348,10
1,4875,p1,1038,2.57849e-05,19.9341,20
1,4876,p1,1079,2.62449e-05,20.0137,20
1,3369,p1,1224,3.25146e-05,10.01,10
1,3370,p1,1260,3.2865e-05,10.024,10
1,4877,p1,1194,2.54493e-05,19.9329,20
1,4878,p1,1137,2.66168e-05,19.9268,20
1,3371,p1,1311,3.29367e-05,10.0319,10
1,4879,p1,1164,2.60598e-05,19.9113,20
1,4880,p1,1144,2.61882e-05,19.9033,20
1,4881,p1,1056,2.64066e-05,19.9638,20
1,3372,p1,1493,3.5353e-05,10.0422,10
1,4882,p1,1090,2.68917e-05,19.9108,20
1,4883,p1,1167,2.73237e-05,19.8404,20
1,3373,p1,1229,3.55724e-05,10.0197,10
1,3374,p1,1284,3.5041e-05,10.0357,10
1,4884,p1,1198,2.72986e-05,19.8418,20
1,4885,p1,1047,2.80556e-05,19.9192,20
1,4886,p1,1088,2.80812e-05,19.9651,20
1,3375,p1,1511,3.70567e-05,10.0455,10
1,4887,p1,1241,2.76461e-05,19.8842,20
1,3376,p1,1300,3.53709e-05,10.0454,10
1,4888,p1,1229,2.7463e-05,19.9485,20
1,3377,p1,1436,3.67039e-05,10.0568,10
1,4889,p1,983,2.83366e-05,19.8161,20
1,3378,p1,1224,3.64291e-05,10.0505,10
1,3379,p1,1324,3.71732e-05,10.0485,10
1,4890,p1,1157,2.83547e-05,19.9002,20
1,4891,p1,1079,2.83732e-05,19.8674,20
1,3380,p1,1392,3.82891e-05,10.0129,10
1,4892,p1,1016,2.95179e-05,19.9447,20
1,3381,p1,1148,4.02852e-05,10.0213,10
1,4893,p1,1191,2.94801e-05,19.9181,20
1,4894,p1,1034,2.82618e-05,19.913,20
1,3382,p1,1312,4.11396e-05,10.0148,10
1,4895,p1,1161,2.77816e-05,20.0187,20
1,3383,p1,1293,4.18267e-05,10.0357,10
1,3384,p1,1286,4.106e-05,10.0317,10
1,4896,p1,1073,2.74528e-05,20.0337,20
1,3385,p1,1346,4.22831e-05,10.0256,10
1,4897,p1,1088,2.79246e-05,20.0394,20
1,3386,p1,1276,4.16081e-05,10.0112,10
1,4898,p1,1159,2.81462e-05,19.9715,20
1,3387,p1,1463,4.06096e-05,10.0098,10
1,3388,p1,1121,4.11103e-05,10.0237,10
1,4899,p1,1163,2.77247e-05,19.9292,20
1,3389,p1,1396,4.1857e-05,10.0304,10
1,3390,p1,1348,4.22152e-05,10.0229,10
1,4900,p1,1136,2.84652e-05,19.8912,20
1,4901,p1,1138,2.84042e-05,20.0013,20
1,3391,p1,1293,4.28027e-05,10.0368,10
1,4902,p1,1075,2.87209e-05,19.9996,20
1,4903,p1,908,2.74494e-05,20.0277,20
1,3392,p1,1358,4.28268e-05,10.0259,10
1,3393,p1,1324,4.31964e-05,10.024,10
1,4904,p1,1124,2.71702e-05,19.9783,20
1,4905,p1,1084,2.62208e-05,20.0523,20
1,3394,p1,1312,4.30999e-05,10.016,10
1,4906,p1,1141,2.72833e-05,19.9256,20
1,4907,p1,1070,2.82541e-05,20.0687,20
1,4908,p1,1064,2.68295e-05,20.0214,20
1,3395,p1,1362,4.09714e-05,10.0472,10
1,3396,p1,1275,4.1911e-05,10.0224,10
1,4909,p1,1173,2.68047e-05,19.8823,20
1,4910,p1,1140,2.73384e-05,19.9756,20
1,4911,p1,1161,2.7612e-05,19.9312,20
1,3397,p1,1325,4.26401e-05,10.0267,10
1,4912,p1,1044,2.77452e-05,19.984,20
1,3398,p1,1388,4.25592e-05,10.0193,10
1,4913,p1,1124,2.79966e-05,19.9008,20
1,3399,p1,1348,4.4203e-05,10.015,10
1,4914,p1,1246,2.7472e-05,19.9577,20
1,4915,p1,1075,2.71845e-05,19.9935,20
1,4916,p1,1112,2.70345e-05,20.0113,20
1,3400,p1,1329,4.32038e-05,10.0253,10
1,3401,p1,1141,4.25251e-05,10.0206,10
1,3402,p1,1401,4.31244e-05,10.0468,10
1,3403,p1,1168,4.21812e-05,10.0272,10
1,4917,p1,1203,2.77216e-05,19.9637,20
1,4918,p1,1078,2.69763e-05,20.0171,20
1,3404,p1,1300,4.35973e-05,10.041,10
1,4919,p1,1217,2.82209e-05,19.8827,20
1,4920,p1,1172,2.86558e-05,20.0093,20
1,3405,p1,1448,4.4972e-05,10.0502,10
1,4921,p1,1062,2.856e-05,19.9267,20
1,3406,p1,1275,4.4405e-05,10.0369,10
1,4922,p1,1120,2.89631e-05,19.9541,20
1,4923,p1,1118,2.95709e-05,19.8586,20
1,4924,p1,1080,2.97926e-05,19.9274,20
1,3407,p1,1327,4.26244e-05,10.0341,10
1,3408,p1,1392,4.33151e-05,10.0274,10
1,4925,p1,1104,2.9948e-05,19.9186,20
1,4926,p1,1142,2.97988e-05,19.9605,20
1,4927,p1,1108,3.05365e-05,19.9577,20
1,4928,p1,1087,3.03263e-05,20.0008,20
1,3409,p1,1394,4.36657e-05,10.009,10
1,3410,p1,1238,4.27425e-05,10.0326,10
1,3411,p1,1253,4.52987e-05,10.0117,10
1,3412,p1,1345,4.38976e-05,10.0087,10
1,4929,p1,1112,3.02964e-05,19.9784,20
1,4930,p1,1029,3.10798e-05,19.8512,20
1,3413,p1,1158,4.37166e-05,9.99929,10
1,3414,p1,1365,4.35139e-05,10.0362,10
1,4931,p1,1175,3.11144e-05,19.9281,20
1,4932,p1,1103,3.06924e-05,19.895,20
1,3415,p1,1373,4.32775e-05,10.024,10
1,3416,p1,1305,4.33861e-05,10.0171,10
1,3417,p1,1297,4.42075e-05,10.0059,10
1,4933,p1,1186,3.14137e-05,19.9464,20
1,3418,p1,1256,4.22895e-05,10.0146,10
1,3419,p1,1421,4.23439e-05,10.0113,10
1,3420,p1,1211,4.32303e-05,10.0282,10
1,4934,p1,1043,3.11165e-05,19.9836,20
1,4935,p1,1118,3.08913e-05,19.8825,20
1,3421,p1,1233,4.47549e-05,10.017,10
1,4936,p1,1165,3.19098e-05,19.9343,20
1,3422,p1,1430,4.28307e-05,10.0213,10
1,3423,p1,1315,4.34714e-05,9.99403,10
1,3424,p1,1148,4.24011e-05,10.0201,10
1,4937,p1,1067,2.98659e-05,19.9868,20
1,4938,p1,1040,3.01398e-05,19.9352,20
1,3425,p1,1389,4.19864e-05,10.0335,10
1,4939,p1,1271,3.0011e-05,19.9708,20
1,4940,p1,1133,3.10976e-05,19.9474,20
1,3426,p1,1316,4.21288e-05,10.0124,10
1,4941,p1,1091,2.96896e-05,19.8537,20
1,4942,p1,1066,2.98466e-05,19.8959,20
1,3427,p1,1470,4.45798e-05,10.0099,10
1,4943,p1,1146,2.94685e-05,19.9055,20
1,4944,p1,1082,2.96035e-05,19.9283,20
1,4945,p1,1198,3.02294e-05,19.9509,20
1,3428,p1,1242,4.30373e-05,10.0341,10
1,4946,p1,1100,2.96142e-05,19.9468,20
1,3429,p1,1231,4.18343e-05,10.0326,10
1,4947,p1,1128,2.85906e-05,20.0354,20
1,3430,p1,1193,3.97999e-05,10.0219,10
1,4948,p1,1170,2.9832e-05,19.9764,20
1,4949,p1,1027,3.01309e-05,20.0038,20
1,4950,p1,1072,3.09563e-05,19.9871,20
1,4951,p1,1336,3.0672e-05,19.9273,20
1,3431,p1,1409,4.05796e-05,10.0139,10
1,4952,p1,1079,3.00266e-05,20.0264,20
1,4953,p1,1131,3.03357e-05,19.8295,20
1,4954,p1,1169,3.00223e-05,19.9457,20
1,3432,p1,1276,4.09829e-05,10.0037,10
1,3433,p1,1231,4.0849e-05,10.0371,10
1,4955,p1,1055,3.00277e-05,19.9911,20
1,4956,p1,1095,3.18018e-05,19.9667,20
1,4957,p1,1179,3.02519e-05,19.9733,20
1,4958,p1,1026,3.08723e-05,20.0398,20
1,3434,p1,1346,4.11816e-05,10.0335,10
1,4959,p1,1159,2.87738e-05,19.9153,20
1,4960,p1,1128,2.96602e-05,20.0012,20
1,3435,p1,1337,4.14345e-05,10.0469,10
1,3436,p1,1296,4.093e-05,10.0305,10
1,4961,p1,1106,3.04327e-05,20.0175,20
1,4962,p1,1158,2.99086e-05,19.8816,20
1,4963,p1,1114,2.97861e-05,20.0364,20
1,4964,p1,1012,2.9356e-05,20.1259,20
1,3437,p1,1324,4.02056e-05,10.0412,10
1,4965,p1,1070,3.00739e-05,19.9844,20
1,4966,p1,1129,2.99916e-05,20.0055,20
1,3438,p1,1376,4.08894e-05,10.0552,10
1,4967,p1,1201,3.08467e-05,19.9917,20
1,4968,p1,1112,3.0439e-05,19.9406,20
1,3439,p1,1354,4.11115e-05,10.0718,10
1,4969,p1,1031,3.09757e-05,19.9725,20
1,3440,p1,1396,4.02252e-05,10.0498,10
1,4970,p1,1192,3.16936e-05,19.9508,20
1,3441,p1,1303,4.04993e-05,10.055,10
1,4971,p1,1138,3.19763e-05,20.0293,20
1,3442,p1,1363,4.07813e-05,10.0514,10
1,4972,p1,1134,3.14967e-05,20.0297,20
1,3443,p1,1235,4.21531e-05,10.0436,10
1,3444,p1,1373,3.94556e-05,10.0518,10
1,4973,p1,955,3.24591e-05,20.0482,20
1,3445,p1,1392,4.14843e-05,10.0747,10
1,4974,p1,1153,3.28011e-05,19.9357,20
1,3446,p1,1184,4.14934e-05,10.0649,10
1,4975,p1,1131,3.22207e-05,19.9447,20
1,3447,p1,1365,3.89967e-05,10.0526,10
1,4976,p1,1095,3.18355e-05,19.8911,20
1,4977,p1,1155,3.19634e-05,19.9583,20
1,3448,p1,1366,3.66482e-05,10.0406,10
1,4978,p1,1106,3.41295e-05,19.9803,20
1,3449,p1,1266,4.11605e-05,10.0545,10
1,3450,p1,1395,3.90804e-05,10.0487,10
1,3451,p1,1289,4.0889e-05,10.02,10
1,4979,p1,1078,3.2923e-05,20.0283,20
1,4980,p1,1067,3.22044e-05,20.0125,20
1,3452,p1,1263,3.83673e-05,10.0231,10
1,4981,p1,1124,3.2895e-05,20.0129,20
1,3453,p1,1267,3.79881e-05,10.0177,10
1,3454,p1,1272,3.94768e-05,10.0066,10
1,3455,p1,1206,3.7963e-05,10.0289,10
1,4982,p1,1200,3.2123e-05,19.9302,20
1,3456,p1,1270,3.70296e-05,10.0109,10
1,4983,p1,1109,3.20911e-05,19.9765,20
1,3457,p1,1333,3.51656e-05,10.0275,10
1,4984,p1,1084,3.24969e-05,19.9318,20
1,3458,p1,1291,3.79172e-05,10.0323,10
1,4985,p1,1072,3.12209e-05,19.9889,20
1,4986,p1,1075,2.9967e-05,20.0368,20
1,3459,p1,1332,3.77879e-05,10.0134,10
1,4987,p1,1181,3.21156e-05,19.8864,20
1,3460,p1,1386,3.81224e-05,10.0294,10
1,3461,p1,1200,3.75819e-05,10.055,10
1,4988,p1,1054,3.13928e-05,19.9106,20
1,3462,p1,1393,3.65317e-05,10.0498,10
1,3463,p1,1178,3.88595e-05,10.0291,10
1,4989,p1,1083,3.15115e-05,20.047,20
1,3464,p1,1274,4.05047e-05,10.0485,10
1,3465,p1,1441,3.8752e-05,10.0248,10
1,3466,p1,1367,3.77151e-05,10.0039,10
1,4990,p1,1206,3.22763e-05,19.9674,20
1,3467,p1,1355,4.00333e-05,10.0063,10
1,4991,p1,1161,3.18202e-05,19.9834,20
1,4992,p1,1240,3.35446e-05,19.9787,20
1,3468,p1,1165,3.99378e-05,10.0006,10
1,3469,p1,1171,4.09248e-05,10.0085,10
1,4993,p1,1079,3.32968e-05,19.7973,20
1,4994,p1,1108,3.45264e-05,19.8772,20
1,3470,p1,1360,4.11422e-05,9.98909,10
1,3471,p1,1471,4.07269e-05,9.99137,10
1,3472,p1,1323,4.14619e-05,10.0041,10
1,3473,p1,1170,4.21099e-05,10.0059,10
1,4995,p1,1095,3.36013e-05,19.9958,20
1,4996,p1,1214,3.41505e-05,19.9341,20
1,4997,p1,1120,3.40562e-05,19.9153,20
1,4998,p1,1069,3.38694e-05,19.992,20
1,3474,p1,1334,4.20601e-05,10.0011,10
1,4999,p1,1119,3.31565e-05,19.9436,20
1,3475,p1,1315,4.04053e-05,10.006,10
1,5000,p1,1211,3.35925e-05,19.9434,20
1,3476,p1,1258,3.97976e-05,10.0225,10
1,3477,p1,1420,4.25944e-05,10.0153,10
1,3478,p1,1230,4.29289e-05,10.013,10
1,3479,p1,1264,3.99245e-05,10.0084,10
1,3480,p1,1249,4.11307e-05,10.0322,10
1,3481,p1,1261,4.19423e-05,9.99202,10
1,3482,p1,1456,4.13907e-05,10.0157,10
1,3483,p1,1323,4.15049e-05,10.0095,10
1,3484,p1,1114,4.34774e-05,10.0146,10
1,3485,p1,1438,4.51898e-05,9.99157,10
1,3486,p1,1360,4.60708e-05,9.97946,10
1,3487,p1,1324,4.47572e-05,10.0026,10
1,3488,p1,1239,4.34942e-05,10.0078,10
1,3489,p1,1403,4.40717e-05,10.0117,10
1,3490,p1,1242,4.70302e-05,10.0103,10
1,3491,p1,1293,4.75016e-05,9.98346,10
1,3492,p1,1269,4.54021e-05,10.0161,10
1,3493,p1,1249,4.58171e-05,10.002,10
1,3494,p1,1505,4.78197e-05,9.98611,10
1,3495,p1,1273,4.59613e-05,10.0116,10
1,3496,p1,1214,4.78239e-05,10.0018,10
1,3497,p1,1323,4.83733e-05,9.99969,10
1,3498,p1,1296,4.59996e-05,9.99894,10
1,3499,p1,1363,4.54535e-05,10.0098,10
1,3500,p1,1375,4.86522e-05,9.96954,10
1,3501,p1,1267,4.63841e-05,10.0063,10
1,3502,p1,1296,4.33145e-05,9.99171,10
1,3503,p1,1221,4.31061e-05,9.99503,10
1,3504,p1,1356,4.27669e-05,10.0221,10
1,3505,p1,1331,4.49384e-05,9.99768,10
1,3506,p1,1227,4.5851e-05,9.98446,10
1,3507,p1,1363,4.30655e-05,9.99727,10
1,3508,p1,1243,4.42961e-05,10.0055,10
1,3509,p1,1396,4.49466e-05,9.98782,10
1,3510,p1,1262,4.67098e-05,9.99268,10
1,3511,p1,1342,4.61928e-05,9.99804,10
1,3512,p1,1366,4.46122e-05,9.99559,10
1,3513,p1,1287,4.46454e-05,10.0102,10
1,3514,p1,1318,4.51632e-05,10.0121,10
1,3515,p1,1463,4.42692e-05,10.013,10
1,3516,p1,1300,4.31887e-05,10.002,10
1,3517,p1,1260,4.49468e-05,10.0091,10
1,3518,p1,1385,4.39273e-05,10.0146,10
1,3519,p1,1334,4.58939e-05,10.0188,10
1,3520,p1,1421,4.26355e-05,10.0099,10
1,3521,p1,1357,4.35905e-05,10.0147,10
1,3522,p1,1272,4.48402e-05,10.028,10
1,3523,p1,1410,4.34127e-05,10.0341,10
1,3524,p1,1263,4.33014e-05,10.024,10
1,3525,p1,1236,4.39206e-05,10.0393,10
1,3526,p1,1313,4.46416e-05,10.0406,10
1,3527,p1,1485,4.30229e-05,10.0338,10
1,3528,p1,1339,4.40792e-05,10.0353,10
1,3529,p1,1214,4.37604e-05,10.0384,10
1,3530,p1,1319,4.41345e-05,10.0152,10
1,3531,p1,1355,4.34411e-05,10.0348,10
1,3532,p1,1312,4.21571e-05,10.0206,10
1,3533,p1,1190,4.24282e-05,10.029,10
1,3534,p1,1478,4.32705e-05,10.0162,10
1,3535,p1,1293,4.23265e-05,10.004,10
1,3536,p1,1192,4.2254e-05,10.0004,10
1,3537,p1,1405,4.46773e-05,10.0061,10
1,3538,p1,1303,4.41282e-05,10.0077,10
1,3539,p1,1356,4.29061e-05,10.0111,10
1,3540,p1,1268,4.02618e-05,9.98836,10
1,3541,p1,1288,3.9313e-05,10.021,10
1,3542,p1,1316,4.11873e-05,10.042,10
1,3543,p1,1351,4.02771e-05,10.0353,10
1,3544,p1,1237,3.89023e-05,10.0403,10
1,3545,p1,1167,3.93671e-05,10.0549,10
1,3546,p1,1349,4.03161e-05,10.0174,10
1,3547,p1,1502,4.24091e-05,10.0055,10
1,3548,p1,1206,4.31956e-05,10.0211,10
1,3549,p1,1418,4.33646e-05,10.0432,10
1,3550,p1,1361,4.44738e-05,10.0114,10
1,3551,p1,1208,4.59507e-05,10.014,10
1,3552,p1,1258,4.45049e-05,10.0373,10
1,3553,p1,1412,4.67786e-05,9.98717,10
1,3554,p1,1307,4.83612e-05,10.0085,10
1,3555,p1,1307,4.57211e-05,9.98967,10
1,3556,p1,1393,4.70928e-05,9.98828,10
1,3557,p1,1203,4.768e-05,10.005,10
1,3558,p1,1194,4.65332e-05,9.98102,10
1,3559,p1,1447,4.69805e-05,10.0262,10
1,3560,p1,1396,4.61342e-05,10.0167,10
1,3561,p1,1330,4.50352e-05,9.98774,10
1,3562,p1,1383,4.66683e-05,10.0404,10
1,3563,p1,1358,4.56824e-05,10.0079,10
1,3564,p1,1306,4.3631e-05,9.98983,10
1,3565,p1,1333,4.32789e-05,10.0016,10
1,3566,p1,1195,4.62974e-05,10.0146,10
1,3567,p1,1341,4.66202e-05,9.99204,10
1,3568,p1,1509,4.45763e-05,9.97664,10
1,3569,p1,1314,4.42243e-05,9.99174,10
1,3570,p1,1152,4.31925e-05,9.99996,10
1,3571,p1,1303,4.38493e-05,10.0097,10
1,3572,p1,1486,4.57074e-05,10.0231,10
1,3573,p1,1474,4.50976e-05,10.0264,10
1,3574,p1,1180,4.46666e-05,10.0157,10
1,3575,p1,1321,4.62186e-05,10.0381,10
1,3576,p1,1198,4.42981e-05,10.0374,10
1,3577,p1,1289,4.25743e-05,10.0374,10
1,3578,p1,1343,4.23966e-05,10.0606,10
1,3579,p1,1326,4.22305e-05,10.0364,10
1,3580,p1,1412,4.17756e-05,10.0232,10
1,3581,p1,1249,4.0272e-05,10.0177,10
1,3582,p1,1171,4.08831e-05,10.0357,10
1,3583,p1,1515,3.87715e-05,10.0219,10
1,3584,p1,1347,4.01952e-05,10.0207,10
1,3585,p1,1180,4.04494e-05,10.0264,10
1,3586,p1,1353,3.79595e-05,10.0356,10
1,3587,p1,1467,3.84707e-05,10.045,10
1,3588,p1,1179,4.00925e-05,10.0315,10
1,3589,p1,1291,3.9458e-05,10.0405,10
1,3590,p1,1510,3.89641e-05,10.0262,10
1,3591,p1,1167,4.08702e-05,10.0464,10
1,3592,p1,1241,3.9814e-05,10.0239,10
1,3593,p1,1508,3.94588e-05,10.0373,10
1,3594,p1,1319,4.06094e-05,10.0134,10
1,3595,p1,1265,3.93931e-05,10.0223,10
1,3596,p1,1332,3.64541e-05,10.0274,10
1,3597,p1,1313,3.7307e-05,10.0224,10
1,3598,p1,1367,3.88561e-05,10.0233,10
1,3599,p1,1244,3.77797e-05,10.0255,10
1,3600,p1,1460,3.84509e-05,10.0351,10
1,3601,p1,1310,4.07914e-05,10.0073,10
1,3602,p1,1309,3.93437e-05,10.0335,10
1,3603,p1,1327,3.925e-05,10.0411,10
1,3604,p1,1270,4.0986e-05,10.0191,10
1,3605,p1,1279,4.00486e-05,10.0223,10
1,3606,p1,1277,3.77253e-05,10.0395,10
1,3607,p1,1262,3.75978e-05,10.0492,10
1,3608,p1,1379,3.7886e-05,10.0435,10
1,3609,p1,1275,3.92014e-05,10.0395,10
1,3610,p1,1282,3.65199e-05,10.06,10
1,3611,p1,1147,3.41239e-05,10.021,10
1,3612,p1,1375,3.58049e-05,10.0165,10
1,3613,p1,1244,3.58055e-05,10.03,10
1,3614,p1,1479,3.46778e-05,10.0546,10
1,3615,p1,1259,3.43507e-05,10.0268,10
1,3616,p1,1372,3.42547e-05,10.0141,10
1,3617,p1,1415,3.40728e-05,10.0092,10
1,3618,p1,1270,3.54114e-05,10.0084,10
1,3619,p1,1209,3.55246e-05,10.0116,10
1,3620,p1,1333,3.4133e-05,10.0256,10
1,3621,p1,1335,3.37685e-05,10.0417,10
1,3622,p1,1380,3.37336e-05,10.0233,10
1,3623,p1,1284,3.27382e-05,10.003,10
1,3624,p1,1295,3.47623e-05,9.99435,10
1,3625,p1,1475,3.47431e-05,9.99665,10
1,3626,p1,1414,3.36492e-05,9.99341,10
1,3627,p1,1306,3.2465e-05,10.0065,10
1,3628,p1,1282,3.35149e-05,9.99666,10
1,3629,p1,1336,3.21451e-05,10.0194,10
1,3630,p1,1304,3.2082e-05,9.97532,10
1,3631,p1,1312,3.2265e-05,9.98959,10
1,3632,p1,1334,3.29868e-05,9.97516,10
1,3633,p1,1377,3.30405e-05,9.98179,10
1,3634,p1,1224,3.41117e-05,9.97977,10
1,3635,p1,1371,3.27058e-05,10.0154,10
1,3636,p1,1431,3.23928e-05,10.0278,10
1,3637,p1,1300,3.26189e-05,10.0029,10
1,3638,p1,1371,3.32534e-05,9.98249,10
1,3639,p1,1416,3.42401e-05,10.0061,10
1,3640,p1,1355,3.33665e-05,9.99677,10
1,3641,p1,1313,3.53637e-05,10.0366,10
1,3642,p1,1360,3.45185e-05,9.99755,10
1,3643,p1,1357,3.35414e-05,9.98656,10
1,3644,p1,1150,3.49632e-05,10.0057,10
1,3645,p1,1296,3.62108e-05,9.98503,10
1,3646,p1,1367,3.61021e-05,9.98354,10
1,3647,p1,1352,3.85159e-05,9.9949,10
1,3648,p1,1350,3.77027e-05,10.0123,10
1,3649,p1,1203,3.77645e-05,10.0093,10
1,3650,p1,1444,3.6453e-05,9.99175,10
1,3651,p1,1331,3.71616e-05,9.99327,10
1,3652,p1,1273,3.68742e-05,10.0186,10
1,3653,p1,1328,3.79112e-05,10.0188,10
1,3654,p1,1297,3.51475e-05,10.0217,10
1,3655,p1,1304,3.87269e-05,10.0261,10
1,3656,p1,1204,3.7435e-05,10.0373,10
1,3657,p1,1361,3.70146e-05,10.0347,10
1,3658,p1,1367,3.68701e-05,10.026,10
1,3659,p1,1321,3.70821e-05,10.0094,10
1,3660,p1,1222,3.78958e-05,10.0102,10
1,3661,p1,1436,3.81989e-05,10.0443,10
1,3662,p1,1438,3.67898e-05,10.0353,10
1,3663,p1,1387,3.74691e-05,10.0244,10
1,3664,p1,1228,3.97938e-05,10.0292,10
1,3665,p1,1342,3.90919e-05,10.0095,10
1,3666,p1,1437,3.66632e-05,10.0209,10
1,3667,p1,1248,3.36299e-05,10.0071,10
1,3668,p1,1310,3.55767e-05,9.99377,10
1,3669,p1,1271,3.34985e-05,10.0061,10
1,3670,p1,1294,3.2534e-05,10.0042,10
1,3671,p1,1461,3.52968e-05,9.97536,10
1,3672,p1,1336,3.40282e-05,9.98657,10
1,3673,p1,1270,3.33919e-05,9.98005,10
1,3674,p1,1359,3.32019e-05,9.96532,10
1,3675,p1,1309,3.37738e-05,9.97667,10
1,3676,p1,1185,3.37063e-05,9.98208,10
1,3677,p1,1391,3.48035e-05,10.0029,10
1,3678,p1,1314,3.50304e-05,9.99427,10
1,3679,p1,1378,3.38522e-05,10.0082,10
1,3680,p1,1199,3.28597e-05,9.99477,10
1,3681,p1,1454,3.56418e-05,9.99394,10
1,3682,p1,1335,3.70375e-05,10.0079,10
1,3683,p1,1279,3.58156e-05,9.9892,10
1,3684,p1,1332,3.50576e-05,10.0243,10
1,3685,p1,1392,3.83865e-05,10.0044,10
1,3686,p1,1277,3.65293e-05,10.0114,10
1,3687,p1,1317,3.67252e-05,10.0125,10
1,3688,p1,1318,3.59594e-05,10.0006,10
1,3689,p1,1314,3.54294e-05,10.0419,10
1,3690,p1,1551,3.71221e-05,10.0541,10
1,3691,p1,1221,3.54504e-05,10.0387,10
1,3692,p1,1388,3.55175e-05,10.0291,10
1,3693,p1,1352,3.82374e-05,10.0123,10
1,3694,p1,1293,3.88487e-05,10.0322,10
1,3695,p1,1427,3.64997e-05,10.0174,10
1,3696,p1,1209,3.9291e-05,10.0164,10
1,3697,p1,1416,3.81002e-05,10.0244,10
1,3698,p1,1308,3.68707e-05,10.0382,10
1,3699,p1,1238,4.06753e-05,10.0456,10
1,3700,p1,1416,3.98974e-05,10.0346,10
1,3701,p1,1450,4.24607e-05,10.0194,10
1,3702,p1,1172,4.21561e-05,10.0175,10
1,3703,p1,1356,4.03753e-05,10.0147,10
1,3704,p1,1289,4.01573e-05,9.99838,10
1,3705,p1,1325,4.1856e-05,9.9883,10
1,3706,p1,1330,4.18702e-05,10.0129,10
1,3707,p1,1245,4.23767e-05,10.0146,10
1,3708,p1,1319,4.05381e-05,9.99436,10
1,3709,p1,1287,4.11133e-05,10.0162,10
1,3710,p1,1340,4.06268e-05,9.98974,10
1,3711,p1,1343,3.95047e-05,10.0218,10
1,3712,p1,1246,4.14134e-05,10.0013,10
1,3713,p1,1265,3.99165e-05,10.0067,10
1,3714,p1,1184,4.16175e-05,10.0125,10
1,3715,p1,1356,4.1929e-05,10.0039,10
1,3716,p1,1274,4.40175e-05,10.0161,10
1,3717,p1,1201,4.24173e-05,10.0178,10
1,3718,p1,1184,4.03031e-05,10.0145,10
1,3719,p1,1308,4.26826e-05,9.99614,10
1,3720,p1,1245,4.25646e-05,10.0251,10
1,3721,p1,1397,4.46133e-05,10.0203,10
1,3722,p1,1160,4.41685e-05,10.0095,10
1,3723,p1,1305,4.46959e-05,10.0113,10
1,3724,p1,1312,4.39738e-05,10.0013,10
1,3725,p1,1440,4.47576e-05,10.0293,10
1,3726,p1,1370,4.73747e-05,10.0217,10
1,3727,p1,1224,4.74102e-05,10.019,10
1,3728,p1,1256,4.55109e-05,10.005,10
1,3729,p1,1382,4.6582e-05,9.97747,10
1,3730,p1,1260,4.61382e-05,9.97895,10
1,3731,p1,1285,4.80285e-05,9.9948,10
1,3732,p1,1286,4.77846e-05,10.0186,10
1,3733,p1,1420,4.80409e-05,9.98339,10
1,3734,p1,1299,4.72764e-05,10.0107,10
1,3735,p1,1397,4.76829e-05,10.0053,10
1,3736,p1,1189,4.65832e-05,10.0129,10
1,3737,p1,1389,4.76252e-05,9.99768,10
1,3738,p1,1487,4.51724e-05,10.0028,10
1,3739,p1,1335,4.69679e-05,10.0055,10
1,3740,p1,1248,4.89831e-05,10.004,10
1,3741,p1,1349,4.78163e-05,9.96979,10
1,3742,p1,1263,4.67909e-05,9.99387,10
1,3743,p1,1457,4.75007e-05,9.99895,10
1,3744,p1,1186,4.63302e-05,9.99043,10
1,3745,p1,1373,4.70104e-05,9.97966,10
1,3746,p1,1361,4.85761e-05,9.98331,10
1,3747,p1,1368,4.91811e-05,9.98409,10
1,3748,p1,1420,4.81627e-05,10.0082,10
1,3749,p1,1313,4.85673e-05,10.003,10
1,3750,p1,1235,4.7524e-05,10.0286,10
1,3751,p1,1510,4.91517e-05,10.011,10
1,3752,p1,1315,4.94769e-05,9.99353,10
1,3753,p1,1307,4.96949e-05,9.99756,10
1,3754,p1,1429,4.81329e-05,10.0104,10
1,3755,p1,1434,4.98665e-05,10.0172,10
1,3756,p1,1132,5.01952e-05,10.0277,10
1,3757,p1,1511,5.06266e-05,10.0263,10
1,3758,p1,1307,4.86434e-05,10.0342,10
1,3759,p1,1349,4.83911e-05,10.022,10
1,3760,p1,1280,4.82507e-05,10.0176,10
1,3761,p1,1493,4.97961e-05,10.0062,10
1,3762,p1,1298,4.90106e-05,10.0073,10
1,3763,p1,1260,5.21823e-05,10.0387,10
1,3764,p1,1231,5.07149e-05,10.0533,10
1,3765,p1,1316,5.01396e-05,10.0285,10
1,3766,p1,1441,5.37028e-05,10.0329,10
1,3767,p1,1172,5.47147e-05,10.0473,10
1,3768,p1,1236,5.29291e-05,10.0334,10
1,3769,p1,1402,5.30632e-05,10.0229,10
1,3770,p1,1342,5.16868e-05,10.0327,10
1,3771,p1,1193,5.03623e-05,10.0287,10
1,3772,p1,1455,5.09077e-05,10.0131,10
1,3773,p1,1264,5.03286e-05,10.0237,10
1,3774,p1,1194,4.72514e-05,10.0175,10
1,3775,p1,1304,4.79106e-05,10.0257,10
1,3776,p1,1383,4.66446e-05,10.0233,10
1,3777,p1,1306,4.6348e-05,9.99131,10
1,3778,p1,1193,4.52675e-05,10.0034,10
1,3779,p1,1362,4.67056e-05,10.0058,10
1,3780,p1,1344,4.55393e-05,9.99483,10
1,3781,p1,1148,4.77744e-05,9.98528,10
1,3782,p1,1476,4.47035e-05,9.98321,10
1,3783,p1,1362,4.57169e-05,9.99262,10
1,3784,p1,1325,4.48868e-05,9.98351,10
1,3785,p1,1246,4.33162e-05,9.98236,10
1,3786,p1,1376,4.52637e-05,9.98583,10
1,3787,p1,1279,4.67266e-05,9.97056,10
1,3788,p1,1210,4.44449e-05,9.99681,10
1,3789,p1,1365,4.65996e-05,9.98442,10
1,3790,p1,1284,4.62331e-05,10.0066,10
1,3791,p1,1255,4.74299e-05,10.0214,10
1,3792,p1,1479,4.74174e-05,10.0271,10
1,3793,p1,1342,4.77858e-05,10.0475,10
1,3794,p1,1216,4.62965e-05,10.0351,10
1,3795,p1,1313,4.73522e-05,10.0376,10
1,3796,p1,1331,4.60404e-05,10.0486,10
1,3797,p1,1481,4.7438e-05,10.0287,10
1,3798,p1,1348,4.40946e-05,10.0065,10
1,3799,p1,1279,4.30528e-05,10.006,10
1,3800,p1,1372,4.13348e-05,10.0098,10
1,3801,p1,1449,4.15645e-05,10.0106,10
1,3802,p1,1276,4.13211e-05,10.0073,10
1,3803,p1,1242,4.19442e-05,9.95942,10
1,3804,p1,1456,4.14819e-05,9.99416,10
1,3805,p1,1383,3.95199e-05,10.0138,10
1,3806,p1,1234,4.06766e-05,10.001,10
1,3807,p1,1451,4.27784e-05,10.0095,10
1,3808,p1,1313,4.19399e-05,10.0162,10
1,3809,p1,1333,4.02674e-05,9.99621,10
1,3810,p1,1265,4.35234e-05,10.0282,10
1,3811,p1,1300,4.41672e-05,10.0337,10
1,3812,p1,1276,4.37375e-05,10.0389,10
1,3813,p1,1346,4.37595e-05,10.0295,10
1,3814,p1,1344,4.49078e-05,10.0229,10
1,3815,p1,1361,4.26237e-05,10.0145,10
1,3816,p1,1254,4.26796e-05,10.0083,10
1,3817,p1,1282,4.30018e-05,10.0258,10
1,3818,p1,1292,4.38547e-05,10.0343,10
1,3819,p1,1446,4.30735e-05,10.02,10
1,3820,p1,1219,4.30632e-05,10.0254,10
1,3821,p1,1341,4.22475e-05,10.0165,10
1,3822,p1,1411,4.126e-05,10.0013,10
1,3823,p1,1385,4.10688e-05,10.0198,10
1,3824,p1,1395,4.14804e-05,10.0191,10
1,3825,p1,1294,4.06488e-05,10.0349,10
1,3826,p1,1154,4.10468e-05,10.0148,10
1,3827,p1,1464,4.04409e-05,10.0092,10
1,3828,p1,1310,4.19818e-05,10.0263,10
1,3829,p1,1182,4.10449e-05,10.0254,10
1,3830,p1,1295,4.16995e-05,10.042,10
1,3831,p1,1365,4.23271e-05,10.0466,10
1,3832,p1,1254,4.21971e-05,10.0316,10
1,3833,p1,1381,4.1616e-05,10.0605,10
1,3834,p1,1255,4.08504e-05,10.0674,10
1,3835,p1,1424,4.158e-05,10.0362,10
1,3836,p1,1233,3.9899e-05,10.035,10
1,3837,p1,1226,3.96473e-05,10.0158,10
1,3838,p1,1411,3.9064e-05,10.0162,10
1,3839,p1,1378,3.97594e-05,10.0353,10
1,3840,p1,1227,4.04395e-05,10.0298,10
1,3841,p1,1375,3.64176e-05,10.0396,10
1,3842,p1,1297,3.74458e-05,10.0408,10
1,3843,p1,1383,3.78725e-05,10.0282,10
1,3844,p1,1326,3.81724e-05,10.0244,10
1,3845,p1,1450,3.59841e-05,10.0281,10
1,3846,p1,1273,3.5762e-05,10.016,10
1,3847,p1,1234,3.58416e-05,10.0049,10
1,3848,p1,1205,3.6082e-05,9.99293,10
1,3849,p1,1361,3.56888e-05,10.0146,10
1,3850,p1,1279,3.7127e-05,9.99369,10
1,3851,p1,1232,3.64315e-05,10.0001,10
1,3852,p1,1262,3.72276e-05,10.0026,10
1,3853,p1,1478,3.72658e-05,10.0397,10
1,3854,p1,1195,3.62419e-05,10.0153,10
1,3855,p1,1250,3.51435e-05,9.9913,10
1,3856,p1,1347,3.72958e-05,10.0058,10
1,3857,p1,1355,3.77416e-05,10.0063,10
1,3858,p1,1368,3.55491e-05,9.99955,10
1,3859,p1,1222,3.71644e-05,9.98412,10
1,3860,p1,1226,3.83771e-05,10.0012,10
1,3861,p1,1378,3.84234e-05,10.0234,10
1,3862,p1,1288,3.89723e-05,10.012,10
1,3863,p1,1385,3.72815e-05,9.99859,10
1,3864,p1,1232,3.67257e-05,9.99505,10
1,3865,p1,1508,3.79498e-05,9.98555,10
1,3866,p1,1324,3.68946e-05,9.96871,10
1,3867,p1,1280,3.6392e-05,9.94982,10
1,3868,p1,1331,3.82381e-05,9.98411,10
1,3869,p1,1339,3.61377e-05,9.96456,10
1,3870,p1,1251,3.82404e-05,9.97527,10
1,3871,p1,1429,3.88512e-05,9.98604,10
1,3872,p1,1342,3.88706e-05,9.97921,10
1,3873,p1,1250,3.85821e-05,10.0041,10
1,3874,p1,1399,3.8663e-05,9.99846,10
1,3875,p1,1515,3.91307e-05,10.0121,10
1,3876,p1,1233,3.74177e-05,9.98542,10
1,3877,p1,1259,3.906e-05,9.9902,10
1,3878,p1,1365,3.95493e-05,9.97188,10
1,3879,p1,1398,3.75464e-05,9.97201,10
1,3880,p1,1314,3.60783e-05,9.98766,10
1,3881,p1,1285,3.64633e-05,9.96225,10
1,3882,p1,1384,3.72405e-05,9.95711,10
1,3883,p1,1178,3.50968e-05,9.96488,10
1,3884,p1,1248,3.47681e-05,9.93322,10
1,3885,p1,1259,3.45835e-05,9.97124,10
1,3886,p1,1343,3.53328e-05,9.98037,10
1,3887,p1,1283,3.359e-05,9.96683,10
1,3888,p1,1370,3.44539e-05,9.98733,10
1,3889,p1,1265,3.31906e-05,9.98657,10
1,3890,p1,1234,3.3738e-05,9.98546,10
1,3891,p1,1328,3.22419e-05,9.95544,10
1,3892,p1,1229,3.3288e-05,9.98502,10
1,3893,p1,1381,3.34475e-05,9.98741,10
1,3894,p1,1333,3.4351e-05,9.97257,10
1,3895,p1,1274,3.40853e-05,9.97056,10
1,3896,p1,1339,3.30836e-05,9.99308,10
1,3897,p1,1354,3.48914e-05,9.98892,10
1,3898,p1,1281,3.37101e-05,9.97691,10
1,3899,p1,1315,3.36225e-05,9.97791,10
1,3900,p1,1333,3.3562e-05,9.97319,10
1,3901,p1,1396,3.39134e-05,9.99183,10
1,3902,p1,1278,3.48497e-05,9.97594,10
1,3903,p1,1319,3.50303e-05,9.99855,10
1,3904,p1,1334,3.4719e-05,10.0048,10
1,3905,p1,1352,3.39036e-05,10.0012,10
1,3906,p1,1469,3.47199e-05,9.98918,10
1,3907,p1,1257,3.22747e-05,9.95625,10
1,3908,p1,1393,3.2107e-05,9.99071,10
1,3909,p1,1393,3.29958e-05,9.96799,10
1,3910,p1,1325,3.25388e-05,9.98273,10
1,3911,p1,1264,3.28548e-05,9.97094,10
1,3912,p1,1352,3.21705e-05,9.96199,10
1,3913,p1,1409,3.11421e-05,9.98997,10
1,3914,p1,1293,3.11372e-05,9.98139,10
1,3915,p1,1214,3.22784e-05,9.95734,10
1,3916,p1,1337,3.17629e-05,9.96089,10
1,3917,p1,1406,3.1314e-05,9.97957,10
1,3918,p1,1435,3.10452e-05,9.99769,10
1,3919,p1,1173,3.28521e-05,9.98116,10
1,3920,p1,1375,3.21912e-05,9.97476,10
1,3921,p1,1236,3.36835e-05,9.98827,10
1,3922,p1,1260,3.56572e-05,9.98853,10
1,3923,p1,1450,3.57404e-05,9.98181,10
1,3924,p1,1323,3.79277e-05,9.99388,10
1,3925,p1,1381,3.62837e-05,10.0121,10
1,3926,p1,1229,3.74207e-05,10.0038,10
1,3927,p1,1367,3.73938e-05,10.0067,10
1,3928,p1,1363,3.65774e-05,9.99268,10
1,3929,p1,1401,3.45955e-05,9.99852,10
1,3930,p1,1197,3.46997e-05,9.9873,10
1,3931,p1,1407,3.45619e-05,9.97904,10
1,3932,p1,1292,3.58628e-05,10.0022,10
1,3933,p1,1221,3.75217e-05,9.98193,10
1,3934,p1,1328,3.70951e-05,9.98494,10
1,3935,p1,1287,3.80486e-05,9.99594,10
1,3936,p1,1464,3.58607e-05,9.99495,10
1,3937,p1,1221,3.46318e-05,9.96816,10
1,3938,p1,1289,3.4022e-05,9.98265,10
1,3939,p1,1465,3.51643e-05,10.0024,10
1,3940,p1,1251,3.22374e-05,9.99302,10
1,3941,p1,1429,3.25557e-05,10.0171,10
1,3942,p1,1298,3.33502e-05,10.0018,10
1,3943,p1,1291,3.21663e-05,9.99603,10
1,3944,p1,1335,3.24726e-05,9.98333,10
1,3945,p1,1200,3.31439e-05,10.0162,10
1,3946,p1,1353,3.19903e-05,9.97766,10
1,3947,p1,1393,3.12944e-05,9.9796,10
1,3948,p1,1324,3.1231e-05,9.99676,10
1,3949,p1,1289,3.11322e-05,10.0028,10
1,3950,p1,1347,3.10423e-05,9.98921,10
1,3951,p1,1194,3.07481e-05,10.0054,10
1,3952,p1,1448,3.07076e-05,10.0162,10
1,3953,p1,1343,2.98156e-05,10.008,10
1,3954,p1,1446,2.85681e-05,9.99784,10
1,3955,p1,1290,2.83048e-05,9.98766,10
1,3956,p1,1225,2.91304e-05,9.98252,10
1,3957,p1,1310,2.89008e-05,9.97774,10
1,3958,p1,1394,2.83216e-05,9.99387,10
1,3959,p1,1410,2.81296e-05,10.003,10
1,3960,p1,1327,2.79472e-05,9.97252,10
1,3961,p1,1395,2.82078e-05,9.99232,10
1,3962,p1,1186,2.84938e-05,9.98794,10
1,3963,p1,1281,2.78194e-05,9.96761,10
1,3964,p1,1328,2.86234e-05,9.96196,10
1,3965,p1,1282,2.84725e-05,9.95568,10
1,3966,p1,1436,2.8163e-05,9.97768,10
1,3967,p1,1200,2.85364e-05,9.97612,10
1,3968,p1,1461,2.99281e-05,10.0033,10
1,3969,p1,1183,2.88143e-05,10.0043,10
1,3970,p1,1202,2.88725e-05,10.0072,10
1,3971,p1,1335,2.8345e-05,10.0064,10
1,3972,p1,1458,2.8878e-05,10.0018,10
1,3973,p1,1252,3.01316e-05,10.0225,10
1,3974,p1,1227,2.81221e-05,10.0224,10
1,3975,p1,1289,2.83371e-05,10.0012,10
1,3976,p1,1327,2.85172e-05,9.99583,10
1,3977,p1,1333,2.86084e-05,9.97245,10
1,3978,p1,1225,2.7604e-05,10.0042,10
1,3979,p1,1468,2.91467e-05,9.99661,10
1,3980,p1,1326,2.89461e-05,10.0159,10
1,3981,p1,1234,2.7402e-05,10.0168,10
1,3982,p1,1340,2.8334e-05,10.0083,10
1,3983,p1,1291,2.78978e-05,9.99023,10
1,3984,p1,1400,2.81404e-05,9.99389,10
1,3985,p1,1404,2.83329e-05,10.0046,10
1,3986,p1,1267,2.82065e-05,10.0107,10
1,3987,p1,1347,2.77567e-05,9.99756,10
1,3988,p1,1270,2.83995e-05,10.013,10
1,3989,p1,1367,2.82467e-05,10.0164,10
1,3990,p1,1372,2.89094e-05,10.0074,10
1,3991,p1,1225,2.86466e-05,10.0174,10
1,3992,p1,1291,2.72353e-05,10.0125,10
1,3993,p1,1431,2.75029e-05,10.0029,10
1,3994,p1,1393,2.6804e-05,9.9889,10
1,3995,p1,1351,2.738e-05,10.0048,10
1,3996,p1,1227,2.70778e-05,10.0216,10
1,3997,p1,1283,2.68339e-05,10.0207,10
1,3998,p1,1386,2.72972e-05,10.0168,10
1,3999,p1,1297,2.68564e-05,10.007,10
1,4000,p1,1361,2.72124e-05,10.0199,10
1,4001,p1,1302,2.66127e-05,10.0087,10
1,4002,p1,1406,2.69297e-05,10.0169,10
1,4003,p1,1337,2.69186e-05,10.0366,10
1,4004,p1,1488,2.70867e-05,10.0322,10
1,4005,p1,1257,2.5754e-05,10.0384,10
1,4006,p1,1242,2.62647e-05,10.0371,10
1,4007,p1,1418,2.67494e-05,10.048,10
1,4008,p1,1332,2.66282e-05,10.0311,10
1,4009,p1,1409,2.62609e-05,10.0309,10
1,4010,p1,1176,2.65945e-05,10.0299,10
1,4011,p1,1354,2.66757e-05,10.0417,10
1,4012,p1,1325,2.84593e-05,10.0232,10
1,4013,p1,1336,2.74642e-05,10.0266,10
1,4014,p1,1364,2.69961e-05,10.0178,10
1,4015,p1,1321,2.8654e-05,10.0365,10
1,4016,p1,1188,2.98954e-05,10.0463,10
1,4017,p1,1439,2.85601e-05,10.0406,10
1,4018,p1,1337,2.81666e-05,10.0174,10
1,4019,p1,1184,2.78589e-05,10.0221,10
1,4020,p1,1540,2.85279e-05,10.0166,10
1,4021,p1,1424,2.88886e-05,9.97859,10
1,4022,p1,1258,2.97542e-05,9.99937,10
1,4023,p1,1230,2.95056e-05,9.99916,10
1,4024,p1,1446,2.90725e-05,10.013,10
1,4025,p1,1363,2.89023e-05,10.0051,10
1,4026,p1,1253,2.83785e-05,10.0079,10
1,4027,p1,1415,2.89116e-05,10.0092,10
1,4028,p1,1350,2.77385e-05,10.0101,10
1,4029,p1,1358,2.75847e-05,10.0305,10
1,4030,p1,1309,2.85281e-05,10.0251,10
1,4031,p1,1313,2.69709e-05,10.0217,10
1,4032,p1,1432,2.75701e-05,10.0387,10
1,4033,p1,1447,2.81161e-05,10.0332,10
1,4034,p1,1438,2.65626e-05,10.031,10
1,4035,p1,1198,2.76509e-05,10.017,10
1,4036,p1,1396,2.8008e-05,10.0422,10
1,4037,p1,1352,2.82884e-05,10.0532,10
1,4038,p1,1220,2.7591e-05,10.0455,10
1,4039,p1,1300,2.82311e-05,10.0377,10
1,4040,p1,1346,2.85072e-05,10.0305,10
1,4041,p1,1242,2.93049e-05,10.0251,10
1,4042,p1,1209,2.95052e-05,10.012,10
1,4043,p1,1326,2.93082e-05,10.0448,10
1,4044,p1,1320,2.98622e-05,10.021,10
1,4045,p1,1316,2.92126e-05,10.0169,10
1,4046,p1,1462,2.95104e-05,10.0588,10
1,4047,p1,1277,2.95205e-05,10.0031,10
1,4048,p1,1362,2.93687e-05,10.0079,10
1,4049,p1,1187,2.9461e-05,9.99162,10
1,4050,p1,1320,2.86667e-05,9.99911,10
1,4051,p1,1323,2.9302e-05,9.97995,10
1,4052,p1,1303,2.88417e-05,9.9797,10
1,4053,p1,1354,2.92285e-05,10.0147,10
1,4054,p1,1313,2.95309e-05,10.0098,10
1,4055,p1,1249,2.96668e-05,10.0039,10
1,4056,p1,1345,3.02379e-05,10.0122,10
1,4057,p1,1527,2.97356e-05,9.99813,10
1,4058,p1,1322,3.07464e-05,9.9957,10
1,4059,p1,1285,3.0256e-05,9.9971,10
1,4060,p1,1207,2.9987e-05,9.988,10
1,4061,p1,1364,3.00485e-05,9.99799,10
1,4062,p1,1257,3.02976e-05,10.0179,10
1,4063,p1,1226,3.10613e-05,9.98995,10
1,4064,p1,1329,3.06631e-05,9.97844,10
1,4065,p1,1321,3.04033e-05,9.9823,10
1,4066,p1,1182,3.18262e-05,9.9618,10
1,4067,p1,1311,3.15597e-05,9.98221,10
1,4068,p1,1380,3.08237e-05,10.0162,10
1,4069,p1,1311,3.1241e-05,9.99763,10
1,4070,p1,1404,3.03955e-05,9.99571,10
1,4071,p1,1294,2.97736e-05,9.99138,10
1,4072,p1,1288,3.08887e-05,9.97313,10
1,4073,p1,1418,3.07606e-05,9.98229,10
1,4074,p1,1309,3.15683e-05,9.9842,10
1,4075,p1,1265,3.19878e-05,9.98637,10
1,4076,p1,1165,3.21522e-05,9.99171,10
1,4077,p1,1262,3.23625e-05,10.0096,10
1,4078,p1,1272,3.322e-05,10.0114,10
1,4079,p1,1193,3.24313e-05,9.99098,10
1,4080,p1,1371,3.30902e-05,9.98754,10
1,4081,p1,1375,3.37134e-05,9.9965,10
1,4082,p1,1224,3.27373e-05,10.0107,10
1,4083,p1,1133,3.37977e-05,10.0116,10
1,4084,p1,1417,3.39483e-05,10.0025,10
1,4085,p1,1421,3.37523e-05,10.0303,10
1,4086,p1,1299,3.32107e-05,10.0329,10
1,4087,p1,1187,3.48478e-05,10.004,10
1,4088,p1,1207,3.35084e-05,10.0138,10
1,4089,p1,1344,3.38765e-05,10.0495,10
1,4090,p1,1385,3.37251e-05,10.0303,10
1,4091,p1,1307,3.38102e-05,10.0048,10
1,4092,p1,1282,3.3718e-05,10.0084,10
1,4093,p1,1296,3.30517e-05,9.99602,10
1,4094,p1,1327,3.24598e-05,10.0148,10
1,4095,p1,1264,3.22617e-05,9.99752,10
1,4096,p1,1297,3.20545e-05,9.99529,10
1,4097,p1,1258,3.21217e-05,10.0239,10
1,4098,p1,1434,3.21875e-05,9.98191,10
1,4099,p1,1314,3.26016e-05,9.99174,10
1,4100,p1,1177,3.12862e-05,9.97854,10
1,4101,p1,1270,3.17979e-05,9.987,10
1,4102,p1,1433,3.22161e-05,9.97336,10
1,4103,p1,1263,3.13183e-05,9.97238,10
1,4104,p1,1348,3.12316e-05,9.97586,10
1,4105,p1,1282,3.19369e-05,9.99946,10
1,4106,p1,1350,3.23054e-05,9.97596,10
1,4107,p1,1309,3.18191e-05,9.95915,10
1,4108,p1,1286,3.13014e-05,9.99322,10
1,4109,p1,1265,3.16054e-05,9.98296,10
1,4110,p1,1292,3.15019e-05,9.99477,10
1,4111,p1,1499,3.2018e-05,9.97637,10
1,4112,p1,1210,3.13182e-05,9.97031,10
1,4113,p1,1366,3.215e-05,9.97156,10
1,4114,p1,1269,3.19002e-05,9.97453,10
1,4115,p1,1220,3.22886e-05,10,10
1,4116,p1,1360,3.21051e-05,9.99681,10
1,4117,p1,1314,3.24891e-05,9.97484,10
1,4118,p1,1346,3.31986e-05,9.99119,10
1,4119,p1,1302,3.33418e-05,9.96962,10
1,4120,p1,1361,3.39027e-05,9.97221,10
1,4121,p1,1378,3.38175e-05,10.0077,10
1,4122,p1,1149,3.47984e-05,10.0136,10
1,4123,p1,1405,3.44881e-05,10.0083,10
1,4124,p1,1288,3.5912e-05,10.022,10
1,4125,p1,1327,3.55254e-05,9.99608,10
1,4126,p1,1427,3.50101e-05,9.97341,10
1,4127,p1,1440,3.5804e-05,9.98175,10
1,4128,p1,1275,3.4979e-05,9.98292,10
1,4129,p1,1281,3.55784e-05,9.97436,10
1,4130,p1,1285,3.54409e-05,9.97792,10
1,4131,p1,1306,3.53113e-05,9.976,10
1,4132,p1,1238,3.57137e-05,9.983,10
1,4133,p1,1252,3.47946e-05,9.98653,10
1,4134,p1,1356,3.43722e-05,9.97602,10
1,4135,p1,1315,3.44298e-05,9.99215,10
1,4136,p1,1200,3.46095e-05,9.99827,10
1,4137,p1,1306,3.47081e-05,9.9793,10
1,4138,p1,1347,3.48201e-05,9.98997,10
1,4139,p1,1372,3.53088e-05,9.97802,10
1,4140,p1,1150,3.55054e-05,9.99566,10
1,4141,p1,1375,3.56137e-05,9.98566,10
1,4142,p1,1205,3.66875e-05,9.96965,10
1,4143,p1,1483,3.68739e-05,9.981,10
1,4144,p1,1245,3.70185e-05,9.97333,10
1,4145,p1,1291,3.79757e-05,9.95446,10
1,4146,p1,1347,3.68901e-05,9.94542,10
1,4147,p1,1405,3.67182e-05,9.94207,10
1,4148,p1,1397,3.66219e-05,9.9708,10
1,4149,p1,1267,3.68243e-05,9.96418,10
1,4150,p1,1309,3.7038e-05,9.97426,10
1,4151,p1,1379,3.69887e-05,9.98677,10
1,4152,p1,1251,3.68372e-05,9.97019,10
1,4153,p1,1434,3.68767e-05,9.95892,10
1,4154,p1,1274,3.74818e-05,9.97781,10
1,4155,p1,1405,3.79377e-05,9.96143,10
1,4156,p1,1392,3.75591e-05,9.96069,10
1,4157,p1,1286,3.88826e-05,9.9946,10
1,4158,p1,1317,3.79594e-05,9.98514,10
1,4159,p1,1354,3.65581e-05,9.97766,10
1,4160,p1,1290,3.61462e-05,9.99539,10
1,4161,p1,1250,3.67146e-05,9.97217,10
1,4162,p1,1202,3.6223e-05,9.98252,10
1,4163,p1,1344,3.5256e-05,9.97412,10
1,4164,p1,1363,3.50872e-05,9.97278,10
1,4165,p1,1375,3.4935e-05,9.96101,10
1,4166,p1,1437,3.5846e-05,9.96897,10
1,4167,p1,1274,3.56439e-05,9.98829,10
1,4168,p1,1396,3.42268e-05,9.98736,10
1,4169,p1,1446,3.5912e-05,10.0015,10
1,4170,p1,1287,3.60656e-05,9.96453,10
1,4171,p1,1284,3.49012e-05,9.94112,10
1,4172,p1,1178,3.54442e-05,9.94726,10
1,4173,p1,1480,3.51719e-05,9.93715,10
1,4174,p1,1294,3.34425e-05,9.95071,10
1,4175,p1,1286,3.2228e-05,9.96955,10
1,4176,p1,1362,3.2375e-05,9.95737,10
1,4177,p1,1310,3.3262e-05,9.9306,10
1,4178,p1,1325,3.42655e-05,9.94934,10
1,4179,p1,1201,3.3112e-05,9.96684,10
1,4180,p1,1286,3.45103e-05,9.94718,10
1,4181,p1,1340,3.52682e-05,9.9484,10
1,4182,p1,1260,3.47312e-05,9.976,10
1,4183,p1,1351,3.47232e-05,9.9749,10
1,4184,p1,1392,3.55608e-05,9.97044,10
1,4185,p1,1351,3.49157e-05,9.94595,10
1,4186,p1,1183,3.5394e-05,9.95566,10
1,4187,p1,1340,3.50155e-05,9.95874,10
1,4188,p1,1298,3.50004e-05,9.9741,10
1,4189,p1,1447,3.5818e-05,9.95605,10
1,4190,p1,1222,3.44557e-05,9.94843,10
1,4191,p1,1220,3.54856e-05,9.96542,10
1,4192,p1,1556,3.58985e-05,9.95689,10
1,4193,p1,1340,3.51346e-05,9.95409,10
1,4194,p1,1195,3.72709e-05,9.95945,10
1,4195,p1,1209,3.65191e-05,9.97227,10
1,4196,p1,1405,3.67443e-05,9.95122,10
1,4197,p1,1449,3.77151e-05,9.96698,10
1,4198,p1,1255,3.62124e-05,9.9667,10
1,4199,p1,1146,3.55964e-05,9.94471,10
1,4200,p1,1386,3.55361e-05,9.97864,10
1,4201,p1,1345,3.5546e-05,9.95023,10
1,4202,p1,1220,3.5219e-05,9.98686,10
1,4203,p1,1439,3.40465e-05,9.99037,10
1,4204,p1,1140,3.43428e-05,9.97123,10
1,4205,p1,1376,3.45313e-05,9.97802,10
1,4206,p1,1315,3.39887e-05,9.97118,10
1,4207,p1,1258,3.26033e-05,9.96041,10
1,4208,p1,1360,3.40578e-05,9.96049,10
1,4209,p1,1417,3.2665e-05,9.96086,10
1,4210,p1,1240,3.53488e-05,9.96184,10
1,4211,p1,1271,3.44491e-05,9.98676,10
1,4212,p1,1417,3.41378e-05,9.95763,10
1,4213,p1,1372,3.41475e-05,9.92689,10
1,4214,p1,1289,3.47879e-05,9.95284,10
1,4215,p1,1292,3.55157e-05,9.96069,10
1,4216,p1,1429,3.35772e-05,9.95213,10
1,4217,p1,1272,3.41226e-05,9.94916,10
1,4218,p1,1344,3.38868e-05,9.94703,10
1,4219,p1,1248,3.37721e-05,9.95137,10
1,4220,p1,1363,3.47244e-05,9.97533,10
1,4221,p1,1282,3.38632e-05,9.93617,10
1,4222,p1,1250,3.44043e-05,9.96117,10
1,4223,p1,1327,3.24103e-05,9.95007,10
1,4224,p1,1330,3.41103e-05,9.96592,10
1,4225,p1,1306,3.34652e-05,9.97029,10
1,4226,p1,1293,3.44372e-05,9.98701,10
1,4227,p1,1321,3.3756e-05,9.98129,10
1,4228,p1,1301,3.52368e-05,9.97119,10
1,4229,p1,1246,3.45744e-05,9.96627,10
1,4230,p1,1390,3.36978e-05,9.97143,10
1,4231,p1,1334,3.337e-05,9.96235,10
1,4232,p1,1344,3.39425e-05,9.97217,10
1,4233,p1,1240,3.34222e-05,9.96297,10
1,4234,p1,1430,3.30898e-05,9.98347,10
1,4235,p1,1288,3.27489e-05,9.98566,10
1,4236,p1,1217,3.31444e-05,9.97647,10
1,4237,p1,1298,3.45487e-05,9.96438,10
1,4238,p1,1408,3.38805e-05,9.98668,10
1,4239,p1,1370,3.38463e-05,9.98935,10
1,4240,p1,1243,3.31461e-05,9.95986,10
1,4241,p1,1292,3.31005e-05,9.96116,10
1,4242,p1,1416,3.36894e-05,9.97453,10
1,4243,p1,1260,3.4945e-05,9.96109,10
1,4244,p1,1370,3.30658e-05,9.95179,10
1,4245,p1,1321,3.33938e-05,9.93962,10
1,4246,p1,1299,3.23297e-05,9.96615,10
1,4247,p1,1291,3.27815e-05,9.97624,10
1,4248,p1,1276,3.22423e-05,9.96543,10
1,4249,p1,1273,3.11126e-05,9.95799,10
1,4250,p1,1467,3.17054e-05,9.93709,10
1,4251,p1,1164,3.13602e-05,9.94682,10
1,4252,p1,1304,3.22279e-05,9.97503,10
1,4253,p1,1359,3.18755e-05,9.95466,10
1,4254,p1,1288,3.07845e-05,9.97529,10
1,4255,p1,1302,3.10521e-05,9.98874,10
1,4256,p1,1250,3.19724e-05,9.97636,10
1,4257,p1,1284,3.10985e-05,9.94309,10
1,4258,p1,1405,3.10768e-05,9.95753,10
1,4259,p1,1283,3.06646e-05,9.96265,10
1,4260,p1,1352,3.21818e-05,9.946,10
1,4261,p1,1360,3.30899e-05,9.96924,10
1,4262,p1,1396,3.38566e-05,9.99149,10
1,4263,p1,1351,3.31409e-05,9.9716,10
1,4264,p1,1224,3.4254e-05,9.95846,10
1,4265,p1,1360,3.32282e-05,10.0114,10
1,4266,p1,1302,3.48555e-05,9.99329,10
1,4267,p1,1232,3.38402e-05,9.98901,10
1,4268,p1,1264,3.32253e-05,9.99557,10
1,4269,p1,1376,3.16819e-05,9.9749,10
1,4270,p1,1423,3.03663e-05,9.98513,10
1,4271,p1,1297,3.10963e-05,9.99115,10
1,4272,p1,1312,3.02958e-05,9.98921,10
1,4273,p1,1301,3.14575e-05,9.99394,10
1,4274,p1,1227,3.1359e-05,9.99828,10
1,4275,p1,1371,3.22282e-05,9.99072,10
1,4276,p1,1457,3.30927e-05,10.0065,10
1,4277,p1,1292,3.43402e-05,10.0002,10
1,4278,p1,1239,3.36364e-05,9.98766,10
1,4279,p1,1498,3.45172e-05,10.0081,10
1,4280,p1,1450,3.54007e-05,10.0042,10
1,4281,p1,1146,3.4803e-05,9.98153,10
1,4282,p1,1342,3.5186e-05,9.99462,10
1,4283,p1,1429,3.46503e-05,9.97444,10
1,4284,p1,1394,3.51929e-05,9.9754,10
1,4285,p1,1218,3.4974e-05,9.97983,10
1,4286,p1,1291,3.60658e-05,9.96757,10
1,4287,p1,1353,3.61036e-05,9.97483,10
1,4288,p1,1273,3.63611e-05,10.0211,10
1,4289,p1,1217,3.64365e-05,9.99214,10
1,4290,p1,1131,3.5031e-05,9.97144,10
1,4291,p1,1416,3.60851e-05,9.97794,10
1,4292,p1,1351,3.72363e-05,9.96039,10
1,4293,p1,1348,3.53953e-05,9.9865,10
1,4294,p1,1246,3.72259e-05,9.98885,10
1,4295,p1,1357,3.65728e-05,9.96944,10
1,4296,p1,1187,3.54537e-05,9.96133,10
1,4297,p1,1444,3.62565e-05,9.96403,10
1,4298,p1,1367,3.75375e-05,9.96562,10
1,4299,p1,1214,3.58069e-05,9.95425,10
1,4300,p1,1283,3.73908e-05,9.94928,10
1,4301,p1,1365,3.38338e-05,9.94644,10
1,4302,p1,1364,3.53063e-05,9.94174,10
1,4303,p1,1312,3.21899e-05,9.93716,10
1,4304,p1,1256,3.37798e-05,9.93984,10
1,4305,p1,1329,3.36883e-05,9.95023,10
1,4306,p1,1345,3.33493e-05,9.98387,10
1,4307,p1,1226,3.2761e-05,9.97979,10
1,4308,p1,1262,3.49423e-05,9.98027,10
1,4309,p1,1318,3.57015e-05,9.98127,10
1,4310,p1,1267,3.43034e-05,9.96817,10
1,4311,p1,1391,3.35073e-05,9.96737,10
1,4312,p1,1384,3.49663e-05,9.95027,10
1,4313,p1,1430,3.30486e-05,9.95266,10
1,4314,p1,1297,3.26075e-05,9.9411,10
1,4315,p1,1284,3.32891e-05,9.92851,10
1,4316,p1,1308,3.21631e-05,9.9361,10
1,4317,p1,1331,3.17659e-05,9.97195,10
1,4318,p1,1303,3.1257e-05,9.95338,10
1,4319,p1,1378,3.16436e-05,9.92443,10
1,4320,p1,1424,2.98257e-05,9.9463,10
1,4321,p1,1253,2.96157e-05,9.96747,10
1,4322,p1,1344,3.02602e-05,9.94894,10
1,4323,p1,1286,2.97076e-05,9.95775,10
1,4324,p1,1249,2.97582e-05,9.97163,10
1,4325,p1,1392,2.96373e-05,9.97577,10
1,4326,p1,1321,2.89611e-05,9.96178,10
1,4327,p1,1336,2.98356e-05,9.95244,10
1,4328,p1,1379,2.95916e-05,9.95186,10
1,4329,p1,1284,2.90459e-05,9.94951,10
1,4330,p1,1217,2.97193e-05,9.95631,10
1,4331,p1,1360,2.83398e-05,9.93699,10
1,4332,p1,1332,2.86146e-05,9.97441,10
1,4333,p1,1215,2.98836e-05,9.96797,10
1,4334,p1,1446,2.90093e-05,9.98262,10
1,4335,p1,1194,2.95114e-05,9.97314,10
1,4336,p1,1352,2.78192e-05,9.97823,10
1,4337,p1,1288,2.8669e-05,9.96984,10
1,4338,p1,1347,2.91837e-05,9.95165,10
1,4339,p1,1258,2.7188e-05,9.95684,10
1,4340,p1,1325,2.58856e-05,9.96157,10
1,4341,p1,1269,2.57522e-05,9.93762,10
1,4342,p1,1377,2.7378e-05,9.95535,10
1,4343,p1,1442,2.82017e-05,9.96709,10
1,4344,p1,1302,2.8081e-05,9.9838,10
1,4345,p1,1238,2.77161e-05,10.0051,10
1,4346,p1,1277,2.94721e-05,9.98645,10
1,4347,p1,1354,2.84935e-05,9.9869,10
1,4348,p1,1264,2.83638e-05,9.96989,10
1,4349,p1,1395,2.82903e-05,9.98972,10
1,4350,p1,1377,2.69154e-05,9.96583,10
1,4351,p1,1344,2.92779e-05,9.9885,10
1,4352,p1,1217,2.81846e-05,9.97115,10
1,4353,p1,1352,2.93064e-05,9.95586,10
1,4354,p1,1361,3.06101e-05,9.94197,10
1,4355,p1,1298,3.02633e-05,9.94907,10
1,4356,p1,1374,2.89578e-05,9.95526,10
1,4357,p1,1333,2.96103e-05,9.98556,10
1,4358,p1,1334,3.05082e-05,9.95374,10
1,4359,p1,1169,3.0062e-05,9.96205,10
1,4360,p1,1317,2.98002e-05,9.96212,10
1,4361,p1,1463,3.02167e-05,9.97571,10
1,4362,p1,1251,3.07558e-05,9.95852,10
1,4363,p1,1369,2.96369e-05,9.94463,10
1,4364,p1,1252,2.98356e-05,9.961,10
1,4365,p1,1307,2.92011e-05,9.95766,10
1,4366,p1,1210,2.87639e-05,9.93057,10
1,4367,p1,1222,3.11562e-05,9.94905,10
1,4368,p1,1255,3.19814e-05,9.95614,10
1,4369,p1,1360,3.13468e-05,9.96645,10
1,4370,p1,1221,2.94509e-05,9.96584,10
1,4371,p1,1163,2.95033e-05,9.97524,10
1,4372,p1,1513,3.08286e-05,9.96461,10
1,4373,p1,1428,3.11534e-05,9.977,10
1,4374,p1,1248,3.13875e-05,9.94799,10
1,4375,p1,1282,2.87139e-05,9.97389,10
1,4376,p1,1345,2.87643e-05,9.96789,10
1,4377,p1,1322,2.86644e-05,9.95823,10
1,4378,p1,1353,2.92166e-05,9.96834,10
1,4379,p1,1336,2.97028e-05,9.96572,10
1,4380,p1,1383,2.83296e-05,9.96852,10
1,4381,p1,1295,2.82334e-05,9.96509,10
1,4382,p1,1345,2.88765e-05,9.94601,10
1,4383,p1,1268,3.01868e-05,9.94248,10
1,4384,p1,1399,2.93514e-05,9.95887,10
1,4385,p1,1223,2.89778e-05,9.98384,10
1,4386,p1,1356,2.82931e-05,9.97878,10
1,4387,p1,1416,2.79735e-05,9.95394,10
1,4388,p1,1139,2.95804e-05,9.97951,10
1,4389,p1,1270,2.98655e-05,9.988,10
1,4390,p1,1324,2.95917e-05,10.0266,10
1,4391,p1,1498,2.87178e-05,9.99532,10
1,4392,p1,1347,2.93554e-05,10.0219,10
1,4393,p1,1205,2.91366e-05,10.0136,10
1,4394,p1,1329,2.76499e-05,9.99707,10
1,4395,p1,1420,2.88543e-05,10.0204,10
1,4396,p1,1291,2.81481e-05,10.0145,10
1,4397,p1,1358,2.87344e-05,10.0092,10
1,4398,p1,1301,2.99649e-05,10.013,10
1,4399,p1,1315,2.92821e-05,9.99102,10
1,4400,p1,1387,3.24021e-05,9.9962,10
1,4401,p1,1279,3.16531e-05,10.0055,10
1,4402,p1,1385,3.23733e-05,10.0077,10
1,4403,p1,1324,3.10601e-05,9.99872,10
1,4404,p1,1251,2.94016e-05,10.0276,10
1,4405,p1,1313,2.89588e-05,10.0183,10
1,4406,p1,1344,2.91448e-05,10.0213,10
1,4407,p1,1400,2.79525e-05,10.0035,10
1,4408,p1,1370,2.82084e-05,10.0126,10
1,4409,p1,1164,2.85615e-05,10.0068,10
1,4410,p1,1433,2.82703e-05,10.0062,10
1,4411,p1,1285,2.90079e-05,9.99975,10
1,4412,p1,1246,2.96072e-05,10.0184,10
1,4413,p1,1452,3.02378e-05,9.99446,10
1,4414,p1,1155,3.01115e-05,9.98465,10
1,4415,p1,1300,3.01208e-05,9.99912,10
1,4416,p1,1350,2.9863e-05,9.97304,10
1,4417,p1,1298,2.94391e-05,9.99793,10
1,4418,p1,1312,2.864e-05,10.0164,10
1,4419,p1,1211,2.91904e-05,9.99717,10
1,4420,p1,1264,2.92058e-05,9.99622,10
1,4421,p1,1280,2.8763e-05,10.0128,10
1,4422,p1,1206,2.89542e-05,9.98127,10
1,4423,p1,1341,2.98865e-05,9.99038,10
1,4424,p1,1372,2.93148e-05,10.0205,10
1,4425,p1,1286,2.79057e-05,9.99192,10
1,4426,p1,1259,2.90074e-05,10.0213,10
1,4427,p1,1263,2.96244e-05,10.0082,10
1,4428,p1,1368,2.7585e-05,9.99645,10
1,4429,p1,1381,2.79277e-05,9.98861,10
1,4430,p1,1375,2.70911e-05,9.97855,10
1,4431,p1,1330,2.79227e-05,9.96056,10
1,4432,p1,1319,2.75064e-05,9.9791,10
1,4433,p1,1315,2.66644e-05,9.98195,10
1,4434,p1,1411,2.68693e-05,9.98184,10
1,4435,p1,1387,2.80471e-05,9.97431,10
1,4436,p1,1305,2.87273e-05,9.99132,10
1,4437,p1,1308,2.80732e-05,9.96599,10
1,4438,p1,1319,2.62216e-05,9.98623,10
1,4439,p1,1354,2.88232e-05,9.97848,10
1,4440,p1,1388,2.6369e-05,9.99785,10
1,4441,p1,1350,2.72669e-05,10.0056,10
1,4442,p1,1342,2.82581e-05,9.98562,10
1,4443,p1,1264,2.81935e-05,10.0024,10
1,4444,p1,1426,2.60227e-05,9.99878,10
1,4445,p1,1275,2.77866e-05,10.0004,10
1,4446,p1,1242,2.82387e-05,10.0159,10
1,4447,p1,1514,2.78098e-05,9.99496,10
1,4448,p1,1332,2.69592e-05,10.0054,10
1,4449,p1,1268,2.84209e-05,10.0004,10
1,4450,p1,1452,2.72594e-05,10.0143,10
1,4451,p1,1341,2.85004e-05,10.0205,10
1,4452,p1,1277,2.85007e-05,10.0208,10
1,4453,p1,1381,2.59594e-05,10.0187,10
1,4454,p1,1325,2.64444e-05,9.99914,10
1,4455,p1,1187,2.79756e-05,10.0038,10
1,4456,p1,1240,2.96709e-05,10.0049,10
1,4457,p1,1326,2.95742e-05,10.0155,10
1,4458,p1,1463,2.97079e-05,10.0327,10
1,4459,p1,1152,2.80364e-05,10.0185,10
1,4460,p1,1243,2.68951e-05,10.0145,10
1,4461,p1,1328,2.64673e-05,10.0322,10
1,4462,p1,1258,2.5972e-05,10.0187,10
1,4463,p1,1365,2.67865e-05,10.0259,10
1,4464,p1,1299,2.49731e-05,10.0537,10
1,4465,p1,1185,2.43612e-05,10.0266,10
1,4466,p1,1347,2.50724e-05,10.0175,10
1,4467,p1,1309,2.6055e-05,10.0282,10
1,4468,p1,1347,2.58608e-05,10.0485,10
1,4469,p1,1361,2.48522e-05,10.019,10
1,4470,p1,1242,2.52314e-05,10.0176,10
1,4471,p1,1343,2.46084e-05,10.0233,10
1,4472,p1,1329,2.40749e-05,10.0148,10
1,4473,p1,1305,2.51076e-05,10.0311,10
1,4474,p1,1385,2.38895e-05,10.027,10
1,4475,p1,1216,2.44638e-05,10.0274,10
1,4476,p1,1322,2.53709e-05,10.0065,10
1,4477,p1,1406,2.56816e-05,10.0164,10
1,4478,p1,1172,2.70109e-05,10.0305,10
1,4479,p1,1283,2.67422e-05,9.99949,10
1,4480,p1,1319,2.71044e-05,10.0116,10
1,4481,p1,1399,2.81465e-05,10.0209,10
1,4482,p1,1310,2.88413e-05,10.0403,10
1,4483,p1,1239,2.71538e-05,10.0314,10
1,4484,p1,1324,2.71993e-05,10.0256,10
1,4485,p1,1316,3.09609e-05,10.0422,10
1,4486,p1,1398,3.0224e-05,10.0201,10
1,4487,p1,1307,2.99728e-05,10.0308,10
1,4488,p1,1237,2.93824e-05,10.0184,10
1,4489,p1,1352,2.96373e-05,10.0055,10
1,4490,p1,1256,2.91841e-05,10.0114,10
1,4491,p1,1359,2.79607e-05,10.0237,10
1,4492,p1,1300,2.94565e-05,10.0067,10
1,4493,p1,1173,2.85065e-05,10.019,10
1,4494,p1,1481,2.76999e-05,10.0133,10
1,4495,p1,1240,2.91468e-05,10.0107,10
1,4496,p1,1370,2.84104e-05,10.0096,10
1,4497,p1,1224,2.92512e-05,10.0299,10
1,4498,p1,1480,2.84029e-05,10.0283,10
1,4499,p1,1261,2.74004e-05,10.0335,10
1,4500,p1,1345,2.76691e-05,10.0363,10
1,4501,p1,1233,2.73596e-05,10.043,10
1,4502,p1,1335,2.68911e-05,10.0408,10
1,4503,p1,1301,2.64434e-05,10.0334,10
1,4504,p1,1310,2.66229e-05,10.0515,10
1,4505,p1,1315,2.66687e-05,10.0321,10
1,4506,p1,1395,2.7019e-05,10.0373,10
1,4507,p1,1300,2.60634e-05,10.0424,10
1,4508,p1,1249,2.63931e-05,10.028,10
1,4509,p1,1339,2.70392e-05,10.057,10
1,4510,p1,1276,2.66789e-05,10.0678,10
1,4511,p1,1342,2.70971e-05,10.0679,10
1,4512,p1,1461,2.71191e-05,10.0624,10
1,4513,p1,1314,2.59723e-05,10.0472,10
1,4514,p1,1213,2.61364e-05,10.054,10
1,4515,p1,1431,2.55449e-05,10.038,10
1,4516,p1,1331,2.43735e-05,10.0314,10
1,4517,p1,1380,2.51423e-05,10.039,10
1,4518,p1,1385,2.54856e-05,10.0266,10
1,4519,p1,1250,2.43663e-05,10.0026,10
1,4520,p1,1289,2.45857e-05,10.0124,10
1,4521,p1,1367,2.54535e-05,10.015,10
1,4522,p1,1327,2.40558e-05,10.0041,10
1,4523,p1,1298,2.46575e-05,10.0115,10
1,4524,p1,1308,2.38733e-05,10.0296,10
1,4525,p1,1406,2.28785e-05,10.0338,10
1,4526,p1,1267,2.28585e-05,10.0243,10
1,4527,p1,1361,2.19779e-05,10.0311,10
1,4528,p1,1374,2.20036e-05,10.0263,10
1,4529,p1,1271,2.13456e-05,10.0214,10
1,4530,p1,1271,2.1351e-05,10.0286,10
1,4531,p1,1410,1.96846e-05,10.0079,10
1,4532,p1,1236,2.07577e-05,10.0069,10
1,4533,p1,1305,2.00857e-05,10.0311,10
1,4534,p1,1371,2.11635e-05,10.0092,10
1,4535,p1,1183,1.90293e-05,10.0394,10
1,4536,p1,1398,1.93133e-05,10.0533,10
1,4537,p1,1322,2.00407e-05,10.0133,10
1,4538,p1,1159,1.9554e-05,10.0001,10
1,4539,p1,1379,1.86174e-05,10.0099,10
1,4540,p1,1410,1.91847e-05,9.99246,10
1,4541,p1,1233,1.952e-05,9.98879,10
1,4542,p1,1282,2.03595e-05,10.013,10
1,4543,p1,1342,2.11043e-05,9.99308,10
1,4544,p1,1357,1.96429e-05,10.0155,10
1,4545,p1,1353,2.08972e-05,10.0213,10
1,4546,p1,1201,2.10653e-05,10.0222,10
1,4547,p1,1349,1.93407e-05,10.0265,10
1,4548,p1,1238,1.93264e-05,10.0133,10
1,4549,p1,1323,1.96478e-05,10.0252,10
1,4550,p1,1289,1.91999e-05,10.0371,10
1,4551,p1,1415,1.86064e-05,10.0277,10
1,4552,p1,1356,1.93073e-05,10.0263,10
1,4553,p1,1190,1.89573e-05,10.0253,10
1,4554,p1,1375,1.96254e-05,10.0413,10
1,4555,p1,1389,1.93235e-05,10.0437,10
1,4556,p1,1303,1.79956e-05,10.0346,10
1,4557,p1,1326,1.74124e-05,10.0335,10
1,4558,p1,1356,1.86606e-05,10.0388,10
1,4559,p1,1340,1.92859e-05,10.0524,10
1,4560,p1,1345,1.88035e-05,10.0217,10
1,4561,p1,1251,1.99874e-05,10.0153,10
1,4562,p1,1237,2.06311e-05,10.0231,10
1,4563,p1,1428,2.04627e-05,10.0271,10
1,4564,p1,1235,2.1658e-05,10.0177,10
1,4565,p1,1255,2.20275e-05,10.0246,10
1,4566,p1,1270,2.20904e-05,10.0221,10
1,4567,p1,1326,2.18236e-05,10.0469,10
1,4568,p1,1277,2.1556e-05,10.0322,10
1,4569,p1,1266,2.19091e-05,10.0462,10
1,4570,p1,1390,2.23922e-05,10.0643,10
1,4571,p1,1406,2.24734e-05,10.0413,10
1,4572,p1,1182,2.09513e-05,10.0357,10
1,4573,p1,1331,2.15262e-05,10.0143,10
1,4574,p1,1392,2.08546e-05,10.0072,10
1,4575,p1,1302,2.2334e-05,10.0072,10
1,4576,p1,1335,2.35958e-05,9.97765,10
1,4577,p1,1299,2.09247e-05,10.0013,10
1,4578,p1,1234,2.06247e-05,10.0176,10
1,4579,p1,1448,2.18284e-05,10.0258,10
1,4580,p1,1223,2.23923e-05,10.0127,10
1,4581,p1,1392,2.18366e-05,10.024,10
1,4582,p1,1309,2.13856e-05,10.0303,10
1,4583,p1,1439,2.09192e-05,10.0215,10
1,4584,p1,1225,2.15406e-05,10.0114,10
1,4585,p1,1418,2.05948e-05,10.0171,10
1,4586,p1,1541,2.12314e-05,10.0289,10
1,4587,p1,1407,2.08109e-05,10.0352,10
1,4588,p1,1332,1.90709e-05,10.0212,10
1,4589,p1,1300,1.93568e-05,10.0117,10
1,4590,p1,1158,1.88547e-05,10.0075,10
1,4591,p1,1327,1.85654e-05,10.0129,10
1,4592,p1,1484,1.91046e-05,10.0239,10
1,4593,p1,1234,1.77889e-05,10.0159,10
1,4594,p1,1259,1.6036e-05,10.0066,10
1,4595,p1,1276,1.61394e-05,9.99896,10
1,4596,p1,1473,1.59317e-05,10.0078,10
1,4597,p1,1206,1.62885e-05,10.0297,10
1,4598,p1,1328,1.67024e-05,10.0059,10
1,4599,p1,1341,1.60497e-05,10.0179,10
1,4600,p1,1363,1.7709e-05,10.008,10
1,4601,p1,1284,1.76075e-05,10.0188,10
1,4602,p1,1188,1.73444e-05,10.0098,10
1,4603,p1,1430,1.77767e-05,10.0504,10
1,4604,p1,1324,1.7321e-05,10.0111,10
1,4605,p1,1397,1.66739e-05,10.0028,10
1,4606,p1,1308,1.87522e-05,10.0078,10
1,4607,p1,1344,1.69824e-05,9.99596,10
1,4608,p1,1445,1.73921e-05,10.013,10
1,4609,p1,1282,1.91162e-05,10.0221,10
1,4610,p1,1225,1.89417e-05,10.0219,10
1,4611,p1,1417,1.81211e-05,10.022,10
1,4612,p1,1287,1.85477e-05,10.0031,10
1,4613,p1,1236,1.83525e-05,9.99528,10
1,4614,p1,1357,1.91684e-05,10.0118,10
1,4615,p1,1165,1.96742e-05,9.98274,10
1,4616,p1,1292,1.87253e-05,10.0008,10
1,4617,p1,1415,1.85135e-05,9.99957,10
1,4618,p1,1314,1.81875e-05,9.99676,10
1,4619,p1,1357,1.86522e-05,9.99492,10
1,4620,p1,1338,1.78262e-05,9.98604,10
1,4621,p1,1389,1.90179e-05,9.98656,10
1,4622,p1,1288,1.94954e-05,9.99036,10
1,4623,p1,1414,1.88926e-05,9.99687,10
1,4624,p1,1331,2.01949e-05,10.0068,10
1,4625,p1,1171,2.05827e-05,10.0164,10
1,4626,p1,1209,1.85482e-05,10.0253,10
1,4627,p1,1456,1.97015e-05,10.0369,10
1,4628,p1,1414,1.9709e-05,10.0286,10
1,4629,p1,1214,2.0457e-05,10.0193,10
1,4630,p1,1283,1.95159e-05,10.0121,10
1,4631,p1,1222,1.81533e-05,9.99119,10
1,4632,p1,1406,1.86401e-05,9.9898,10
1,4633,p1,1232,1.96914e-05,9.97228,10
1,4634,p1,1405,1.8968e-05,10.0053,10
1,4635,p1,1288,1.9153e-05,9.99785,10
1,4636,p1,1298,1.94349e-05,9.9915,10
1,4637,p1,1406,1.90877e-05,9.9812,10
1,4638,p1,1281,1.83011e-05,9.99723,10
1,4639,p1,1200,1.87282e-05,9.9829,10
1,4640,p1,1255,1.92294e-05,9.98382,10
1,4641,p1,1396,1.86644e-05,10.0062,10
1,4642,p1,1408,1.86516e-05,9.98876,10
1,4643,p1,1247,1.72891e-05,9.98208,10
1,4644,p1,1293,1.69424e-05,9.98972,10
1,4645,p1,1272,1.77644e-05,9.99805,10
1,4646,p1,1383,1.7112e-05,9.98003,10
1,4647,p1,1333,1.7253e-05,9.98521,10
1,4648,p1,1418,1.65516e-05,9.98514,10
1,4649,p1,1253,1.63396e-05,10.0008,10
1,4650,p1,1292,1.64908e-05,9.98496,10
1,4651,p1,1333,1.75515e-05,10.0325,10
1,4652,p1,1348,1.46109e-05,9.97681,10
1,4653,p1,1187,1.61073e-05,9.99118,10
1,4654,p1,1223,1.66211e-05,10.0202,10
1,4655,p1,1419,1.62673e-05,10.0242,10
1,4656,p1,1255,1.58704e-05,9.98882,10
1,4657,p1,1244,1.84145e-05,10.0134,10
1,4658,p1,1418,1.82154e-05,9.98607,10
1,4659,p1,1408,1.83918e-05,10.0061,10
1,4660,p1,1199,1.78501e-05,10.0223,10
1,4661,p1,1263,1.74484e-05,10.0417,10
1,4662,p1,1325,1.67962e-05,10.0153,10
1,4663,p1,1373,1.75493e-05,10.0002,10
1,4664,p1,1361,1.81961e-05,10.0178,10
1,4665,p1,1315,1.61925e-05,9.9905,10
1,4666,p1,1269,1.6309e-05,9.99206,10
1,4667,p1,1322,1.57125e-05,9.99557,10
1,4668,p1,1440,1.60034e-05,10.0016,10
1,4669,p1,1346,1.62023e-05,9.97786,10
1,4670,p1,1249,1.58613e-05,10.0097,10
1,4671,p1,1407,1.74969e-05,10.01,10
1,4672,p1,1429,1.59677e-05,10.0004,10
1,4673,p1,1284,1.51406e-05,9.98829,10
1,4674,p1,1310,1.50742e-05,9.99211,10
1,4675,p1,1455,1.54293e-05,10.0117,10
1,4676,p1,1352,1.43592e-05,10.0088,10
1,4677,p1,1278,1.51106e-05,9.99999,10
1,4678,p1,1248,1.54287e-05,10.002,10
1,4679,p1,1408,1.58493e-05,9.99279,10
1,4680,p1,1359,1.54129e-05,10.0137,10
1,4681,p1,1230,1.53983e-05,10.0367,10
1,4682,p1,1342,1.52119e-05,10.0241,10
1,4683,p1,1359,1.50941e-05,10.0153,10
1,4684,p1,1281,1.54829e-05,10.0224,10
1,4685,p1,1372,1.49571e-05,10.0265,10
1,4686,p1,1321,1.55796e-05,10.0264,10
1,4687,p1,1263,1.5115e-05,10.0131,10
1,4688,p1,1301,1.56989e-05,10.0176,10
1,4689,p1,1296,1.44497e-05,10.0135,10
1,4690,p1,1319,1.4937e-05,9.98945,10
1,4691,p1,1280,1.54933e-05,10.017,10
1,4692,p1,1289,1.47177e-05,9.99186,10
1,4693,p1,1385,1.4687e-05,9.98702,10
1,4694,p1,1319,1.54688e-05,10.0021,10
1,4695,p1,1269,1.65688e-05,9.98777,10
1,4696,p1,1307,1.63815e-05,10.0149,10
1,4697,p1,1254,1.5653e-05,10.0203,10
1,4698,p1,1331,1.64962e-05,10.0285,10
1,4699,p1,1397,1.52239e-05,10.0269,10
1,4700,p1,1391,1.51357e-05,10.008,10
1,4701,p1,1323,1.48882e-05,9.99405,10
1,4702,p1,1226,1.56055e-05,9.99965,10
1,4703,p1,1334,1.56603e-05,10.0029,10
1,4704,p1,1304,1.56983e-05,9.99939,10
1,4705,p1,1224,1.55184e-05,9.99479,10
1,4706,p1,1510,1.48606e-05,10.0094,10
1,4707,p1,1366,1.5723e-05,9.99331,10
1,4708,p1,1356,1.67942e-05,9.97366,10
1,4709,p1,1295,1.59846e-05,9.99014,10
1,4710,p1,1529,1.6194e-05,9.9898,10
1,4711,p1,1326,1.85699e-05,10.0101,10
1,4712,p1,1250,1.84713e-05,9.99209,10
1,4713,p1,1295,1.80634e-05,9.96404,10
1,4714,p1,1354,1.81205e-05,10.0212,10
1,4715,p1,1326,1.79605e-05,9.99203,10
1,4716,p1,1219,1.83829e-05,9.9912,10
1,4717,p1,1238,1.85004e-05,10,10
1,4718,p1,1457,1.84441e-05,10.0023,10
1,4719,p1,1268,1.91102e-05,9.99417,10
1,4720,p1,1315,1.97169e-05,9.97821,10
1,4721,p1,1411,2.06884e-05,9.98848,10
1,4722,p1,1323,2.00386e-05,9.97307,10
1,4723,p1,1256,1.94958e-05,9.96413,10
1,4724,p1,1363,2.02167e-05,9.98282,10
1,4725,p1,1344,2.03035e-05,9.95611,10
1,4726,p1,1407,1.95789e-05,9.96121,10
1,4727,p1,1199,1.82651e-05,9.98413,10
1,4728,p1,1235,1.86776e-05,9.97206,10
1,4729,p1,1408,1.94416e-05,10.0021,10
1,4730,p1,1357,1.87384e-05,9.9966,10
1,4731,p1,1221,2.02453e-05,9.99231,10
1,4732,p1,1331,1.99375e-05,9.97288,10
1,4733,p1,1405,1.87051e-05,9.99394,10
1,4734,p1,1263,2.11461e-05,9.96348,10
1,4735,p1,1330,2.04558e-05,9.97321,10
1,4736,p1,1299,2.0332e-05,9.99017,10
1,4737,p1,1267,1.97655e-05,9.98345,10
1,4738,p1,1244,2.09668e-05,10.0025,10
1,4739,p1,1277,2.11148e-05,9.98264,10
1,4740,p1,1384,2.08099e-05,10.0082,10
1,4741,p1,1426,2.11279e-05,10.0149,10
1,4742,p1,1088,2.15898e-05,10.0019,10
1,4743,p1,1333,1.9415e-05,10.0086,10
1,4744,p1,1333,2.07734e-05,10.0227,10
1,4745,p1,1355,2.01751e-05,10.037,10
1,4746,p1,1272,1.97725e-05,10.0316,10
1,4747,p1,1277,2.01223e-05,10.0243,10
1,4748,p1,1323,2.07406e-05,10.0327,10
1,4749,p1,1334,2.01203e-05,10.0137,10
1,4750,p1,1348,2.05408e-05,10.0235,10
1,4751,p1,1361,2.01103e-05,10.0094,10
1,4752,p1,1332,2.04012e-05,10.0202,10
1,4753,p1,1352,2.07555e-05,10.0169,10
1,4754,p1,1294,2.1546e-05,10.0392,10
1,4755,p1,1240,1.99573e-05,10.0154,10
1,4756,p1,1280,2.18459e-05,10.0222,10
1,4757,p1,1392,2.06387e-05,10.0217,10
1,4758,p1,1375,2.02732e-05,10.0272,10
1,4759,p1,1309,2.10968e-05,10.0203,10
1,4760,p1,1408,2.22214e-05,10.0029,10
1,4761,p1,1419,2.13526e-05,10.0126,10
1,4762,p1,1218,2.17244e-05,10.0111,10
1,4763,p1,1351,2.14476e-05,10.0146,10
1,4764,p1,1483,2.13304e-05,10.0276,10
1,4765,p1,1307,2.20569e-05,10.0322,10
1,4766,p1,1327,2.03892e-05,10.0218,10
1,4767,p1,1515,2.39633e-05,10.0182,10
1,4768,p1,1350,2.24295e-05,10.0181,10
1,4769,p1,1160,2.10767e-05,10.0361,10
1,4770,p1,1410,2.22159e-05,10.0325,10
1,4771,p1,1474,2.23337e-05,10.0221,10
1,4772,p1,1358,2.27885e-05,10.0252,10
1,4773,p1,1349,2.4249e-05,10.0274,10
1,4774,p1,1286,2.34872e-05,10.004,10
1,4775,p1,1332,2.39195e-05,10.0088,10
1,4776,p1,1426,2.52124e-05,10.0005,10
1,4777,p1,1332,2.58977e-05,9.9954,10
1,4778,p1,1282,2.5832e-05,9.96907,10
1,4779,p1,1383,2.55611e-05,9.96911,10
1,4780,p1,1415,2.43637e-05,9.98269,10
1,4781,p1,1112,2.45539e-05,9.97637,10
1,4782,p1,1355,2.43809e-05,10.0041,10
1,4783,p1,1456,2.52783e-05,9.99539,10
1,4784,p1,1232,2.57359e-05,9.97758,10
1,4785,p1,1192,2.72736e-05,9.9856,10
1,4786,p1,1409,2.72876e-05,9.99624,10
1,4787,p1,1435,2.75886e-05,9.95915,10
1,4788,p1,1333,2.6964e-05,9.97147,10
1,4789,p1,1311,2.69587e-05,9.97223,10
1,4790,p1,1370,2.63608e-05,9.99755,10
1,4791,p1,1430,2.65994e-05,9.9854,10
1,4792,p1,1244,2.62943e-05,9.9969,10
1,4793,p1,1273,2.62698e-05,10.0074,10
1,4794,p1,1352,2.4861e-05,9.98894,10
1,4795,p1,1351,2.37833e-05,9.97167,10
1,4796,p1,1445,2.42168e-05,9.99525,10
1,4797,p1,1269,2.21636e-05,10.0175,10
1,4798,p1,1284,2.22037e-05,9.99954,10
1,4799,p1,1331,2.18617e-05,9.97353,10
1,4800,p1,1376,2.01667e-05,9.97024,10
1,4801,p1,1281,2.2033e-05,9.97908,10
1,4802,p1,1225,2.23567e-05,9.97491,10
1,4803,p1,1199,2.10522e-05,9.97597,10
1,4804,p1,1260,2.20098e-05,9.97201,10
1,4805,p1,1290,2.316e-05,9.98863,10
1,4806,p1,1298,2.29193e-05,9.98875,10
1,4807,p1,1221,2.36646e-05,10.0179,10
1,4808,p1,1333,2.31586e-05,10.0209,10
1,4809,p1,1272,2.15198e-05,10.0186,10
1,4810,p1,1164,2.28284e-05,10.0164,10
1,4811,p1,1514,2.32812e-05,10.0143,10
1,4812,p1,1235,2.43902e-05,10.0091,10
1,4813,p1,1340,2.25741e-05,9.98829,10
1,4814,p1,1223,2.32014e-05,9.99769,10
1,4815,p1,1453,2.40155e-05,10.0202,10
1,4816,p1,1172,2.32881e-05,10.002,10
1,4817,p1,1267,2.42319e-05,10.0137,10
1,4818,p1,1321,2.35505e-05,10.021,10
1,4819,p1,1413,2.31729e-05,10.0005,10
1,4820,p1,1297,2.3556e-05,9.99733,10
1,4821,p1,1289,2.31756e-05,10.0094,10
1,4822,p1,1371,2.2558e-05,10.0065,10
1,4823,p1,1300,2.28477e-05,10.0024,10
1,4824,p1,1436,2.21459e-05,10.008,10
1,4825,p1,1276,2.2516e-05,10.0221,10
1,4826,p1,1283,2.28652e-05,10.021,10
1,4827,p1,1305,2.06101e-05,10.0063,10
1,4828,p1,1407,2.08853e-05,10.0437,10
1,4829,p1,1474,2.10812e-05,10.0269,10
1,4830,p1,1204,1.92047e-05,10.0118,10
1,4831,p1,1298,1.97563e-05,10.0389,10
1,4832,p1,1392,2.04122e-05,10.021,10
1,4833,p1,1443,2.0537e-05,10.0074,10
1,4834,p1,1167,2.14774e-05,10.0042,10
1,4835,p1,1366,2.0981e-05,10.0383,10
1,4836,p1,1395,2.08723e-05,10.0057,10
1,4837,p1,1352,2.00079e-05,10.0272,10
1,4838,p1,1335,1.89175e-05,10.022,10
1,4839,p1,1150,1.9028e-05,10.0262,10
1,4840,p1,1304,2.03982e-05,10.0155,10
1,4841,p1,1348,1.93525e-05,10.0132,10
1,4842,p1,1276,1.8743e-05,10.0146,10
1,4843,p1,1284,1.83224e-05,10.026,10
1,4844,p1,1384,1.90457e-05,10.0196,10
1,4845,p1,1098,1.88461e-05,10.025,10
1,4846,p1,1402,1.98338e-05,9.99503,10
1,4847,p1,1232,1.94162e-05,10.0095,10
1,4848,p1,1280,2.07587e-05,9.99866,10
1,4849,p1,1336,2.04776e-05,10.0324,10
1,4850,p1,1454,1.96646e-05,10.0391,10
1,4851,p1,1343,1.9829e-05,10.0443,10
1,4852,p1,1181,2.03849e-05,10.0416,10
1,4853,p1,1305,2.01028e-05,10.0531,10
1,4854,p1,1336,2.06432e-05,10.0278,10
1,4855,p1,1267,1.98694e-05,10.0494,10
1,4856,p1,1234,2.11735e-05,10.0405,10
1,4857,p1,1218,2.05251e-05,10.0422,10
1,4858,p1,1229,1.89328e-05,10.0317,10
1,4859,p1,1347,1.82532e-05,10.0346,10
1,4860,p1,1363,1.99335e-05,10.0498,10
1,4861,p1,1363,2.06788e-05,10.0312,10
1,4862,p1,1354,1.95305e-05,10.0242,10
1,4863,p1,1301,1.85317e-05,10.0215,10
1,4864,p1,1353,1.93619e-05,10.0336,10
1,4865,p1,1245,1.7818e-05,10.0297,10
1,4866,p1,1178,1.69659e-05,10.0399,10
1,4867,p1,1267,1.64805e-05,10.0142,10
1,4868,p1,1286,1.88609e-05,10.0108,10
1,4869,p1,1439,1.76803e-05,10.0481,10
1,4870,p1,1424,1.76749e-05,10.0442,10
1,4871,p1,1326,1.94623e-05,10.0648,10
1,4872,p1,1179,1.85503e-05,10.0356,10
1,4873,p1,1373,1.93165e-05,10.0283,10
1,4874,p1,1464,1.92523e-05,10.0374,10
1,4875,p1,1303,1.89316e-05,10.0548,10
1,4876,p1,1245,1.85183e-05,10.0426,10
1,4877,p1,1404,1.93515e-05,10.0435,10
1,4878,p1,1358,1.89411e-05,10.0477,10
1,4879,p1,1337,1.88227e-05,10.0379,10
1,4880,p1,1404,1.91228e-05,10.0186,10
1,4881,p1,1317,2.00708e-05,10.0237,10
1,4882,p1,1284,2.02132e-05,10.0069,10
1,4883,p1,1318,2.10009e-05,10.0296,10
1,4884,p1,1251,1.99126e-05,10.0452,10
1,4885,p1,1310,2.21952e-05,10.048,10
1,4886,p1,1390,2.06299e-05,10.0428,10
1,4887,p1,1210,1.95224e-05,10.0607,10
1,4888,p1,1183,2.13952e-05,10.027,10
1,4889,p1,1392,2.11943e-05,10.0286,10
1,4890,p1,1352,1.9733e-05,10.0265,10
1,4891,p1,1338,1.92111e-05,10.026,10
1,4892,p1,1333,2.07172e-05,10.0218,10
1,4893,p1,1317,2.08913e-05,10.0425,10
1,4894,p1,1355,2.03493e-05,10.0283,10
1,4895,p1,1260,1.96383e-05,10.0396,10
1,4896,p1,1394,1.92587e-05,10.0271,10
1,4897,p1,1246,2.01886e-05,10.0317,10
1,4898,p1,1306,2.15542e-05,10.0391,10
1,4899,p1,1380,1.99152e-05,10.0501,10
1,4900,p1,1357,1.8101e-05,10.0302,10
1,4901,p1,1236,1.8237e-05,10.01,10
1,4902,p1,1410,1.81258e-05,10.042,10
1,4903,p1,1285,1.83951e-05,10.0443,10
1,4904,p1,1285,1.78598e-05,10.0101,10
1,4905,p1,1244,1.69129e-05,10.0098,10
1,4906,p1,1369,1.7619e-05,10.04,10
1,4907,p1,1305,1.74919e-05,10.029,10
1,4908,p1,1192,1.71965e-05,10.0264,10
1,4909,p1,1475,1.68902e-05,10.0067,10
1,4910,p1,1430,1.75362e-05,10.0162,10
1,4911,p1,1274,1.81599e-05,10.0051,10
1,4912,p1,1195,1.82547e-05,10.0073,10
1,4913,p1,1398,1.89595e-05,10.0082,10
1,4914,p1,1351,1.81136e-05,10.0357,10
1,4915,p1,1247,1.79708e-05,10.0305,10
1,4916,p1,1364,1.86517e-05,10.029,10
1,4917,p1,1498,1.9172e-05,10.0285,10
1,4918,p1,1169,1.94117e-05,10.0163,10
1,4919,p1,1303,1.86591e-05,10.0225,10
1,4920,p1,1376,1.87801e-05,10.0465,10
1,4921,p1,1365,1.80263e-05,10.0262,10
1,4922,p1,1454,1.87707e-05,10.021,10
1,4923,p1,1156,1.93279e-05,10.0431,10
1,4924,p1,1297,1.90727e-05,10.0432,10
1,4925,p1,1451,1.87974e-05,10.0326,10
1,4926,p1,1363,1.90308e-05,10.0547,10
1,4927,p1,1239,1.84087e-05,10.0588,10
1,4928,p1,1341,1.98781e-05,10.0621,10
1,4929,p1,1359,1.922e-05,10.0509,10
1,4930,p1,1417,1.97417e-05,10.0471,10
1,4931,p1,1320,1.93661e-05,10.0613,10
1,4932,p1,1139,1.94767e-05,10.0821,10
1,4933,p1,1269,2.0709e-05,10.0673,10
1,4934,p1,1429,1.96642e-05,10.0436,10
1,4935,p1,1332,1.84942e-05,10.0482,10
1,4936,p1,1311,1.91689e-05,10.0429,10
1,4937,p1,1269,1.87971e-05,10.0306,10
1,4938,p1,1386,1.8646e-05,10.0356,10
1,4939,p1,1342,1.89627e-05,10.0241,10
1,4940,p1,1433,1.82995e-05,10.0417,10
1,4941,p1,1148,1.79627e-05,10.0279,10
1,4942,p1,1402,1.91208e-05,10.0354,10
1,4943,p1,1329,1.85782e-05,10.0454,10
1,4944,p1,1276,1.9304e-05,10.017,10
1,4945,p1,1277,1.90763e-05,10.049,10
1,4946,p1,1322,1.90235e-05,10.0293,10
1,4947,p1,1345,2.01549e-05,10.0211,10
1,4948,p1,1227,2.03331e-05,10.0478,10
1,4949,p1,1263,1.8936e-05,10.0443,10
1,4950,p1,1348,1.98906e-05,10.0505,10
1,4951,p1,1294,2.0828e-05,10.0345,10
1,4952,p1,1250,1.96904e-05,10.0463,10
1,4953,p1,1414,2.10277e-05,10.052,10
1,4954,p1,1329,2.08087e-05,10.0409,10
1,4955,p1,1253,2.17171e-05,10.0404,10
1,4956,p1,1236,2.07304e-05,10.0422,10
1,4957,p1,1361,2.15888e-05,10.0084,10
1,4958,p1,1331,2.1289e-05,10.0132,10
1,4959,p1,1385,2.21705e-05,10.0102,10
1,4960,p1,1378,2.24e-05,10.0006,10
1,4961,p1,1373,2.19929e-05,10.0167,10
1,4962,p1,1295,2.13379e-05,10.0431,10
1,4963,p1,1240,2.17155e-05,10.0232,10
1,4964,p1,1362,2.23307e-05,10.048,10
1,4965,p1,1323,2.21186e-05,10.0009,10
1,4966,p1,1386,2.32094e-05,10.0141,10
1,4967,p1,1214,2.35807e-05,10.0299,10
1,4968,p1,1280,2.317e-05,10.0273,10
1,4969,p1,1332,2.38902e-05,10.0308,10
1,4970,p1,1315,2.3902e-05,10.0279,10
1,4971,p1,1156,2.53297e-05,10.0609,10
1,4972,p1,1313,2.40826e-05,10.0341,10
1,4973,p1,1440,2.49174e-05,10.0479,10
1,4974,p1,1317,2.52735e-05,10.0099,10
1,4975,p1,1305,2.81385e-05,10.0443,10
1,4976,p1,1371,2.56911e-05,10.0499,10
1,4977,p1,1130,2.63191e-05,10.0513,10
1,4978,p1,1321,2.67135e-05,10.0335,10
1,4979,p1,1449,2.63949e-05,10.0357,10
1,4980,p1,1251,2.51704e-05,10.0294,10
1,4981,p1,1401,2.51799e-05,10.0269,10
1,4982,p1,1207,2.51761e-05,10.0389,10
1,4983,p1,1420,2.38262e-05,10.031,10
1,4984,p1,1305,2.33972e-05,10.0201,10
1,4985,p1,1325,2.49767e-05,10.0419,10
1,4986,p1,1352,2.38337e-05,10.0519,10
1,4987,p1,1314,2.34152e-05,10.0031,10
1,4988,p1,1446,2.51498e-05,9.99471,10
1,4989,p1,1348,2.45402e-05,10.0586,10
1,4990,p1,1291,2.46196e-05,10.0214,10
1,4991,p1,1319,2.41754e-05,10.0226,10
1,4992,p1,1381,2.35901e-05,10.0202,10
1,4993,p1,1333,2.48842e-05,10.0296,10
1,4994,p1,1357,2.36294e-05,10.0278,10
1,4995,p1,1303,2.29921e-05,9.98722,10
1,4996,p1,1287,2.22847e-05,10.0174,10
1,4997,p1,1321,2.34272e-05,10.0467,10
1,4998,p1,1335,2.40819e-05,10.0101,10
1,4999,p1,1299,2.20716e-05,10.0059,10
1,5000,p1,1385,2.42962e-05,10.0101,10
